  3.0200000e+000 -1.7400000e+000  7.4000000e-001  3.3000000e-001 -1.3200000e+000
  3.6200000e+000 -4.0400000e+000  1.5400000e+000  2.5400000e+000 -1.9000000e-001
  5.1400000e+000  1.7900000e+000  7.7500000e+000 -1.7100000e+000  5.1100000e+000
  2.8400000e+000 -2.1300000e+000  2.1800000e+000 -2.0300000e+000 -6.6000000e-001
  2.9600000e+000  4.4000000e-001  2.1600000e+000 -3.8000000e-001  2.8400000e+000
  6.4000000e-001  1.5000000e-001 -3.3800000e+000  1.9000000e+000 -1.3900000e+000
  2.6100000e+000  7.6300000e+000  1.4100000e+000  6.4000000e-001  1.9000000e-001
 -3.2500000e+000 -3.3100000e+000 -4.8000000e-001  5.0000000e-002 -1.0800000e+000
  6.9600000e+000  4.2400000e+000  1.0600000e+000 -6.7000000e-001  1.0000000e-001
  3.5700000e+000  1.1020000e+001  3.8100000e+000 -8.6000000e-001 -2.0700000e+000
 -2.9600000e+000  9.6900000e+000  1.4200000e+000 -1.2600000e+000 -1.6100000e+000
 -5.0700000e+000 -7.0000000e-001 -1.3300000e+000  2.0800000e+000 -1.8000000e+000
 -1.0630000e+001 -4.7500000e+000  1.8200000e+000 -1.4500000e+000  4.8500000e+000
  5.4900000e+000 -9.9000000e-001 -3.0600000e+000  1.4600000e+000 -2.6800000e+000
  1.2630000e+001  1.3070000e+001 -1.5000000e-001  3.3200000e+000 -5.4200000e+000
  1.8500000e+000  9.2500000e+000 -6.9000000e-001 -2.0000000e-001 -4.3600000e+000
  6.6600000e+000  6.0900000e+000  1.5900000e+000 -9.5000000e-001  3.0200000e+000
  3.2000000e-001  5.8400000e+000 -5.5600000e+000  1.4100000e+000 -5.1700000e+000
 -7.5700000e+000  2.2000000e-001  5.2000000e+000 -3.1400000e+000  8.0400000e+000
  1.1600000e+001  1.1890000e+001  5.8000000e-001  6.9000000e-001 -2.4700000e+000
  2.6900000e+000  3.5100000e+000  6.6600000e+000 -5.8800000e+000  4.9400000e+000
  1.7600000e+000  5.5900000e+000  2.0700000e+000 -2.7800000e+000  2.1500000e+000
 -4.5300000e+000 -5.2800000e+000  2.2600000e+000 -5.8000000e-001  1.8700000e+000
 -6.0300000e+000 -6.9100000e+000 -5.6000000e-001  3.8500000e+000 -1.3000000e-001
 -5.3700000e+000 -1.7100000e+000 -5.6100000e+000  6.0100000e+000 -2.8400000e+000
 -1.4500000e+000 -2.5700000e+000 -7.4300000e+000  3.3300000e+000 -3.9200000e+000
 -4.2000000e+000 -1.4300000e+000  1.1170000e+001 -5.2800000e+000  1.1240000e+001
 -2.3980000e+001 -1.3980000e+001  1.1330000e+001 -2.4100000e+000  1.3130000e+001
  1.5400000e+001  8.7500000e+000 -3.1300000e+000  9.3000000e-001 -3.8600000e+000
  7.9100000e+000 -5.7200000e+000  2.6600000e+000  3.7900000e+000  4.1500000e+000
  1.0250000e+001  1.1090000e+001 -3.7700000e+000  6.0000000e-001 -3.6400000e+000
 -9.0000000e-001 -3.0200000e+000 -2.7300000e+000  1.5200000e+000 -8.2000000e-001
 -1.8500000e+000 -1.4000000e+000 -1.4000000e-001  2.7000000e+000  2.6900000e+000
  3.5600000e+000 -1.6700000e+000 -2.6200000e+000  3.2400000e+000 -3.4400000e+000
  5.9800000e+000  6.4800000e+000 -2.4400000e+000  1.7400000e+000 -4.6000000e-001
 -8.6000000e-001 -3.2700000e+000 -5.1000000e+000  3.6800000e+000 -3.1500000e+000
  1.3900000e+000 -8.5400000e+000  5.8500000e+000  5.0000000e-001  2.8000000e-001
  5.6900000e+000 -4.9400000e+000  3.6300000e+000  5.9000000e-001  1.0000000e+000
 -9.4100000e+000 -9.6300000e+000  7.3700000e+000 -1.1300000e+000  1.7600000e+000
 -1.0050000e+001 -1.2180000e+001  7.5600000e+000 -3.2000000e-001  1.4000000e+000
  5.8000000e+000  8.1200000e+000 -1.5000000e+000 -3.5900000e+000 -1.2000000e-001
 -1.3600000e+001 -1.3390000e+001  1.0410000e+001 -8.4400000e+000  6.7200000e+000
 -3.1800000e+000  1.2740000e+001  7.8400000e+000 -1.6300000e+000  7.1300000e+000
 -1.2710000e+001 -4.1500000e+000 -3.9000000e-001  8.9000000e+000  5.0000000e+000
 -2.9760000e+001  3.7000000e+000  1.4200000e+001 -8.3500000e+000  1.3830000e+001
  7.6100000e+000 -1.2420000e+001 -8.9500000e+000 -4.1500000e+000  3.8800000e+000
  2.0900000e+001  1.3730000e+001  4.6900000e+000  1.6500000e+000 -4.1500000e+000
  1.4090000e+001  3.3800000e+000 -3.7000000e+000 -2.2700000e+000 -7.6000000e-001
 -1.3700000e+001  5.6000000e-001  1.1400000e+000  2.3000000e+000  8.3000000e-001
  6.3500000e+000 -5.1900000e+000  4.0400000e+000 -9.8000000e-001  4.4100000e+000
  1.4230000e+001  1.1740000e+001  1.2920000e+001 -4.6600000e+000  6.9500000e+000
  1.1900000e+000 -2.1000000e+000 -5.3000000e-001  2.4900000e+000 -1.7100000e+000
  4.8000000e-001 -1.3400000e+000  2.1700000e+000 -6.0000000e-001 -1.3900000e+000
 -5.0000000e-001  1.2060000e+001  7.8400000e+000 -2.3200000e+000  3.8600000e+000
 -3.0800000e+000  2.9400000e+000  4.9000000e+000 -2.5000000e+000  7.4000000e-001
  1.4900000e+000  5.0000000e+000 -4.5000000e-001  1.8700000e+000 -8.8000000e-001
 -6.4600000e+000  3.9600000e+000 -1.5700000e+000  2.0200000e+000 -1.7400000e+000
 -1.9300000e+000  7.7300000e+000  3.3600000e+000 -7.1000000e-001  1.5800000e+000
  9.0400000e+000  6.8300000e+000 -1.2000000e+000  2.1800000e+000  1.5900000e+000
  5.0800000e+000  6.2200000e+000 -9.8000000e-001  2.7000000e-001 -3.2000000e-001
 -1.0140000e+001 -7.5000000e+000  2.9400000e+000  9.9000000e-001  3.3000000e+000
  7.8700000e+000  7.3800000e+000 -2.2800000e+000  1.0800000e+000 -1.2800000e+000
  1.9300000e+000  3.4700000e+000  6.5000000e-001 -5.1000000e-001  1.3000000e+000
  1.5500000e+000  3.6700000e+000  4.1900000e+000 -1.3100000e+000 -1.0600000e+000
  5.4100000e+000  2.6700000e+000 -7.6000000e-001  2.1300000e+000 -2.4000000e-001
 -1.2700000e+000  2.7500000e+000 -7.0800000e+000  7.3000000e-001 -2.5700000e+000
 -9.1000000e+000 -7.6900000e+000  1.0300000e+000 -5.9000000e-001  3.6900000e+000
  1.2200000e+001  4.2500000e+000  4.7000000e-001 -1.7000000e+000 -1.0100000e+000
  1.0430000e+001  8.1900000e+000 -1.3190000e+001  7.5700000e+000 -5.8800000e+000
  5.9600000e+000 -1.2800000e+000 -8.0700000e+000  4.2900000e+000 -5.3100000e+000
 -7.8000000e-001  5.5500000e+000  8.3800000e+000 -5.3000000e+000  5.8900000e+000
 -4.3600000e+000  6.1400000e+000  7.1100000e+000 -3.0000000e-001  2.6300000e+000
 -1.5860000e+001 -6.6000000e+000  9.6800000e+000  8.3000000e-001  1.3000000e+000
  4.5500000e+000  1.8600000e+000 -1.4000000e+000  3.6700000e+000  2.9000000e-001
 -1.0830000e+001 -9.9000000e-001  1.2950000e+001 -6.6000000e+000  9.2100000e+000
 -3.8500000e+000  1.0400000e+000  5.9000000e-001  2.3100000e+000  2.4100000e+000
  9.0200000e+000 -7.0000000e-001  1.3900000e+000  1.5400000e+000  1.6000000e+000
  1.6320000e+001  5.5900000e+000 -5.3600000e+000 -1.5000000e-001  8.7000000e-001
  9.1100000e+000  7.1200000e+000  1.8000000e+000 -2.0600000e+000  3.2200000e+000
  1.0100000e+001  7.5100000e+000 -4.6300000e+000  2.2000000e-001 -7.8000000e-001
 -3.5800000e+000 -3.2200000e+000  1.2170000e+001  1.5200000e+000  5.3800000e+000
 -3.0700000e+000 -2.6800000e+000  6.2600000e+000  1.2000000e-001  5.0000000e+000
 -6.1100000e+000 -2.0700000e+000  1.1520000e+001 -9.4000000e-001  5.6400000e+000
 -4.7100000e+000 -8.7000000e-001 -1.2100000e+000  8.7600000e+000 -1.3100000e+000
  6.3500000e+000 -2.7200000e+000  4.0100000e+000  4.6000000e+000 -6.6000000e-001
 -6.7000000e-001 -3.1500000e+000  4.5900000e+000  3.3200000e+000 -6.6000000e-001
  8.1300000e+000  2.4000000e+000 -1.4000000e+000  2.1100000e+000  7.7000000e-001
  5.3200000e+000 -2.2000000e+000  3.1900000e+000  4.5400000e+000 -1.6700000e+000
 -6.2700000e+000  8.0000000e-001  2.0700000e+000  1.1200000e+000  3.4900000e+000
  1.4070000e+001 -2.0500000e+000 -3.4600000e+000  1.7900000e+000 -5.0400000e+000
  1.2430000e+001 -3.9000000e-001 -7.3000000e-001  2.5000000e-001 -2.4300000e+000
  4.4100000e+000  6.4000000e-001 -1.7500000e+000  6.7900000e+000  2.0100000e+000
 -9.3700000e+000 -6.0300000e+000  1.1770000e+001 -2.5100000e+000  7.5400000e+000
  2.5200000e+000 -4.1400000e+000 -1.2000000e+000  2.2100000e+000  1.4800000e+000
  1.7830000e+001  1.9600000e+000 -7.1400000e+000  8.9000000e-001  1.6000000e-001
  2.0900000e+000 -4.5500000e+000  7.6000000e-001  1.9100000e+000  3.4100000e+000
  4.7200000e+000 -1.6600000e+000 -3.6082248e-016  5.8000000e-001  1.9100000e+000
 -2.4310000e+001 -8.8100000e+000  3.8800000e+000  3.1700000e+000  1.4200000e+000
  7.0000000e+000  8.4900000e+000  3.9700000e+000  5.1000000e-001  3.8500000e+000
  5.2200000e+000  3.1000000e-001  2.8700000e+000  4.8000000e-001 -9.2000000e-001
 -1.2100000e+000 -1.5600000e+000  3.6500000e+000  2.6000000e-001  2.8300000e+000
  4.7000000e-001 -2.8300000e+000  1.3100000e+000  1.7300000e+000  2.3200000e+000
  5.2900000e+000  1.2500000e+000  1.7600000e+000 -1.5800000e+000  2.7100000e+000
  6.2100000e+000 -1.8500000e+000 -7.0000000e-002  1.3200000e+000  9.3000000e-001
  7.6900000e+000 -2.9900000e+000 -3.3200000e+000  3.5800000e+000 -5.2000000e-001
 -1.2700000e+000 -7.1600000e+000 -2.1200000e+000 -7.7000000e-001  2.6000000e+000
 -5.0300000e+000  1.1100000e+000 -1.2100000e+000  3.5000000e-001  1.0000000e-002
  3.7100000e+000 -1.3700000e+000 -8.2000000e+000  2.2100000e+000 -2.8100000e+000
 -1.8370000e+001 -1.1740000e+001  2.2500000e+000 -7.4000000e-001  1.0210000e+001
  6.9700000e+000 -4.8200000e+000 -4.3100000e+000  6.7200000e+000 -7.0700000e+000
  1.4390000e+001  1.0870000e+001 -3.5800000e+000  9.3000000e-001 -5.2500000e+000
 -1.5600000e+000  5.4000000e-001  2.0500000e+000  4.4500000e+000 -1.0500000e+000
  5.0300000e+000  2.0000000e+000 -3.1000000e+000  5.8000000e-001 -1.6700000e+000
  7.4900000e+000 -2.2400000e+000 -6.1100000e+000  2.5600000e+000 -3.1400000e+000
 -2.1300000e+000  9.3400000e+000  1.4180000e+001 -1.0500000e+000  7.0500000e+000
 -8.5000000e-001 -8.3800000e+000  9.0400000e+000  6.7000000e-001  3.7700000e+000
  2.5400000e+000 -5.9000000e-001 -1.8000000e+000  6.7300000e+000 -3.0900000e+000
  6.6600000e+000  7.2800000e+000 -1.0100000e+000  1.0000000e-002 -1.8200000e+000
  3.4300000e+000 -1.3600000e+000  1.3450000e+001 -2.3300000e+000  7.8000000e+000
  1.8000000e-001  1.0500000e+000  1.9800000e+000 -4.6000000e+000  1.6900000e+000
  3.2100000e+000  4.1800000e+000  2.3100000e+000 -2.5000000e+000  1.8700000e+000
  1.1900000e+000  1.4700000e+000 -1.2500000e+000  2.4900000e+000 -8.0000000e-001
 -4.5200000e+000  1.4500000e+000  2.0400000e+000  1.1400000e+000  1.6600000e+000
 -1.6000000e+000 -4.0200000e+000  3.4800000e+000  2.8000000e+000  3.3100000e+000
  4.4200000e+000  2.0200000e+000 -4.2300000e+000  1.0800000e+000 -3.1000000e-001
 -1.7900000e+000 -2.3900000e+000 -2.2200000e+000  2.2300000e+000 -8.5000000e-001
  7.5100000e+000 -3.9400000e+000  1.0000000e-002  1.5500000e+000 -9.8000000e-001
  7.6500000e+000  4.7000000e-001  6.2000000e-001  2.4000000e-001 -1.2700000e+000
  7.5600000e+000  2.1600000e+000 -1.2400000e+000  1.1800000e+000  1.6000000e-001
  3.4700000e+000 -4.7200000e+000  1.5300000e+000 -4.0000000e-001  3.8200000e+000
  4.4400000e+000  8.2000000e-001 -7.8000000e-001  1.8700000e+000 -4.5000000e-001
  3.3400000e+000  3.9000000e+000 -3.3600000e+000  3.2200000e+000 -1.2100000e+000
  1.7200000e+000 -2.7000000e+000  3.7000000e-001  4.5800000e+000 -1.8300000e+000
  5.3500000e+000 -4.2100000e+000  5.9100000e+000  4.3600000e+000  3.7900000e+000
 -5.9000000e-001 -4.6300000e+000  6.4600000e+000  3.3400000e+000  4.9600000e+000
  1.4700000e+001 -4.0000000e-002 -4.3400000e+000  4.5900000e+000 -3.0600000e+000
  8.2500000e+000  7.3700000e+000  9.4000000e-001 -2.2200000e+000 -3.3200000e+000
  9.6000000e-001 -7.9400000e+000  6.5800000e+000  4.8000000e+000  5.2200000e+000
  1.1760000e+001 -1.9200000e+000 -1.8100000e+000 -9.2000000e-001 -3.5700000e+000
  9.7000000e-001 -6.5700000e+000  2.2300000e+000 -1.1200000e+000 -8.1000000e-001
 -1.2970000e+001 -1.3320000e+001  9.4000000e-001  1.0700000e+000  4.3500000e+000
  1.9160000e+001 -3.6800000e+000 -1.0870000e+001  6.0000000e-002 -4.5500000e+000
  3.1200000e+000 -1.0010000e+001 -6.8500000e+000 -6.8600000e+000 -3.9500000e+000
  6.9200000e+000  1.0270000e+001  2.1000000e-001 -1.8000000e-001  6.9000000e-001
 -7.3300000e+000  3.0100000e+000 -3.6800000e+000 -1.3000000e+000  2.3800000e+000
  1.7080000e+001  4.1000000e+000 -1.9040000e+001 -1.0910000e+001 -7.4900000e+000
  3.1900000e+000  6.2400000e+000 -4.0300000e+000 -1.1420000e+001  1.6500000e+000
 -5.4000000e+000  7.4000000e-001  2.8200000e+000  4.6300000e+000  3.4000000e+000
 -1.0800000e+000 -2.1200000e+000  1.4090000e+001  5.2100000e+000  9.4400000e+000
 -1.2050000e+001 -2.7000000e-001  2.3270000e+001  2.3320000e+001  1.6750000e+001
 -1.4010000e+001  1.0390000e+001  1.4850000e+001  8.0600000e+000  8.5200000e+000
  6.9800000e+000  9.3500000e+000 -4.3600000e+000 -1.4000000e+000 -3.2500000e+000
 -1.7790000e+001 -7.1900000e+000  1.1400000e+001  1.5930000e+001  1.3490000e+001
  1.1660000e+001  1.0110000e+001 -5.9800000e+000 -4.0200000e+000 -6.2200000e+000
  7.2000000e-001  4.2900000e+000  8.5800000e+000  1.0510000e+001  8.6800000e+000
 -1.3790000e+001  6.6500000e+000  8.2600000e+000  1.0730000e+001  1.0390000e+001
 -1.7430000e+001 -5.2800000e+000 -8.6000000e-001  8.5700000e+000 -4.7700000e+000
  8.2500000e+000 -8.8000000e-001 -3.5100000e+000 -5.5100000e+000  4.0100000e+000
 -2.7800000e+000  2.1000000e-001 -4.0700000e+000  2.2300000e+000 -4.8000000e-001
  1.5490000e+001  7.3400000e+000  6.5000000e-001 -9.6500000e+000  3.6800000e+000
  3.6200000e+000  7.8000000e+000  4.4000000e-001 -4.6200000e+000  4.3900000e+000
  1.1590000e+001  2.5500000e+000  5.6700000e+000 -1.6200000e+000  4.2700000e+000
  2.3800000e+000  3.9900000e+000  2.0400000e+000 -4.0000000e-002  1.1500000e+000
  1.3400000e+000 -1.9000000e-001 -4.1000000e-001  2.1500000e+000 -3.1700000e+000
 -2.3600000e+000 -1.0500000e+000  6.0900000e+000  4.9600000e+000 -4.8200000e+000
  9.3900000e+000  4.4200000e+000  6.3000000e-001 -2.4200000e+000  8.9000000e-001
 -2.7900000e+000 -3.0000000e+000  7.2900000e+000  3.8800000e+000 -4.5000000e-001
  1.6700000e+000  1.6900000e+000  1.0700000e+000  7.0000000e-001 -1.0400000e+000
  3.1900000e+000  1.4900000e+000  2.1300000e+000 -3.2000000e+000 -9.0000000e-001
  1.3800000e+000 -7.2000000e-001 -1.9500000e+000 -1.5000000e-001 -2.2400000e+000
  4.2600000e+000  8.4500000e+000  2.3000000e-001 -1.9400000e+000  1.1900000e+000
 -3.0600000e+000 -3.9700000e+000  7.5100000e+000  2.8900000e+000  1.1300000e+000
  3.2300000e+000 -4.3400000e+000  1.1500000e+000  1.5100000e+000  3.5700000e+000
  5.7900000e+000  1.9400000e+000  3.4000000e+000 -1.4100000e+000  1.3200000e+000
  2.9000000e-001  1.5600000e+000  6.4000000e-001 -1.1900000e+000 -1.0200000e+000
  4.7500000e+000 -9.2000000e-001 -2.1000000e+000  2.5100000e+000 -2.0000000e-001
  7.4000000e-001 -5.7900000e+000 -7.5700000e+000 -1.1700000e+000 -4.7600000e+000
 -3.5000000e+000 -2.6700000e+000 -3.1300000e+000  1.5300000e+000 -1.5200000e+000
 -9.9100000e+000 -2.6000000e-001  3.4200000e+000  3.8300000e+000  1.5200000e+000
 -2.0900000e+000  3.0600000e+000 -1.6800000e+000  4.6600000e+000 -2.8600000e+000
 -7.5000000e+000  7.8900000e+000  1.1960000e+001  4.3300000e+000  3.7300000e+000
 -1.9630000e+001 -4.2000000e+000 -8.0000000e+000  9.5300000e+000  2.7600000e+000
 -8.6100000e+000 -2.5800000e+000 -1.3890000e+001 -1.8000000e+000 -4.6200000e+000
  1.6100000e+001  6.4500000e+000  4.2500000e+000 -3.3000000e+000 -2.2700000e+000
  1.5130000e+001  5.3700000e+000  1.3520000e+001 -2.2900000e+000  6.4000000e+000
  5.8900000e+000 -1.7100000e+000 -3.2700000e+000  5.6800000e+000 -1.6200000e+000
  6.2700000e+000  3.4800000e+000  5.5800000e+000 -2.4800000e+000  3.6500000e+000
 -1.1170000e+001  2.5800000e+000 -3.4200000e+000  1.1500000e+000  7.0000000e-002
  1.1340000e+001  7.0000000e-001 -3.7900000e+000  3.4000000e-001  2.6000000e-001
  1.1190000e+001  5.1200000e+000  4.7000000e-001 -1.9300000e+000  4.8300000e+000
  6.1000000e+000  2.1800000e+000  1.2100000e+000 -1.5600000e+000  1.5200000e+000
  6.0000000e-002 -6.7000000e-001 -4.4200000e+000  5.1100000e+000 -4.0400000e+000
 -1.4930000e+001 -8.4600000e+000 -3.8100000e+000  6.5300000e+000 -2.0100000e+000
  1.2140000e+001  3.4900000e+000  8.0000000e-001  5.7000000e-001  3.1400000e+000
  1.2460000e+001  6.3000000e-001 -1.9900000e+000 -1.0500000e+000 -6.8000000e-001
 -3.1000000e+000  2.7000000e-001  3.4000000e-001  1.4700000e+000  3.4900000e+000
  6.1600000e+000 -1.3300000e+000  2.1300000e+000 -9.8000000e-001  7.9000000e-001
  3.9000000e-001  1.5600000e+000  6.3200000e+000 -2.0400000e+000  4.0900000e+000
  1.0770000e+001  9.8000000e-001  1.5300000e+000 -2.7500000e+000  3.1200000e+000
  3.3800000e+000  1.4100000e+000  1.3000000e+000 -1.0600000e+000 -4.5000000e-001
  6.5600000e+000  4.3700000e+000 -3.3600000e+000 -6.2000000e-001 -2.9500000e+000
  1.0080000e+001 -4.2000000e-001  7.5000000e-001  2.9000000e+000  9.4000000e-001
  1.7600000e+000 -3.7000000e-001  2.2000000e+000 -3.4000000e+000 -7.0000000e-002
  4.5400000e+000 -2.9300000e+000  5.9000000e-001  1.5300000e+000 -1.8600000e+000
  2.7000000e-001 -7.7700000e+000 -2.6000000e+000  1.9700000e+000 -9.4000000e-001
  5.2400000e+000  4.1600000e+000 -3.6300000e+000 -6.5000000e-001  1.0300000e+000
