  9.5626700e+000 -8.3363000e-001  1.4563200e+000  8.7987000e-001 -9.8260000e-001
  3.6102320e+001 -1.6209100e+000  4.9658000e+000 -2.3259200e+000 -6.1256600e+000
  5.5006200e+000  1.9375700e+000  4.8548000e+000 -3.5248300e+000 -8.6893000e-001
  8.7605200e+000 -2.0946000e-001  3.2088400e+000 -1.5382300e+000  1.0357300e+000
  6.7285200e+000  1.1378000e-001 -7.8268000e-001  7.7040000e-002 -2.6580200e+000
  7.9335700e+000  1.0543400e+000  2.1128000e+000 -1.5476500e+000 -3.6004000e-001
  4.7682600e+000  2.9704800e+000  5.4282000e-001 -1.2184800e+000 -1.2847400e+000
  2.7286960e+001  1.4714710e+001 -1.2847000e-001  1.6237800e+000 -5.5590600e+000
  1.0758800e+001  2.8775000e+000 -7.4800000e-001  1.6767500e+000 -2.1057000e+000
  1.0412770e+001  1.5485080e+001  2.6848700e+000 -5.8557600e+000 -4.1676300e+000
  2.3035110e+001  1.6894430e+001  1.0354330e+001 -8.8473800e+000 -1.9535600e+000
  4.8328950e+001  3.2386430e+001  6.9401000e+000 -2.4497100e+000 -5.8133800e+000
  7.5624320e+001  1.0379140e+001 -2.1945700e+001  1.4308400e+001 -3.0090620e+001
  3.9471780e+001  4.3865200e+000 -1.4428180e+001  1.2879180e+001 -2.3153780e+001
  2.7266600e+001  1.5242390e+001  2.4472800e+000  6.9715600e+000 -7.7749900e+000
  4.5979640e+001  2.5125920e+001 -9.6245100e+000  1.6486900e+000 -2.1152000e+001
  1.0712280e+001  6.0329200e+000 -1.2567000e+000  1.3704600e+000 -3.4282800e+000
  2.6684470e+001  1.4999980e+001 -6.4058500e+000  2.6579200e+000 -1.1457860e+001
  4.2345300e+001  2.6080180e+001 -1.3201460e+001  4.6765800e+000 -2.0846340e+001
  2.0221810e+001  1.4595690e+001  3.9657300e+000 -1.8747000e-001 -8.3466000e+000
  1.8447270e+001  8.1179400e+000 -1.2915360e+001  2.6840000e+000 -5.7879300e+000
  8.9293400e+000  1.8871200e+000 -1.3555200e+000 -5.0710000e-001 -2.9836000e+000
  2.2373830e+001  1.1303390e+001 -6.7862800e+000 -2.0786000e+000 -1.7138000e+000
  2.5698310e+001  1.1152110e+001 -4.6111400e+000 -6.2701900e+000 -2.1118300e+000
  6.7019640e+001  1.6374620e+001 -3.3926700e+001 -6.0437700e+000 -2.7113320e+001
  4.2393220e+001  1.6633440e+001 -1.8994050e+001 -6.1591300e+000 -1.8136450e+001
  2.9276260e+001  4.0019500e+000 -4.9028700e+000 -1.0650200e+000 -9.1961300e+000
  1.8579514e+002  5.6729550e+001 -1.0885705e+002  1.2273260e+001 -9.0925200e+001
  7.0219750e+001  2.1961310e+001 -2.5501250e+001 -8.0321000e-001 -3.3591150e+001
  2.6032070e+001  1.2236640e+001 -4.7928600e+000 -5.4902300e+000 -9.0910900e+000
  2.5233530e+001  1.7751090e+001 -2.3675100e+000 -4.1266400e+000 -7.8862400e+000
  2.3719340e+001  6.1196600e+000 -1.0975000e-001 -4.1213200e+000 -2.1914000e+000
  5.0502290e+001  7.1288600e+000  6.8439600e+000 -5.0818800e+000  3.5870300e+000
  5.4231050e+001  1.2378020e+001 -2.7127000e-001 -6.7029100e+000 -6.4160200e+000
  1.4489380e+001  5.7434000e+000 -2.2240000e-001 -3.0303600e+000  6.6000000e-004
  2.0205110e+001  5.2482500e+000 -6.6429000e-001 -3.4456900e+000 -7.9791000e-001
  1.6610150e+001 -5.5316000e-001 -6.6533000e+000  1.3163400e+000 -1.6330300e+000
  1.3587740e+001  1.2675000e+000 -3.2087200e+000  6.6551000e-001 -4.3232000e-001
  3.8134690e+001  5.1643700e+000 -1.2070720e+001  1.8626600e+000  2.1937000e-001
  8.1380740e+001  2.3885800e+000 -2.8674610e+001  2.7466600e+000  9.2211000e-001
  4.3092380e+001  5.8922800e+000 -1.7896920e+001  3.0268200e+000 -9.0591800e+000
  1.2038464e+002  9.3770000e+000 -2.7092340e+001  7.7285000e+000 -2.9332200e+000
  7.7620300e+001 -9.2118000e+000 -1.1512160e+001  3.0206100e+000 -1.4501800e+000
  7.4836940e+001 -1.5821040e+001 -9.9944800e+000 -5.1497000e+000 -9.2218400e+000
  1.8196569e+002 -5.6571630e+001 -3.8162080e+001  1.8261530e+001 -4.7860490e+001
  1.4200638e+002 -5.1140520e+001 -3.9423110e+001  1.3155950e+001 -2.5164240e+001
  7.4117850e+001  1.5437800e+000 -7.2761000e+000  8.9602600e+000 -1.4400780e+001
  4.4721840e+001 -7.0928300e+000 -2.7695900e+000  1.6116500e+000 -4.0292600e+000
  7.7055240e+001 -1.5869420e+001  9.2444000e-001  1.5996400e+000 -4.8157000e-001
  4.2819380e+001 -7.7538800e+000  4.5267000e+000  2.8737600e+000 -1.0666000e-001
  4.3061560e+001  8.7995000e-001  1.7466300e+001  7.6102000e-001  4.8584500e+000
  3.6370770e+001 -2.8312400e+000  9.6442200e+000  6.7237000e-001  1.6749300e+000
  2.0292740e+001 -6.4683800e+000 -4.7945000e-001 -6.2071000e-001  1.7474300e+000
  3.8842670e+001 -8.5558200e+000 -2.6801900e+000 -6.6945000e-001  3.1431100e+000
  1.9851070e+001 -2.2495200e+000 -2.3786000e+000  7.2766000e-001 -1.4244600e+000
  1.5312680e+001 -1.4215000e+000 -2.4165600e+000  1.5574200e+000 -4.2164000e-001
  1.6310400e+001 -2.6171000e+000 -3.7039500e+000  8.5982000e-001  1.4562800e+000
  3.3281630e+001 -3.3449400e+000 -9.7210900e+000  5.3163100e+000 -5.6608000e-001
  2.3396380e+001 -6.1361400e+000 -7.5077000e+000  2.8218300e+000  5.3213000e-001
  2.4768980e+001 -4.9033800e+000 -8.1279900e+000  3.8918700e+000 -7.3548000e-001
  5.5720290e+001  2.9170060e+001 -1.0343160e+001  6.7085500e+000 -7.8557400e+000
  7.2884770e+001  1.0461040e+001 -2.3924580e+001  1.6393580e+001 -1.0918560e+001
  1.6119380e+001  2.4981500e+000 -2.8859600e+000  2.1420300e+000 -9.3067000e-001
  2.6744300e+001  1.5940900e+000 -3.8950800e+000  3.6555100e+000 -4.2634800e+000
  3.3769610e+001 -3.2380800e+000 -7.0703100e+000  6.9263800e+000 -3.4315600e+000
  7.3269620e+001  1.3523590e+001 -1.2444990e+001  4.6118100e+000 -1.0377170e+001
  9.7894290e+001  3.2058410e+001 -1.3197510e+001 -1.1050740e+001 -5.2071600e+000
  5.1385250e+001 -7.7835300e+000 -9.9792700e+000  5.3573600e+000 -5.1410200e+000
  8.3027960e+001 -4.4039600e+000 -4.2490520e+001  2.1564320e+001 -2.2361780e+001
  9.5914180e+001 -1.5796520e+001 -4.8967750e+001  1.4966370e+001 -2.7584190e+001
  6.0467180e+001 -4.2001400e+000 -3.3511710e+001  9.5419700e+000 -1.6583940e+001
  2.2837460e+001 -5.6259800e+000 -1.0489230e+001  1.8827800e+000 -5.7691900e+000
  7.3712940e+001  7.4490900e+000 -4.2009690e+001  4.5872900e+000 -2.4240120e+001
  4.1593030e+001 -9.5739400e+000 -1.9888360e+001  2.8724000e+000 -9.9396800e+000
  5.8269080e+001 -1.0400640e+001 -4.8466580e+001  1.6540820e+001 -2.9104640e+001
  3.2237150e+001 -7.6776200e+000 -1.5622170e+001  5.1434700e+000 -9.3975300e+000
  9.7416100e+001 -3.8070380e+001 -1.6803340e+001 -2.1044100e+000 -1.3417250e+001
  1.5924285e+002 -3.9830300e+001 -4.6403550e+001  8.6486400e+000 -2.0437120e+001
  5.8852350e+001 -1.0339270e+001 -1.6976340e+001  1.4197000e-001 -7.8941300e+000
  3.9625940e+001  2.5375800e+000 -9.1946600e+000 -4.5350800e+000 -2.6481200e+000
  4.9029560e+001 -8.7654000e+000 -2.2845600e+001 -5.5436700e+000 -5.1141300e+000
  1.6501440e+001  2.6953000e-001 -1.1932970e+001 -1.2719600e+000 -4.0523700e+000
  3.5609300e+001 -1.0403770e+001 -1.8326910e+001 -4.5563400e+000 -4.4257500e+000
  3.1561840e+001 -1.1679900e+001 -8.9093100e+000 -4.3030500e+000 -2.3001700e+000
  4.1674060e+001 -1.2108190e+001 -2.0380980e+001 -5.4168300e+000 -1.2490640e+001
  2.1894700e+001 -7.3798000e+000 -1.0279140e+001 -3.8502900e+000 -6.3932400e+000
  2.2721000e+001 -3.9010300e+000 -1.0097040e+001 -2.5950200e+000 -5.6596900e+000
  1.2129940e+001 -4.2978600e+000 -6.0906200e+000 -6.3566000e-001 -5.9724600e+000
  2.0056170e+001 -3.0460800e+000 -5.7291300e+000 -1.4809300e+000 -4.0743700e+000
  1.8545070e+001 -4.1243800e+000 -5.4291600e+000 -3.6514000e-001 -1.3599500e+000
  2.5196500e+001  1.6417400e+000  1.2827700e+000 -2.2776100e+000 -2.2744800e+000
  2.8932450e+001 -1.2612730e+001 -5.7146100e+000 -1.6496900e+000 -1.4137400e+000
  6.4888950e+001 -1.1979860e+001 -2.0661910e+001  1.1877500e+000 -6.8018700e+000
  1.9578530e+001 -5.9866200e+000 -3.4784900e+000 -6.7048000e-001  1.8208000e-001
  4.4041860e+001 -4.3891800e+000 -1.3294040e+001  4.3183000e-001 -1.4406700e+000
  4.8216380e+001 -1.6156030e+001 -9.6690000e-001  8.0834000e-001 -2.8532000e+000
  2.8102780e+001 -9.3904800e+000 -4.3461700e+000  4.2378800e+000 -2.5453800e+000
  6.7695535e+002 -1.3179670e+001 -1.5138660e+002 -3.3879940e+001 -6.6835800e+001
  8.7509160e+001 -2.7844370e+001 -1.5151770e+001  2.0872500e+000 -4.9861300e+000
  4.1224440e+001 -1.4399720e+001 -5.7573800e+000  2.1473700e+000 -4.8728400e+000
  2.7553930e+001 -1.5310630e+001 -7.8330600e+000  2.3835500e+000 -4.6555400e+000
  2.1231840e+001 -8.2894500e+000 -4.1375000e+000  5.7325000e-001 -2.4768300e+000
  2.6805500e+001 -9.8982000e+000 -4.1272000e+000 -2.6560000e-002 -4.5673600e+000
  2.5798240e+001 -1.1548120e+001 -4.3312800e+000  2.8146000e-001 -3.2621200e+000
  1.9987960e+001 -8.5785300e+000 -4.4059200e+000  1.8801900e+000 -2.2391000e+000
  7.2093520e+001 -2.9945070e+001 -1.3884030e+001  6.9163400e+000 -5.9916500e+000
  3.2242720e+001 -1.2009810e+001 -6.9648300e+000  2.5553500e+000 -3.5941700e+000
  2.8119620e+001 -1.2440810e+001 -7.2022200e+000  2.6671000e+000 -1.9543300e+000
  9.4414900e+001  5.3045200e+000 -4.4877790e+001  1.8248690e+001 -2.8388450e+001
  6.1816990e+001 -1.3573540e+001 -2.2179730e+001  7.3162400e+000 -1.4632910e+001
  7.3690450e+001 -4.4826400e+000 -2.3438480e+001  1.4556010e+001 -1.5261730e+001
  4.0777730e+001 -6.3986100e+000 -8.7206000e+000  1.5571400e+000 -1.3884600e+000
  3.8012390e+001 -5.9606000e+000 -4.0906000e+000  3.2110200e+000 -7.8050600e+000
  4.4747180e+001 -7.3021800e+000  2.8890200e+000 -1.1138800e+000 -3.6043600e+000
  2.2741550e+001  8.6855000e+000  3.9811000e+000 -2.5980500e+000 -2.7345000e-001
  3.4649680e+001  6.7685900e+000 -1.3058220e+001  8.5395000e-001 -4.6294600e+000
  2.4128940e+001 -2.9267400e+000 -6.9673800e+000 -1.4644000e-001 -3.3923800e+000
  1.8216020e+001 -7.2189000e-001 -5.7778600e+000 -2.8719400e+000 -1.9814700e+000
  1.9739850e+001 -7.7197000e-001  3.3849300e+000 -1.2615000e-001  2.6818800e+000
  1.7731980e+001 -4.2347400e+000  2.3366500e+000 -1.5247000e+000 -2.5040000e-001
  8.3420100e+000 -6.5753000e-001 -2.3770000e+000 -8.3872000e-001  2.4770000e-001
  9.9624000e+000  3.1763000e-001 -3.6644000e-001 -1.6691400e+000  9.6129000e-001
  2.5700620e+001  3.1738600e+000 -1.6664200e+000 -6.6673700e+000 -6.5035000e-001
  3.2958120e+001  4.7786000e+000 -7.9261900e+000 -5.8910000e+000 -8.4318800e+000
  1.4776430e+001 -3.9684500e+000 -1.2506900e+000 -2.7163800e+000 -2.4336200e+000
  2.2828050e+001 -1.9139600e+000 -4.0066300e+000 -1.9793500e+000 -3.9168300e+000
  7.6457600e+000 -9.1709000e-001  1.5434600e+000 -1.5984400e+000 -3.8993000e-001
  1.3580830e+001 -6.3445400e+000 -9.3373000e-001 -1.0462700e+000 -1.3877000e+000
  1.7063100e+001  1.4910000e+000 -2.7164300e+000 -1.3332100e+000 -6.3625700e+000
  1.5975290e+001  2.1008900e+000 -5.1987700e+000 -4.9534900e+000 -2.1642800e+000
  3.0059490e+001 -5.6741500e+000 -9.8209300e+000 -1.8394100e+000 -3.2137100e+000
  2.3657650e+001 -1.3646300e+000 -6.0681000e+000 -4.5097900e+000 -2.2886300e+000
  3.7994970e+001  6.4881100e+000 -2.5715410e+001 -5.6129500e+000 -1.5471180e+001
  2.0528200e+001 -1.0895980e+001 -5.5761800e+000  3.5298600e+000 -5.7108000e-001
  3.1287280e+001 -1.0209940e+001 -1.5531010e+001  5.3773700e+000 -4.9627400e+000
  4.0204910e+001 -1.3227780e+001 -1.2299960e+001  7.9984900e+000 -2.6379000e+000
  3.2442350e+001 -1.4035040e+001 -7.7358100e+000  2.9180600e+000 -5.9906700e+000
  8.5449120e+001 -4.2419800e+000 -3.0456980e+001 -3.2061100e+000 -1.9834200e+001
  3.3447350e+001 -2.8899300e+000 -1.1665690e+001  2.8950700e+000 -9.0277900e+000
  4.9769350e+001  2.4000300e+000 -1.9710970e+001 -2.3758400e+000 -1.4109110e+001
  2.9346666e+002 -2.7359520e+001 -1.0984134e+002 -8.6787400e+000 -1.0538400e+002
  1.2515106e+002  2.2475160e+001 -6.3927090e+001 -8.7777800e+000 -7.1790430e+001
  9.9342870e+001 -1.7266080e+001 -5.7008030e+001 -1.2913440e+001 -5.8054810e+001
  8.9044830e+001 -4.9201000e+000 -8.6069080e+001 -5.1325410e+001 -6.1728690e+001
  4.4861440e+001 -6.9403800e+000 -1.8491160e+001 -4.3029000e+000 -1.5407940e+001
  3.6032050e+001 -1.1791410e+001 -4.9290300e+000 -1.9889800e+000 -8.3134500e+000
  8.4171250e+001 -3.1001060e+001 -8.6067600e+000  8.6093400e+000 -2.3896200e+000
  1.1242702e+002  6.1789450e+001 -6.4268790e+001 -7.0967270e+001 -2.7240150e+001
  4.4678390e+001  1.2817510e+001 -3.0139590e+001 -2.7747200e+001 -2.4486650e+001
  1.8947253e+002  2.1135400e+000 -1.4120166e+002 -1.1992428e+002 -9.6364180e+001
  1.3707141e+002 -5.9951700e+000 -8.5489590e+001 -4.3410630e+001 -6.0252960e+001
  8.2761720e+001  1.9204400e+000 -4.3032480e+001 -2.3107640e+001 -2.9092000e+001
  1.4573852e+002  5.4296700e+000 -8.8857900e+000 -1.9579670e+001 -3.8480790e+001
  1.0380671e+002  9.2476700e+000 -4.1725310e+001 -3.3374340e+001 -5.4844990e+001
  4.5922760e+001 -8.3107300e+000 -9.9692600e+000  1.0458300e+000 -1.2936160e+001
  5.0588080e+001  1.2321050e+001 -1.1748410e+001  1.2427700e+000 -9.5209000e+000
  3.1195935e+002 -5.4359920e+001 -4.8594510e+001 -2.5913450e+001  7.6838000e+000
  2.4243202e+002 -1.8362500e+001 -1.4163670e+001 -7.3265330e+001  3.1820830e+001
  1.2100230e+002 -2.9471250e+001 -1.6038050e+001 -2.4612350e+001  6.8693000e+000
  8.7394300e+001 -1.6692500e+000 -1.5865150e+001 -2.4094670e+001  3.0982400e+000
  5.7962710e+001  1.3241280e+001  4.8954000e+000 -1.7777370e+001  1.0817210e+001
  5.8687090e+001  3.6914460e+001 -3.2035500e+000 -1.4152590e+001  7.6493300e+000
  4.2067090e+001  1.4506770e+001  8.1549800e+000 -9.9417300e+000  8.7935900e+000
  5.4248290e+001  2.3087870e+001  1.3601920e+001 -6.3718700e+000  6.1266100e+000
  3.3041100e+001  2.0965850e+001 -1.3109550e+001 -1.8443100e+001  5.2172000e+000
  3.0763710e+001  9.3470000e+000  5.2418900e+000 -2.9352400e+000 -2.6485300e+000
  4.0500380e+001  2.3076650e+001  4.9093700e+000 -6.7201200e+000 -3.5395800e+000
  5.7006960e+001  2.6794190e+001  4.6484000e+000 -2.9603000e+000 -4.0548000e+000
  3.6301940e+001  2.2435230e+001  5.4548000e-001  7.8051500e+000 -5.1872700e+000
  7.3499760e+001  3.1442540e+001  5.0385700e+000  7.3811900e+000 -6.0792000e+000
  3.4376400e+001  1.4078880e+001  4.0028000e+000  3.7146300e+000 -4.3782500e+000
  8.2834820e+001  4.5228460e+001 -2.7355800e+000 -4.9090500e+000 -3.4949900e+000
  5.3622100e+001  3.8534540e+001 -1.6821240e+001  1.3988400e+000 -1.1641220e+001
  2.4875700e+001  2.0341040e+001 -4.8965200e+000  4.0578600e+000 -1.1860840e+001
  4.7453180e+001  9.4685400e+000  2.0361400e+000  6.4122900e+000 -1.0116100e+001
  4.1864580e+001  6.6010000e+000  1.6294000e+000  9.7137000e-001 -4.8229300e+000
  1.2551493e+002  2.1967970e+001  3.9068400e+000  3.7012200e+000 -8.0944700e+000
  1.5536844e+002  3.0100000e+001 -2.0912000e-001  3.5325400e+000 -8.6962400e+000
  2.5148877e+002  3.8525150e+001 -7.3892800e+000  2.0711600e+001 -3.4649980e+001
  1.1498732e+002  1.1399520e+001 -8.1482600e+000  2.9813200e+000 -8.8972000e-001
  4.8372518e+002 -4.1239040e+001  2.4709506e+002 -7.4552850e+001 -8.1583860e+001
  1.4961665e+003  9.9237360e+001  2.7950189e+002 -1.1135710e+002 -1.4299908e+002
  6.5429050e+002  1.0488521e+002  2.9976899e+002 -1.1066391e+002 -3.5789590e+001
  2.8586930e+002  1.0385613e+002  1.5665767e+002 -2.3548810e+001 -2.3199760e+001
  1.2562556e+002  4.0298200e+001  9.2597240e+001 -3.1537100e+001  1.8358380e+001
  1.0236810e+002  4.5700500e+001  5.5897700e+001 -1.7450800e+001  1.3228600e+001
  6.1005600e+001  1.2665300e+001  3.1017900e+001 -8.2068000e+000  9.2041000e+000
  2.2952427e+002  7.5236620e+001  9.1456120e+001 -3.1638850e+001  2.8487730e+001
  1.2796176e+002  5.9215600e+001  2.7844990e+001 -3.5706640e+001  3.7629240e+001
  5.4464410e+001  1.5257480e+001  1.3541330e+001 -1.6521470e+001  1.6798470e+001
  7.5912000e+001  3.0797730e+001  9.6215200e+000 -2.2569010e+001  1.7849140e+001
  5.5567900e+001  2.7241900e+001  6.0060000e-001 -1.5128200e+001  1.1218100e+001
  4.1420880e+002  9.8008700e+001  1.5310400e+001 -8.0052600e+001 -1.9550000e-001
  3.0350520e+002  1.2495800e+002  2.8944700e+001 -6.8956500e+001 -1.5571500e+001
  5.5263300e+001  3.0055700e+001  4.3900000e+000 -1.9134100e+001  3.2700000e-002
  1.2098730e+002  3.4264900e+001 -1.2352600e+001 -1.6769100e+001 -1.0744900e+001
  4.7808700e+001  1.2991600e+001  3.9804000e+000 -3.4213000e+000 -4.4676000e+000
  4.7569880e+001  5.0765800e+000  4.0463700e+000 -3.0607900e+000 -1.9987700e+000
  4.1957200e+001  7.3850000e+000  1.0945000e+001 -9.5509000e+000  3.8870000e+000
  8.7475400e+001  2.6525800e+001  1.4068800e+001 -1.6307600e+001  4.5002000e+000
  3.1593300e+001  7.2041000e+000  1.8712000e+000 -1.0806000e+001  1.4969000e+000
  4.0431400e+001  1.1586900e+001 -5.2001000e+000 -7.3868000e+000 -3.7118000e+000
  4.0653800e+001  1.4851600e+001 -7.1636000e+000 -6.6386000e+000 -3.8056000e+000
  2.8545400e+001  2.1419000e+001 -7.3442000e+000 -7.3163000e+000 -5.0104000e+000
  2.9645400e+001  1.2705300e+001 -6.0410000e+000 -5.1565000e+000 -4.1187000e+000
  6.8165400e+001  1.4656400e+001 -4.2350000e+000 -1.2540600e+001 -6.2816000e+000
