  1.1259870e+001 -3.5896300e+000  2.3237200e+000  1.4197700e+000 -2.4405000e+000
  2.8051520e+001 -4.8693100e+000  6.3431000e+000 -1.5566200e+000 -4.2989600e+000
  2.7716200e+000 -1.3014300e+000  2.0627000e+000 -1.9163000e-001 -2.5247300e+000
  3.5717200e+000 -2.1326000e-001 -9.2906000e-001 -4.0263000e-001 -3.0431700e+000
  4.4341200e+000 -8.6602000e-001  1.0618200e+000 -2.3211600e+000 -1.1419200e+000
  4.7030700e+000  2.9170400e+000  8.4470000e-001 -1.6088500e+000  1.1812600e+000
  6.7074600e+000  1.9085800e+000 -1.1998000e-001  3.2762000e-001 -3.0464000e-001
  2.5162360e+001  1.5536710e+001 -1.4247000e-001  1.4845800e+000 -5.6379600e+000
  6.8452000e+000  3.7817000e+000 -5.2790000e-001  1.9036500e+000 -1.0915000e+000
  5.8054700e+000  5.8304800e+000  2.4672700e+000 -1.8004600e+000  9.1007000e-001
  1.5906810e+001  9.8023300e+000  8.2561300e+000 -3.8887800e+000 -2.3410600e+000
  3.0320950e+001  1.5930330e+001  7.8810000e+000 -2.5985100e+000  1.6457200e+000
  4.7728820e+001  6.6479400e+000 -1.2012900e+001  8.5165000e+000 -1.5504920e+001
  2.7914380e+001  5.7012000e-001 -1.6782800e+000  2.5001800e+000 -1.0419080e+001
  8.6061000e+000  8.9378900e+000  2.8188800e+000 -1.3503400e+000 -1.0889000e-001
  2.7613940e+001  1.3113720e+001 -4.1204100e+000 -2.3311000e-001 -8.5436000e+000
  1.7805880e+001  7.2128200e+000  1.4949000e+000  2.3006600e+000 -5.1495800e+000
  2.6583470e+001  1.5608880e+001 -2.1573500e+000 -1.7967800e+000 -9.1770600e+000
  3.1700900e+001  2.1264580e+001 -4.9600600e+000  1.3732800e+000 -8.9322400e+000
  3.4469810e+001  1.7915090e+001  2.4973000e-001  6.3593000e-001 -1.5920300e+001
  2.0945170e+001  1.0654740e+001 -1.1511560e+001 -1.4888000e+000 -5.7337300e+000
 -4.1749600e+000  8.5644200e+000 -1.4550200e+000 -1.8000000e+000 -6.8790000e-001
  3.1424930e+001  1.6004590e+001 -9.6146800e+000 -4.3680000e+000 -5.4921000e+000
  2.9755510e+001  1.3783110e+001 -8.4388400e+000 -6.4421900e+000 -6.7893300e+000
  8.1115040e+001  2.3431020e+001 -3.5904100e+001 -1.3466770e+001 -2.8613720e+001
  2.9414820e+001  1.2032440e+001 -1.1949500e+000 -5.9165300e+000 -3.9590500e+000
  4.4609060e+001  9.2921500e+000 -4.8023700e+000 -8.4280200e+000 -1.2167330e+001
  2.2324234e+002  6.3219750e+001 -1.4418475e+002  1.6686660e+001 -1.2257680e+002
  3.2376350e+001  1.8939410e+001 -5.3034500e+000 -5.4053100e+000 -1.4223450e+001
  2.8417270e+001  2.0998240e+001 -4.7904600e+000 -3.6083300e+000 -1.8470090e+001
  3.0676430e+001  3.1967290e+001 -4.7358100e+000 -6.7793400e+000 -6.0222400e+000
  1.5154140e+001  7.4710600e+000  2.5098500e+000 -3.2199200e+000 -3.4809000e+000
  6.2818790e+001  1.1599060e+001  1.2639560e+001 -6.8160800e+000  6.8852300e+000
  2.9347050e+001  1.4405420e+001  1.3854300e+000 -3.4481100e+000 -4.3515200e+000
  2.9268880e+001  1.3943300e+001 -1.0745000e+000 -2.4279600e+000  1.8651600e+000
  1.0782310e+001  8.2060500e+000  1.6611100e+000 -4.3630900e+000  2.3382900e+000
  4.1048350e+001 -2.8049600e+000 -1.3364000e+001  7.9664000e-001 -2.3288300e+000
  1.2220940e+001  1.4847000e+000 -3.2775200e+000 -1.2887900e+000 -1.2563200e+000
  6.6726090e+001 -7.0927300e+000 -1.9870420e+001  1.8232600e+000  2.0062700e+000
  1.2913214e+002  7.4128000e-001 -3.9275410e+001 -5.2717400e+000 -5.3072900e+000
  3.0760480e+001  2.2571800e+000 -1.3040320e+001  2.4132200e+000 -6.3009800e+000
  9.3371440e+001  5.9253000e+000 -2.4367140e+001  7.5827000e+000 -5.5074200e+000
  4.8205800e+001 -9.2408000e+000 -1.0768860e+001  4.0342100e+000 -2.7428800e+000
  5.1981740e+001 -1.0987740e+001 -9.5954800e+000 -3.2350000e+000 -1.1146240e+001
  1.5731589e+002 -4.6051230e+001 -3.6624780e+001  1.1416630e+001 -3.9788290e+001
  1.3920098e+002 -4.7664020e+001 -4.0699410e+001  1.0568650e+001 -2.8769240e+001
  6.4637350e+001 -2.2028200e+000 -4.4422000e+000  4.3610600e+000 -1.1648680e+001
  3.7810240e+001 -6.9027300e+000 -4.0176900e+000  1.1649500e+000 -3.6387600e+000
  5.0440440e+001 -7.4599200e+000  1.4717400e+000  6.1140000e-002 -5.8177000e-001
  3.4813380e+001 -8.7930800e+000  2.7100000e-001  2.5562600e+000  8.7674000e-001
  3.0248160e+001  1.9512500e+000  1.0536200e+001 -1.2715800e+000  3.5243500e+000
  1.9998070e+001 -1.5657400e+000  5.1200200e+000  6.5557000e-001  8.6173000e-001
  1.1854740e+001 -2.6045800e+000 -6.4595000e-001 -2.8381000e-001  7.2723000e-001
  2.3101270e+001 -1.9138200e+000 -1.4592900e+000 -5.8455000e-001  1.3792100e+000
  1.2800770e+001 -2.1991200e+000 -1.0021000e+000  9.8026000e-001 -5.2956000e-001
  1.0155680e+001 -6.3590000e-001 -1.5378600e+000  8.0482000e-001 -2.1774000e-001
  1.0668800e+001 -8.0530000e-001 -2.4202500e+000  1.7172000e-001  5.2858000e-001
  2.3237730e+001 -7.7454000e-001 -6.6636900e+000  3.7029100e+000 -2.9168000e-001
  1.4611380e+001 -2.2572400e+000 -4.5744000e+000  2.3831300e+000 -1.9797000e-001
  1.8728180e+001  1.7942000e-001 -5.7063900e+000  3.5764700e+000 -1.5164800e+000
  4.5519790e+001  3.1058060e+001 -7.5310600e+000  3.9474500e+000 -7.0127400e+000
  5.7775270e+001  1.1056940e+001 -1.8944980e+001  1.3597580e+001 -8.5535600e+000
  1.4528380e+001  1.8455500e+000 -3.3574600e+000  1.9777300e+000 -1.2770700e+000
  1.8166500e+001  1.9521900e+000 -1.6422800e+000  3.1814100e+000 -2.4652800e+000
  1.7199110e+001  5.6942000e-001 -3.9958100e+000  3.5901800e+000 -3.6596600e+000
  5.6605020e+001  2.0099090e+001 -5.3057900e+000  1.6591000e-001 -6.9865700e+000
  9.4336690e+001  4.5863410e+001 -1.4475910e+001 -1.6149840e+001 -6.3161600e+000
  4.0603250e+001 -1.0500300e+000 -7.9032700e+000  4.2596000e-001 -6.6319200e+000
  5.2837160e+001  3.4074000e-001 -2.6785720e+001  1.2765420e+001 -1.5202280e+001
  6.3857180e+001 -3.6029200e+000 -3.0722450e+001  7.0935700e+000 -1.7390690e+001
  5.1382080e+001 -3.3207400e+000 -3.0508710e+001  9.5631700e+000 -1.5923340e+001
  2.5749660e+001 -9.3758000e-001 -1.0538630e+001  1.7755800e+000 -5.8307900e+000
  5.6950440e+001  1.1891090e+001 -3.5371490e+001  3.5109900e+000 -1.8721220e+001
  3.2541730e+001 -5.1954400e+000 -1.7724760e+001  3.5009000e+000 -9.7689800e+000
  4.1588580e+001 -3.3456400e+000 -3.5346180e+001  1.0287420e+001 -1.9180540e+001
  2.3547850e+001 -4.3514200e+000 -1.3071770e+001  4.3772700e+000 -7.5922300e+000
  4.4768900e+001 -9.7766800e+000 -1.4700840e+001  1.4540900e+000 -9.4829500e+000
  8.4051350e+001 -1.3477400e+001 -2.6827150e+001  4.2258400e+000 -1.1087320e+001
  4.2795950e+001 -6.2170700e+000 -1.3469540e+001 -6.9453000e-001 -5.1975300e+000
  3.0592640e+001  4.9325800e+000 -8.9463600e+000 -3.2087800e+000 -2.1697200e+000
  3.4972460e+001 -5.3565000e+000 -1.9020500e+001 -3.3963700e+000 -3.7557300e+000
  1.6315540e+001 -4.7797000e-001 -1.2480670e+001 -1.0796600e+000 -4.4207700e+000
  3.0133000e+001 -4.3476700e+000 -1.8515010e+001 -3.0726400e+000 -4.1077500e+000
  2.1159840e+001 -3.7086000e+000 -7.9434100e+000 -1.9580500e+000 -2.6113700e+000
  3.4158660e+001 -6.3245900e+000 -2.0401680e+001 -4.4643300e+000 -1.3505440e+001
  2.3337400e+001 -6.7262000e+000 -1.3736940e+001 -3.0617900e+000 -1.0100940e+001
  2.4519300e+001 -4.2458300e+000 -1.3095840e+001 -1.7722200e+000 -7.6175900e+000
  1.7599440e+001 -5.9489600e+000 -9.5084200e+000 -4.5136000e-001 -7.6300600e+000
  2.0080470e+001 -1.6139800e+000 -5.6358300e+000 -2.1637300e+000 -4.9808700e+000
  2.4016970e+001 -6.6612800e+000 -8.6340600e+000  2.8086000e-001 -5.4386500e+000
  3.0493800e+001 -1.0126560e+001 -2.5182300e+000 -3.2681000e-001 -3.2811800e+000
  3.4981550e+001 -1.4612730e+001 -7.8780100e+000 -2.9711900e+000 -1.6482400e+000
  8.1521650e+001 -1.9153260e+001 -2.5570010e+001  2.0093500e+000 -9.3053700e+000
  3.7962630e+001 -1.5671920e+001 -9.2240900e+000 -1.4891800e+000 -3.1337200e+000
  6.0607660e+001 -1.8737080e+001 -1.8528240e+001 -2.9647000e-001 -1.0040370e+001
  7.5354080e+001 -3.7433130e+001 -1.0498500e+001  4.5771400e+000 -8.6562000e+000
  4.6738380e+001 -2.0467780e+001 -1.2680970e+001  7.2814800e+000 -5.3580800e+000
  7.2823815e+002 -1.3555817e+002 -1.6167990e+002 -1.0187040e+001 -6.2913300e+001
  9.2411560e+001 -4.5557770e+001 -2.1044470e+001  5.9892500e+000 -9.9058300e+000
  6.6344840e+001 -3.4509220e+001 -7.6592800e+000  3.2616700e+000 -5.7900400e+000
  3.3775130e+001 -1.7587330e+001 -9.6010600e+000  3.5021500e+000 -5.4137400e+000
  2.3466640e+001 -9.9394500e+000 -6.5621000e+000  2.5135500e+000 -3.9606300e+000
  2.4635900e+001 -9.0534000e+000 -5.0506000e+000  1.3348400e+000 -4.6634600e+000
  2.6194940e+001 -1.1209720e+001 -5.8494800e+000  2.8270600e+000 -5.1644200e+000
  2.3072460e+001 -1.2442530e+001 -9.4735200e+000  4.4367900e+000 -3.9127000e+000
  7.4481520e+001 -3.3534770e+001 -1.5127130e+001  7.8115400e+000 -5.6735500e+000
  4.7608820e+001 -1.3150510e+001 -1.5008530e+001  9.6775500e+000 -6.9865700e+000
  3.2887520e+001 -1.5919310e+001 -1.0717120e+001  5.1576000e+000 -5.3471300e+000
  1.4845380e+002 -1.5976800e+000 -7.7735190e+001  4.8040090e+001 -7.0859150e+001
  9.9264390e+001 -3.3940840e+001 -3.6078430e+001  2.6468840e+001 -3.8992510e+001
  7.2549150e+001 -1.1441340e+001 -1.7875680e+001  1.5188110e+001 -2.1779130e+001
  3.7308830e+001 -1.0490010e+001 -8.4058000e+000  4.7516400e+000 -4.6032600e+000
  4.0162490e+001 -3.3873000e+000 -4.5709000e+000  3.9356200e+000 -7.2643600e+000
  4.7753680e+001 -6.4811800e+000 -6.5477800e+000  2.7854200e+000 -8.7254600e+000
  2.5513950e+001  1.2012000e+000 -6.7600000e+000  2.6605500e+000 -5.5675500e+000
  3.2471280e+001 -8.7307100e+000 -6.3900200e+000  4.2319500e+000 -3.3873600e+000
  2.3228740e+001 -2.6322400e+000 -5.3857800e+000 -2.3575400e+000 -3.3452800e+000
  1.8300720e+001 -1.0744900e+000 -7.1213600e+000 -3.0814000e-001 -4.8287700e+000
  2.1794250e+001  3.2400300e+000 -1.0594170e+001  1.4698500e+000 -8.6185200e+000
  2.7010280e+001 -4.8614400e+000 -8.4341500e+000  3.3379000e+000 -7.4945000e+000
  1.5464310e+001 -4.7213000e-001 -1.0242300e+001  1.4462800e+000 -7.2699000e+000
  1.3463900e+001 -1.0226700e+000 -2.5286400e+000 -1.2710400e+000 -5.7741100e+000
  2.7227820e+001 -4.4975400e+000  2.6518000e-001 -7.2218700e+000 -2.7525000e-001
  3.2300520e+001  1.2850000e-001 -5.6395900e+000 -1.9811000e+000 -8.1417800e+000
  1.4558430e+001 -4.8039500e+000 -3.3371900e+000  9.0942000e-001 -3.7562200e+000
  2.8881050e+001 -3.5030600e+000 -8.5799300e+000  8.6450000e-002 -5.9697300e+000
  9.5417600e+000 -1.5780900e+000 -4.8696400e+000  2.9222600e+000 -3.7097300e+000
  1.2152930e+001 -5.6123400e+000 -1.0267300e+000 -2.5087000e-001 -1.2258000e+000
  1.0387900e+001  5.0456000e+000 -4.2801300e+000 -2.1631000e-001 -6.0105700e+000
  1.8390290e+001  6.9163900e+000 -1.0866370e+001 -5.0999900e+000 -7.7625800e+000
  1.2944490e+001 -1.7027500e+000 -4.3647300e+000 -5.7211000e-001 -1.4812100e+000
  1.6648250e+001  2.4706700e+000 -6.3707000e+000 -1.5977900e+000 -2.3620300e+000
  3.9955970e+001  1.1779210e+001 -2.9875610e+001 -5.3052500e+000 -2.0916280e+001
  1.7139800e+001 -2.2614800e+000 -8.5336800e+000  2.0273600e+000 -5.8147800e+000
  2.2917080e+001 -7.9641400e+000 -9.9809100e+000  5.0533700e+000 -3.0356400e+000
  2.9348010e+001 -6.4013800e+000 -8.9739600e+000  2.9083900e+000 -5.8109000e+000
  2.6860850e+001 -1.2766040e+001 -7.0533100e+000  1.8965600e+000 -3.8330700e+000
  1.0938362e+002 -1.6081680e+001 -3.7658380e+001 -1.1362100e+000 -2.4321100e+001
  2.5061450e+001 -1.8589300e+000 -7.3440900e+000  1.0823700e+000 -5.0225900e+000
  4.6941550e+001 -6.9777000e-001 -1.6774170e+001 -3.2193400e+000 -1.1449410e+001
  1.5733916e+002 -1.1707520e+001 -5.8861140e+001 -4.9976400e+000 -5.5495100e+001
  1.0844376e+002  2.2764760e+001 -4.6642490e+001 -5.9741800e+000 -6.5258430e+001
  3.5275470e+001 -1.3679680e+001 -1.0239430e+001 -2.3313400e+000 -1.3274610e+001
  1.6282230e+001 -4.6568000e+000  1.4451420e+001  5.3516900e+000  6.8795100e+000
  3.9399840e+001  1.2603200e+000 -1.2418860e+001 -8.8647000e+000 -2.1840340e+001
  2.8336750e+001 -7.6250100e+000 -2.5897300e+000 -4.3045800e+000 -8.9806500e+000
  5.7520950e+001 -4.7502060e+001  9.8194000e-001  1.7615540e+001  4.0559800e+000
  1.2873992e+002  7.6351250e+001 -7.3533190e+001 -7.7841870e+001 -4.7125750e+001
  2.5832290e+001 -1.6847490e+001 -1.4588090e+001  6.0647000e+000  1.5403500e+000
  1.5514973e+002 -2.7814560e+001 -9.6977260e+001 -6.1373880e+001 -5.3737580e+001
  2.2295641e+002 -3.0868270e+001 -1.5277039e+002 -4.3411930e+001 -1.0277596e+002
  1.4119322e+002 -4.1821960e+001 -8.1323080e+001 -2.6995840e+001 -5.5457000e+001
  1.9979292e+002 -1.6677300e+000 -3.1603590e+001 -2.6622070e+001 -5.6550390e+001
  9.3886310e+001 -1.5326930e+001 -2.6294010e+001 -1.7446240e+001 -3.6067190e+001
  7.5027260e+001 -2.5273330e+001 -1.3335660e+001 -5.7339700e+000 -2.1703860e+001
  1.4513318e+002 -3.1843650e+001 -6.3330710e+001 -1.1255430e+001 -6.1776300e+001
  3.7237415e+002 -9.1819820e+001 -6.8830810e+001 -5.2343550e+001  1.1229000e+000
  2.4398752e+002 -3.2932600e+001 -2.7017170e+001 -6.9300330e+001  3.3339230e+001
  1.4803940e+002 -4.6774550e+001 -2.2565350e+001 -2.4964750e+001  7.6314000e+000
  7.0229800e+001 -9.8458500e+000 -1.8409450e+001 -1.3841370e+001  3.3804000e-001
  5.7513710e+001  5.4417800e+000  1.0970000e-001 -2.2555170e+001  1.3702510e+001
  2.7178690e+001  8.5082600e+000 -3.0369500e+000 -6.5540900e+000 -6.8700000e-003
  3.9439390e+001  4.8326700e+000  1.4739800e+000 -1.7907130e+001  1.2847190e+001
  3.0731690e+001  9.9519700e+000  3.4170200e+000 -7.5853700e+000  4.9959100e+000
  2.5852200e+001  1.0643950e+001 -9.3339500e+000 -1.0858800e+001  2.7550000e+000
  2.4068410e+001  6.4870000e-001 -4.0378100e+000 -1.1739400e+000 -1.0373300e+000
  2.1469680e+001  3.2336500e+000 -4.2237300e+000 -4.2335200e+000  9.8712000e-001
  2.5634960e+001  6.0168900e+000 -3.8512000e+000 -4.1930000e-001 -1.4359000e+000
  1.6043940e+001  5.7998300e+000 -5.5109200e+000 -2.9845000e-001 -8.8717000e-001
  1.7382360e+001  5.3906400e+000 -8.9723000e-001  1.2543900e+000 -9.0620000e-001
  1.5265100e+001  4.3958000e-001 -3.0740000e+000 -1.8683700e+000  7.3500000e-003
  2.3264220e+001  8.6714600e+000 -1.8248800e+000 -1.5612500e+000 -2.5559000e-001
  2.1212500e+001  1.2240440e+001 -6.9479400e+000 -2.2936000e-001  1.5798000e-001
  1.1642200e+001  2.4291400e+000 -1.2122200e+000 -1.0025400e+000  1.2539600e+000
  2.1961880e+001  1.2652400e+000  3.6054000e-001  5.1279000e-001  5.9770000e-001
  1.7261480e+001  2.6338000e+000 -1.3840000e-001  9.3127000e-001  4.4167000e-001
  7.6596230e+001 -4.3113000e-001  1.1763400e+000  4.1227200e+000 -2.0677700e+000
  6.7954140e+001  8.6484000e+000 -4.3809200e+000  7.2740000e-002 -3.3830400e+000
  1.0452207e+002  1.1258150e+001 -2.8460800e+000  8.2620000e+000 -1.0527880e+001
  7.0749020e+001  5.0142000e-001 -7.5322600e+000 -6.4344800e+000 -1.5352000e-001
  2.8015248e+002 -1.0002640e+001  1.8038326e+002 -5.4731850e+001 -2.8739960e+001
  9.0180085e+002  3.2741660e+001  2.0103039e+002 -8.2257800e+001 -6.2628880e+001
  4.6534720e+002  4.3077610e+001  2.3727909e+002 -8.3852610e+001 -2.5278590e+001
  1.8880280e+002  4.7354830e+001  1.1865337e+002 -2.1220910e+001 -1.8694160e+001
  9.9604060e+001  2.5570100e+001  7.3815040e+001 -3.0925500e+001  1.0836180e+001
  5.7443700e+001  1.8951100e+001  3.2466400e+001 -1.1051900e+001  8.1304000e+000
  3.6626500e+001  4.8235000e+000  1.7061800e+001 -7.2350000e+000  3.7027000e+000
  1.7667127e+002  4.1202020e+001  6.4996720e+001 -2.8806250e+001  2.0762730e+001
  9.5537060e+001  3.3161800e+001  2.0512590e+001 -2.5669240e+001  2.4791640e+001
  3.4917910e+001  7.2532800e+000  1.1763330e+001 -1.1383370e+001  1.1104870e+001
  5.2540500e+001  9.5471300e+000  1.0193120e+001 -1.4201810e+001  1.2033840e+001
  4.0975200e+001  1.1333500e+001  2.2166000e+000 -7.5212000e+000  6.2841000e+000
  3.2266290e+002  6.8926100e+001  2.6829700e+001 -6.5315400e+001  5.6135000e+000
  1.9257660e+002  7.0521700e+001  2.9372000e+001 -4.6366100e+001 -4.5894000e+000
  2.7304900e+001  1.1498500e+001  3.0955000e+000 -7.7863000e+000 -8.1040000e-001
  6.0136800e+001  1.1959100e+001  1.8649000e+000 -1.0519600e+001 -3.1992000e+000
  2.7881600e+001  1.2206000e+000  4.2036000e+000 -1.2273000e+000 -2.7248000e+000
  3.6444180e+001 -7.1872000e-001  6.0523700e+000 -1.0472900e+000  2.8633000e-001
  2.8011200e+001  3.0827000e+000  5.6084000e+000 -5.9368000e+000  2.3386000e+000
  4.8319400e+001  9.1028000e+000  8.0438000e+000 -7.3343000e+000  1.3437000e+000
  2.3430200e+001  3.6475000e+000  2.6145000e+000 -5.6029000e+000  1.9527000e+000
  2.9749100e+001  3.0731000e+000 -4.3250000e-001 -4.4891000e+000 -2.3340000e+000
  3.6518400e+001  6.0338000e+000 -4.3940000e-001 -2.8278000e+000 -1.3272000e+000
  1.7692100e+001  5.3999000e+000 -1.7944000e+000 -3.3304000e+000 -1.3990000e+000
  2.0757500e+001  1.9778000e+000 -3.0048000e+000 -3.0727000e+000 -1.9159000e+000
  4.6266500e+001 -2.4397000e+000 -1.7025000e+000 -5.0439000e+000 -1.1543000e+000
