  1.3013670e+001 -1.9659300e+000  2.7161200e+000  1.3334700e+000 -2.8629000e+000
  4.9006320e+001 -2.2980100e+000  5.6617000e+000 -1.8320200e+000 -9.8931600e+000
  3.7949200e+000  5.8607000e-001  1.6432000e+000 -8.8603000e-001 -8.4983000e-001
  8.6045200e+000  1.8139400e+000  2.7589400e+000 -5.2623000e-001 -1.9677000e-001
  7.3625200e+000 -6.0442000e-001  1.1174200e+000 -5.6096000e-001 -2.4173200e+000
  4.8329700e+000  1.2079400e+000 -1.0854000e+000  6.7050000e-002 -3.1640400e+000
  6.5429600e+000  3.8511800e+000 -1.2781800e+000 -1.8048000e-001  6.4446000e-001
  3.9180860e+001  1.8741010e+001 -1.8599700e+000  2.2910800e+000 -7.1214600e+000
  1.8022700e+001  6.0593000e+000  1.9580000e+000  3.3722500e+000 -1.7626000e+000
  1.0113070e+001  9.4853800e+000  3.2184700e+000 -1.5615600e+000 -9.7983000e-001
  2.7781410e+001  2.1317430e+001  9.7490300e+000 -6.4133800e+000 -3.6694600e+000
  6.5092850e+001  4.4026730e+001  7.1279000e+000  3.0409000e-001 -7.7932800e+000
  8.4466020e+001  1.0005040e+001 -2.7208800e+001  1.8061600e+001 -3.7351920e+001
  5.0864780e+001  3.0419200e+000 -2.1066780e+001  2.1971280e+001 -3.2316880e+001
  2.0212000e+001  9.5273900e+000 -1.5220200e+000  4.9650600e+000 -8.9878900e+000
  4.1557040e+001  1.7813320e+001 -1.2427510e+001  5.8691900e+000 -2.1975600e+001
  1.4286280e+001  7.0088200e+000 -2.8827000e+000  3.2306600e+000 -7.0781800e+000
  2.4426870e+001  7.4490800e+000 -6.6416500e+000  4.6780200e+000 -1.1251660e+001
  5.0772200e+001  2.2161680e+001 -2.0384660e+001  9.1994800e+000 -3.0969740e+001
  3.3199610e+001  5.1757900e+000 -5.0594700e+000  6.0399300e+000 -1.0976800e+001
  2.0580670e+001  5.1633400e+000 -1.1631160e+001  2.7718000e+000 -5.0353300e+000
  1.3302640e+001  1.1837200e+000 -1.3181200e+000 -4.8000000e-003 -2.5684000e+000
  2.3488430e+001  1.1914690e+001 -4.4337800e+000 -2.8089000e+000 -2.3462000e+000
  2.0422010e+001  6.6459100e+000 -5.1646400e+000 -3.7420900e+000 -8.0893000e-001
  4.7710940e+001  1.1969220e+001 -2.7810100e+001 -1.4889700e+000 -2.4054020e+001
  2.5491220e+001  7.7376400e+000 -1.2245350e+001 -2.8792300e+000 -9.2313500e+000
  2.9929560e+001  4.0155500e+000 -1.5064870e+001  3.5006800e+000 -1.5756330e+001
  2.1452034e+002  5.0661550e+001 -1.4112375e+002  1.2922160e+001 -1.2267120e+002
  9.1055150e+001  1.3884410e+001 -3.7845250e+001  6.7884900e+000 -4.7661150e+001
  3.7861470e+001  9.5171400e+000 -1.2885360e+001 -1.7835300e+000 -1.4009990e+001
  2.0081730e+001  1.4046790e+001 -2.7954100e+000 -1.8147400e+000 -8.0362400e+000
  2.4660240e+001  7.1727600e+000 -1.8875500e+000 -4.7879200e+000 -4.0924000e+000
  4.5693590e+001  9.2777600e+000  6.9265600e+000 -2.6220800e+000 -3.4700000e-003
  4.5524150e+001  1.0413420e+001 -1.6150700e+000 -3.0710100e+000 -5.9960200e+000
  1.7053580e+001  4.4098000e+000 -2.0203000e+000 -2.3198600e+000  6.0076000e-001
  2.5577410e+001  4.1211500e+000 -5.0648900e+000  4.0100000e-003 -2.7977100e+000
  2.1509250e+001 -1.5376600e+000 -1.1388600e+001  3.5645400e+000 -3.2713300e+000
  2.0824640e+001 -1.9034000e+000 -5.0774200e+000  2.9791100e+000 -7.9862000e-001
  4.3964990e+001  4.6237000e-001 -1.4344020e+001  5.3959600e+000  1.1565700e+000
  6.6292340e+001 -7.1412200e+000 -2.5164710e+001  3.5229600e+000 -1.5043900e+000
  4.4949680e+001  3.9456800e+000 -1.9529320e+001  4.9570200e+000 -9.1441800e+000
  1.3336134e+002  2.3784000e+000 -3.0974840e+001  8.7228000e+000 -5.2302200e+000
  8.2417000e+001 -1.9988600e+001 -2.3414560e+001  1.4288710e+001 -9.8310800e+000
  5.4059740e+001 -1.6463140e+001 -1.1486180e+001  9.1000000e-001 -8.0937400e+000
  2.0835419e+002 -6.8728930e+001 -5.0576180e+001  1.7597830e+001 -5.7999990e+001
  1.5743218e+002 -6.1026220e+001 -4.8218910e+001  1.9735250e+001 -4.0503240e+001
  9.7215450e+001 -8.8775200e+000 -1.1226000e+001  1.2463960e+001 -2.1314680e+001
  5.9830840e+001 -1.2499530e+001 -6.6908900e+000  4.8978500e+000 -7.9291600e+000
  7.3944240e+001 -1.3976520e+001  1.2954000e-001  4.1825400e+000 -2.2701700e+000
  5.2463480e+001 -2.0465580e+001 -5.0870000e-001  6.3071600e+000  1.5372400e+000
  5.5275260e+001 -2.3575500e+000  1.9273400e+001 -3.2938000e-001  6.7594500e+000
  3.4905870e+001 -6.6221400e+000  5.6522200e+000  2.0106700e+000 -1.7117000e-001
  2.6245440e+001 -5.9912800e+000 -5.4695000e-001  1.5590000e-002  3.3430300e+000
  3.7200970e+001 -8.3441200e+000 -4.8454900e+000  1.9301500e+000  3.5681000e-001
  2.4168270e+001 -7.5355200e+000 -2.2245000e+000  3.3189600e+000 -1.0947600e+000
  1.9292480e+001 -2.8095000e+000 -3.2130600e+000  2.0574200e+000 -7.4904000e-001
  1.8695400e+001 -5.7542000e+000 -6.9239500e+000  3.1593200e+000 -9.1762000e-001
  2.9811030e+001 -4.2749400e+000 -8.3228900e+000  4.4392100e+000 -7.4068000e-001
  3.3320580e+001 -1.2469240e+001 -1.2463700e+001  6.8439300e+000 -2.3317700e+000
  3.5683780e+001 -7.7200800e+000 -1.1738890e+001  7.8573700e+000 -3.1132800e+000
  5.7808890e+001  2.1756160e+001 -1.1781460e+001  7.3337500e+000 -9.8568400e+000
  8.5864170e+001  9.0964400e+000 -3.1641880e+001  2.3697580e+001 -1.5005860e+001
  2.0353780e+001  1.0665000e-001 -4.7732600e+000  2.8242300e+000 -1.9898700e+000
  2.7526800e+001 -5.0861000e-001 -4.9324800e+000  4.7657100e+000 -2.7144800e+000
  3.0703410e+001 -4.9885800e+000 -8.5679100e+000  8.2907800e+000 -5.0683600e+000
  6.2389020e+001  8.8972900e+000 -9.6962900e+000  3.7116100e+000 -8.1205700e+000
  9.8334990e+001  1.0913510e+001 -1.4613210e+001 -3.8039400e+000 -4.5004600e+000
  5.8385250e+001 -1.4268830e+001 -1.4785770e+001  8.1101600e+000 -7.8501200e+000
  7.0536060e+001 -7.5059600e+000 -3.5305620e+001  2.0011620e+001 -1.9946080e+001
  8.5225380e+001 -1.6202520e+001 -4.6079350e+001  1.9342670e+001 -2.6733090e+001
  5.8204880e+001 -1.0915740e+001 -3.1945710e+001  1.0172870e+001 -1.5866940e+001
  3.1255260e+001 -9.8388000e-001 -1.3570130e+001  4.7142800e+000 -7.0213900e+000
  6.8183640e+001  3.0389000e-001 -4.1275090e+001  8.1069900e+000 -2.4113020e+001
  4.7668130e+001 -1.2083040e+001 -2.7534460e+001  6.7441000e+000 -1.6325280e+001
  8.8633680e+001 -2.1630740e+001 -7.4823180e+001  2.2148020e+001 -4.1185240e+001
  3.6408450e+001 -1.0479820e+001 -2.3575670e+001  8.6457700e+000 -1.4281330e+001
  1.0484830e+002 -4.4815080e+001 -2.8173840e+001  4.6039900e+000 -1.6810350e+001
  1.7091055e+002 -5.5215900e+001 -5.2150450e+001  1.3639940e+001 -2.0766820e+001
  6.8564650e+001 -1.7349970e+001 -2.3965240e+001  4.9307000e-001 -8.5588300e+000
  4.4551040e+001 -2.6487200e+000 -1.5833360e+001 -2.5894800e+000 -5.9371200e+000
  5.2882860e+001 -2.1089700e+001 -2.6130400e+001 -3.7609700e+000 -7.1357300e+000
  3.2241440e+001 -1.0580670e+001 -1.8416170e+001 -2.9804600e+000 -6.7243700e+000
  6.2186900e+001 -2.2030970e+001 -3.6708610e+001 -3.8676400e+000 -9.4972500e+000
  4.4249640e+001 -2.3328500e+001 -1.4643610e+001 -3.3121500e+000 -4.4236700e+000
  5.8180360e+001 -1.9998190e+001 -3.7317080e+001 -4.7718300e+000 -2.3328940e+001
  4.4341200e+001 -2.0590500e+001 -2.0848640e+001 -3.4703900e+000 -1.7758940e+001
  3.2513100e+001 -1.1106330e+001 -1.9996140e+001 -1.4648200e+000 -1.1438390e+001
  2.7155140e+001 -1.2009260e+001 -1.4517220e+001 -2.3493600e+000 -1.2191760e+001
  2.2318170e+001 -4.1586800e+000 -8.5706300e+000 -1.7853300e+000 -6.4856700e+000
  3.0610070e+001 -9.1211800e+000 -1.4663160e+001  6.7686000e-001 -9.8432500e+000
  3.7816100e+001 -1.4502160e+001 -4.7750300e+000 -2.4097100e+000 -7.7924800e+000
  4.3787150e+001 -2.4083930e+001 -1.1779610e+001 -1.0117900e+000 -3.6549400e+000
  7.5315050e+001 -2.3909760e+001 -2.5099210e+001  8.1805000e-001 -6.8029700e+000
  3.2500730e+001 -1.6844820e+001 -7.7953900e+000 -1.3103800e+000 -1.1740200e+000
  6.8453860e+001 -1.5974680e+001 -3.1522440e+001  8.8203000e-001 -5.4841700e+000
  6.5406680e+001 -4.1336330e+001 -9.2109000e+000 -9.1106000e-001 -7.1474000e+000
  4.8949280e+001 -2.4523580e+001 -1.1286370e+001  7.0407800e+000 -4.6578800e+000
  7.5381785e+002 -1.6844887e+002 -1.5577390e+002 -7.7614400e+000 -5.1708400e+001
  1.2433136e+002 -5.8195370e+001 -3.1690270e+001  7.0254500e+000 -1.0292830e+001
  5.9991940e+001 -3.0230920e+001 -1.0163580e+001  2.6325700e+000 -4.8653400e+000
  2.6852930e+001 -1.2771430e+001 -8.2024600e+000  1.9536500e+000 -5.2990400e+000
  1.9650540e+001 -7.3519500e+000 -6.2625000e+000  1.9830500e+000 -3.3415300e+000
  2.2338400e+001 -7.2777000e+000 -4.2533000e+000  6.1134000e-001 -5.1970600e+000
  1.8119440e+001 -6.7084200e+000 -4.9127800e+000  1.5527600e+000 -3.3761200e+000
  1.4089060e+001 -5.6383300e+000 -2.7204200e+000 -1.3441000e-001 -2.5530000e-001
  4.8672520e+001 -1.2511770e+001 -9.0373300e+000  3.4897400e+000 -4.4683500e+000
  2.8640320e+001 -5.3787100e+000 -8.7399300e+000  4.3665500e+000 -4.2308700e+000
  1.7840720e+001 -5.4150100e+000 -6.2900200e+000  1.6760000e+000 -2.6595300e+000
  8.3693200e+001  8.2870200e+000 -3.7082390e+001  2.0472090e+001 -3.2779350e+001
  6.1793690e+001 -1.6599040e+001 -1.8976430e+001  9.1888400e+000 -1.8562810e+001
  6.2941150e+001 -1.8810400e+000 -1.6108180e+001  1.4035810e+001 -1.8661730e+001
  3.1084730e+001 -7.0117100e+000 -5.0522000e+000  2.6303400e+000 -3.1378600e+000
  3.0674990e+001 -3.6814000e+000 -1.1372000e+000  3.2270200e+000 -5.5883600e+000
  4.1535480e+001 -2.8806800e+000 -2.1177800e+000 -7.3780000e-002 -6.1536600e+000
  1.4584550e+001  3.9729000e+000 -2.2912000e+000  1.0109500e+000 -3.0294500e+000
  2.7313880e+001  2.1909000e-001 -7.0113200e+000  1.9542500e+000 -2.8170600e+000
  1.9956940e+001 -3.8434400e+000 -5.2594800e+000 -1.9663400e+000 -2.2699800e+000
  1.2625420e+001  1.6389100e+000 -4.1765600e+000 -1.1370400e+000 -1.7707700e+000
  1.7962650e+001  8.9493000e-001 -1.4300700e+000 -3.5835000e-001 -6.7502000e-001
  1.4022780e+001 -5.5369400e+000 -1.3116500e+000  8.4590000e-001 -1.7933000e+000
  9.0976100e+000 -1.1518300e+000 -3.3553000e+000 -1.8972000e-001 -1.9276000e+000
  1.0039100e+001  2.0074300e+000 -9.4194000e-001 -8.3254000e-001 -3.2604100e+000
  2.1981720e+001  1.9688600e+000 -3.2920200e+000 -2.2048700e+000 -3.9944500e+000
  2.4177620e+001  2.4735000e+000 -6.7947900e+000 -1.8157000e+000 -7.2704800e+000
  1.2292630e+001 -3.7246500e+000 -2.8756900e+000 -7.7180000e-002 -3.0646200e+000
  2.4304350e+001 -3.4387600e+000 -7.7379300e+000  1.2200500e+000 -6.1241300e+000
  1.1676160e+001 -1.6008900e+000 -2.8088400e+000 -5.2240000e-002 -3.1036300e+000
  1.6422530e+001 -5.8474400e+000 -5.9192300e+000  1.1507300e+000 -5.5059000e+000
  2.1684100e+001  1.8074000e+000 -1.2340830e+001 -1.1642100e+000 -1.3166270e+001
  2.8608590e+001  3.0969900e+000 -1.9906470e+001 -5.8603900e+000 -1.5555780e+001
  4.0711090e+001 -1.1459750e+001 -1.7882430e+001  1.0859900e+000 -8.4102100e+000
  2.4959150e+001  1.1173700e+000 -9.9258000e+000 -2.4816900e+000 -4.6961300e+000
  5.0677370e+001  1.0849910e+001 -3.9544310e+001 -5.1481500e+000 -2.9985480e+001
  2.4809400e+001 -5.4659800e+000 -1.0539980e+001  4.0920600e+000 -6.4353800e+000
  4.7056980e+001 -1.9019740e+001 -2.3401210e+001  8.7739700e+000 -1.3893140e+001
  5.6897410e+001 -2.1838580e+001 -2.4497660e+001  1.3330790e+001 -1.2459600e+001
  4.1477250e+001 -2.1183440e+001 -1.3502110e+001  5.6817600e+000 -8.6231700e+000
  1.1813332e+002 -1.2557380e+001 -4.7191080e+001 -1.8599100e+000 -3.0259300e+001
  3.9983650e+001 -7.6999300e+000 -1.6535590e+001  5.8904700e+000 -1.1613290e+001
  3.6854950e+001 -8.0137000e-001 -1.6713470e+001 -2.1464000e-001 -8.1874100e+000
  1.8628776e+002 -1.7891720e+001 -6.7962340e+001  1.7903600e+000 -6.3740100e+001
  9.0000360e+001  7.2316600e+000 -4.4909590e+001 -1.3462800e+000 -4.6572930e+001
  8.0478370e+001 -2.4582080e+001 -3.3743430e+001  1.4796000e-001 -3.1379910e+001
  4.4368130e+001 -1.8074100e+001 -1.6902280e+001 -7.7190100e+000 -1.5686290e+001
  6.4268640e+001 -2.1233080e+001 -3.0100960e+001 -3.4166000e+000 -1.7997840e+001
  5.4492350e+001 -1.4193410e+001 -1.9950630e+001 -1.2287580e+001 -1.5680650e+001
  1.6202975e+002  7.0658640e+001 -1.1326756e+002 -1.1264336e+002 -3.5481820e+001
  3.1429892e+002  1.1835065e+002 -2.1993899e+002 -1.9638417e+002 -1.1742365e+002
  1.0308189e+002  7.6965100e+000 -1.0200389e+002 -6.4802200e+001 -5.6140350e+001
  3.4104593e+002  8.8957400e+000 -2.8672166e+002 -2.6185878e+002 -2.0018768e+002
  2.8941891e+002 -3.2102570e+001 -2.4234069e+002 -1.1010063e+002 -1.6549026e+002
  2.2530572e+002 -3.0870260e+001 -1.7900958e+002 -9.3070540e+001 -1.2778680e+002
  1.7104952e+002  1.5667170e+001 -5.5700890e+001 -4.5306370e+001 -8.0585990e+001
  1.2541401e+002  1.3160670e+001 -4.9216010e+001 -5.3120040e+001 -7.1128090e+001
  9.3661960e+001 -2.6669300e+000 -2.6124860e+001 -2.4050270e+001 -4.4632760e+001
  1.4567798e+002 -2.2542450e+001 -6.4889510e+001 -3.1674030e+001 -7.6628700e+001
  3.3370745e+002 -4.2104520e+001 -7.0082210e+001 -1.1434715e+002  2.1152700e+001
  2.2642622e+002 -3.9869000e+000 -3.6857670e+001 -9.5006430e+001  4.6303130e+001
  1.4866210e+002 -3.4366150e+001 -2.7510250e+001 -4.1253750e+001  1.5622300e+001
  9.3236100e+001  2.0335500e+000 -2.7428150e+001 -3.4537770e+001  8.6465400e+000
  6.8346110e+001  2.9790780e+001  1.6804000e+000 -4.5654970e+001  3.0501210e+001
  5.4588790e+001  3.2962960e+001 -1.6774500e+000 -3.1326890e+001  1.6631430e+001
  5.5752490e+001  3.1296270e+001  7.2319800e+000 -3.8576230e+001  3.4008590e+001
  4.7091390e+001  2.8749570e+001  5.4569200e+000 -3.1254870e+001  2.1507310e+001
  6.3492800e+001  4.0217350e+001 -3.9997050e+001 -4.4451500e+001  1.9034600e+001
  3.4173710e+001  1.2896600e+001 -1.5953410e+001 -1.2570740e+001  2.9700700e+000
  3.4292580e+001  1.4036650e+001 -9.4823300e+000 -1.1287220e+001  3.6533200e+000
  3.5557760e+001  1.4871390e+001 -4.1254000e+000 -6.0051000e+000  6.0840000e-001
  2.6888540e+001  1.6655230e+001 -8.1772200e+000 -2.2792500e+000 -1.1888700e+000
  2.9855060e+001  1.8092840e+001 -2.3465300e+000 -2.0302100e+000 -9.3490000e-001
  2.7375800e+001  1.1666480e+001 -4.2419000e+000 -5.0459700e+000  1.6344500e+000
  5.5750420e+001  3.1734560e+001 -5.5927800e+000 -6.5203500e+000  1.2734100e+000
  4.8957400e+001  3.6372840e+001 -1.8796440e+001 -2.8491600e+000 -3.7455200e+000
  2.1324600e+001  1.5671440e+001 -5.3629200e+000  1.6146000e-001 -3.1448400e+000
  3.4931780e+001  1.0573040e+001 -2.8343600e+000  5.2890000e-002 -4.1496000e+000
  2.6674380e+001  7.0975000e+000 -1.1344000e+000  4.5307000e-001 -7.2583000e-001
  8.0681230e+001  1.7544700e+000  2.0988400e+000  4.8141200e+000 -5.9367000e-001
  7.9305940e+001  1.4705800e+001 -5.7427200e+000 -6.5856000e-001 -5.2992400e+000
  1.1406157e+002  1.9971150e+001 -7.6130800e+000  1.7568000e+000 -1.2256780e+001
  7.4292020e+001  8.6212200e+000 -1.3248360e+001 -3.7726800e+000  2.3636800e+000
  2.1695508e+002 -7.3674000e-001  1.2026396e+002 -3.7189950e+001 -2.1400060e+001
  1.0587229e+003  2.4490160e+001  1.3728789e+002 -6.6410300e+001 -8.4048380e+001
  3.8934780e+002  6.3925110e+001  1.5174809e+002 -6.1434610e+001 -2.4530090e+001
  1.6676790e+002  7.1480530e+001  6.9908670e+001 -1.5378210e+001 -1.0964360e+001
  7.7594660e+001  2.6434900e+001  4.2425440e+001 -1.2626500e+001  1.0499080e+001
  6.9388900e+001  2.8824100e+001  3.2814500e+001 -8.0942000e+000  8.6075000e+000
  4.8183100e+001  1.2224900e+001  1.7386400e+001 -4.4037000e+000  6.2582000e+000
  1.7125897e+002  5.2831420e+001  6.3206120e+001 -2.3818250e+001  1.9924930e+001
  9.8752860e+001  4.3161500e+001  1.5795190e+001 -2.6073940e+001  2.4921540e+001
  4.6944810e+001  1.4393780e+001  3.3396300e+000 -1.0841170e+001  8.5777700e+000
  5.5557100e+001  2.5168230e+001  1.8077200e+000 -1.5591510e+001  1.1473040e+001
  5.3487400e+001  2.1414700e+001 -3.3790000e+000 -1.1790100e+001  8.7975000e+000
  3.8151760e+002  9.7826900e+001  6.1095000e+000 -7.2125300e+001 -3.7059000e+000
  2.6330140e+002  1.0830980e+002  1.8527200e+001 -5.9391300e+001 -1.9050800e+001
  4.3527400e+001  2.1216200e+001 -1.1660000e+000 -1.2035800e+001 -4.1129000e+000
  9.3463800e+001  2.0922600e+001 -1.3561300e+001 -1.1306900e+001 -1.5739700e+001
  4.5846900e+001  1.3196200e+001  2.4630000e-001  6.0000000e-001 -1.0238400e+001
  3.9595380e+001  3.9187800e+000  4.2980700e+000  1.6069100e+000 -3.3666700e+000
  3.1576900e+001  4.0646000e+000  4.0720000e+000 -5.1382000e+000  1.0100000e+000
  6.2438100e+001  1.8010100e+001  8.7569000e+000 -9.0651000e+000  1.5176000e+000
  2.6446000e+001  7.5814000e+000  4.0010000e-001 -4.6876000e+000  1.3680000e-001
  3.5253300e+001  8.0868000e+000 -3.0486000e+000 -5.6016000e+000 -2.2056000e+000
  4.5951000e+001  1.4618300e+001 -8.8253000e+000 -9.2223000e+000 -6.4899000e+000
  3.6341200e+001  2.1434500e+001 -1.1112200e+001 -8.7974000e+000 -7.6486000e+000
  2.7869300e+001  9.2538000e+000 -8.4853000e+000 -5.4214000e+000 -5.4572000e+000
  6.7193600e+001  2.1056000e+000 -7.7992000e+000 -9.4023000e+000 -4.3105000e+000
