  9.6353700e+000 -1.0116300e+000  2.3743200e+000  1.1299700e+000 -2.4548000e+000
  3.6440220e+001  3.0359000e-001  5.1737000e+000 -3.9943200e+000 -6.9250600e+000
  2.3241200e+000  1.5587700e+000  1.5977000e+000 -5.0063000e-001  3.5670000e-002
  7.2002200e+000  7.8134000e-001  2.9526400e+000  8.2977000e-001 -5.2670000e-002
  4.8103200e+000 -2.0722000e-001  2.1882000e-001  9.4304000e-001 -8.0022000e-001
  7.7134700e+000  1.7526400e+000  2.0732000e+000 -1.1463500e+000 -3.8484000e-001
  5.4843600e+000  2.0824800e+000  5.8320000e-002  2.6262000e-001 -7.6674000e-001
  2.6579560e+001  1.5242410e+001 -3.7157000e-001  1.4203800e+000 -4.7740600e+000
  8.8883000e+000  2.8202000e+000 -1.7167000e+000  4.5835000e-001 -1.1286000e+000
  8.0148700e+000  6.5467800e+000  2.4570700e+000 -7.4526000e-001 -5.4063000e-001
  1.7273410e+001  1.2002230e+001  6.5326300e+000 -4.6247800e+000 -2.7510600e+000
  4.5569550e+001  3.0099830e+001  7.6904000e+000 -1.9396100e+000 -5.4438800e+000
  7.7251920e+001  8.5090400e+000 -2.1434700e+001  1.2840400e+001 -2.8259520e+001
  3.7678480e+001  6.3848200e+000 -1.2176080e+001  8.4337800e+000 -2.1261680e+001
  2.3302800e+001  1.1400790e+001 -1.7200200e+000  4.3532600e+000 -8.7114900e+000
  4.0818940e+001  2.0853320e+001 -7.8118100e+000 -6.1491000e-001 -1.8889500e+001
  1.4314280e+001  6.2584200e+000 -3.5935000e+000  2.6068600e+000 -7.2190800e+000
  3.2999070e+001  1.6013180e+001 -9.1344500e+000  5.2132200e+000 -1.6466960e+001
  5.8081700e+001  2.9633980e+001 -1.4113660e+001  3.4830800e+000 -2.6678840e+001
  3.0247710e+001  9.4497900e+000 -5.0935700e+000  5.4032300e+000 -9.2799000e+000
  2.4224970e+001  8.7403400e+000 -1.3774160e+001  1.5021000e+000 -9.1874300e+000
  1.3140940e+001  5.0667200e+000  1.7088000e-001 -1.3473000e+000 -1.7812000e+000
  3.4697530e+001  1.5615290e+001 -8.3365800e+000 -4.3513000e+000 -3.2041000e+000
  3.1591710e+001  1.2575510e+001 -6.2452400e+000 -6.5252900e+000 -3.6249300e+000
  7.0273540e+001  1.9089120e+001 -3.6147600e+001 -4.5332700e+000 -2.9469820e+001
  3.8992320e+001  1.2289940e+001 -1.5090350e+001 -5.9235300e+000 -1.5275950e+001
  3.9656760e+001  4.1852500e+000 -1.1153670e+001 -1.7768200e+000 -1.4609230e+001
  2.3032934e+002  6.5897550e+001 -1.4525095e+002  1.4121660e+001 -1.2101850e+002
  6.8230050e+001  1.5830510e+001 -3.0755750e+001  3.1365900e+000 -3.5917250e+001
  3.1150170e+001  1.4559540e+001 -9.7343600e+000 -2.3588300e+000 -1.5985790e+001
  2.6486730e+001  1.7802090e+001 -5.1817100e+000 -3.8294400e+000 -8.0531400e+000
  2.3885940e+001  7.4308600e+000 -9.9545000e-001 -4.6466200e+000 -3.1867000e+000
  4.0262690e+001  7.8375600e+000  4.9233600e+000 -3.6103800e+000  1.1712300e+000
  4.1750050e+001  8.9809200e+000 -1.6228700e+000 -2.4828100e+000 -4.4268200e+000
  1.5750280e+001  4.9873000e+000 -4.8680000e-001 -2.3410600e+000  8.0056000e-001
  1.6038610e+001  3.4320500e+000 -1.8746900e+000 -1.6174900e+000 -1.0597100e+000
  1.5158750e+001 -1.1221600e+000 -6.9859000e+000  1.1505400e+000 -1.8044300e+000
  1.5054940e+001 -9.0980000e-001 -3.9771200e+000  1.4203100e+000 -8.7352000e-001
  3.2149390e+001  2.7311700e+000 -1.1561920e+001  2.1346600e+000  6.9297000e-001
  6.5585440e+001  6.2033800e+000 -2.2866010e+001 -7.6714000e-001  2.3678100e+000
  4.2469880e+001  8.5288800e+000 -1.6680820e+001  2.8068200e+000 -9.7247800e+000
  1.1736194e+002  2.0494300e+001 -2.3807940e+001  5.8347000e+000 -2.4747200e+000
  6.0431300e+001 -2.0013000e+000 -5.1184600e+000 -1.5349000e-001  3.1713200e+000
  4.6454940e+001 -8.9537400e+000 -8.4081800e+000 -1.4582000e+000 -8.7160400e+000
  1.3566119e+002 -2.2297730e+001 -1.8983780e+001  2.4550300e+000 -2.5624290e+001
  1.0422578e+002 -3.1198120e+001 -2.5188010e+001  6.3781500e+000 -1.9395540e+001
  6.4547550e+001  6.3709800e+000  3.5720000e+000  5.1533600e+000 -1.0479980e+001
  3.0173340e+001 -4.7016300e+000 -3.2869000e-001  1.0963500e+000 -9.8036000e-001
  5.6658240e+001 -5.9464200e+000  4.3619400e+000 -6.2576000e-001  8.8813000e-001
  3.5881280e+001 -1.2033580e+001  1.3464000e+000  3.9036600e+000  1.9690400e+000
  4.1638460e+001  4.4265500e+000  1.9202300e+001 -2.0684800e+000  6.5411500e+000
  2.3045870e+001 -3.0362400e+000  6.5166200e+000  1.0415700e+000  1.1220300e+000
  1.1167840e+001 -2.4026800e+000  4.4665000e-001 -1.1428100e+000  2.1990300e+000
  2.6294470e+001 -2.9939200e+000 -1.3479000e-001 -7.1605000e-001  2.9326100e+000
  1.1851270e+001 -2.8712200e+000 -9.0670000e-001  8.4636000e-001  9.3140000e-002
  1.3024780e+001 -3.1577000e+000 -2.0801600e+000  1.0866200e+000  2.8976000e-001
  1.0002400e+001 -1.8467000e+000 -2.5470500e+000  1.6642000e-001  9.7238000e-001
  2.4580330e+001 -1.9753400e+000 -7.1357900e+000  3.2200100e+000 -3.1718000e-001
  1.7442280e+001 -4.9114400e+000 -5.7207000e+000  3.4010300e+000 -5.9570000e-002
  2.1773480e+001 -1.2943800e+000 -6.3148900e+000  4.2179700e+000 -1.1582800e+000
  4.8857490e+001  2.9381860e+001 -8.4656600e+000  4.6090500e+000 -7.5210400e+000
  6.5693370e+001  1.0565540e+001 -2.2254980e+001  1.6633280e+001 -1.0971160e+001
  1.3764080e+001  1.2991500e+000 -3.3719600e+000  2.0032300e+000 -1.0549700e+000
  1.7651700e+001  4.2539000e-001 -2.8907800e+000  3.3027100e+000 -2.0643800e+000
  1.7588610e+001 -1.4589800e+000 -3.7786100e+000  3.6949800e+000 -2.5292600e+000
  5.8886120e+001  2.2492290e+001 -7.1149900e+000 -9.4499000e-001 -6.6364700e+000
  9.8984290e+001  2.9691210e+001 -1.1361210e+001 -1.6914640e+001 -3.2459600e+000
  4.7177250e+001 -9.3651300e+000 -9.6030700e+000  1.7774600e+000 -5.9732200e+000
  6.2370860e+001  1.2814000e-001 -3.1794720e+001  1.4996720e+001 -1.8336580e+001
  6.7708280e+001 -6.1459200e+000 -3.3789850e+001  8.6392700e+000 -1.7577290e+001
  4.6940880e+001 -4.2891400e+000 -2.1066710e+001  4.1658700e+000 -1.0447840e+001
  1.9880060e+001 -3.7331800e+000 -8.7921300e+000  1.8004800e+000 -6.1114900e+000
  6.0110040e+001  3.2228900e+000 -3.8408590e+001  7.8207900e+000 -2.1693320e+001
  3.6068430e+001 -7.3245400e+000 -1.8066360e+001  3.6760000e+000 -9.9119800e+000
  4.4903880e+001 -4.5278400e+000 -3.6388880e+001  1.0107720e+001 -1.9227840e+001
  2.6251250e+001 -6.9660200e+000 -1.4020270e+001  5.0985700e+000 -8.3783300e+000
  8.0113700e+001 -2.7726980e+001 -2.1541140e+001  2.0573900e+000 -1.2445350e+001
  1.2596315e+002 -3.2688000e+001 -3.8257350e+001  7.8397400e+000 -1.5742520e+001
  5.5624550e+001 -1.2206870e+001 -1.6132740e+001 -1.2517300e+000 -5.0148300e+000
  3.8779640e+001  2.1029800e+000 -1.1934060e+001 -3.0734800e+000 -3.9475200e+000
  4.5171560e+001 -9.9958000e+000 -2.1552800e+001 -3.1485700e+000 -4.5164300e+000
  2.0229540e+001 -4.0554700e+000 -1.2934070e+001 -1.7230600e+000 -4.1120700e+000
  4.5972500e+001 -1.2861470e+001 -2.5067610e+001 -5.8811400e+000 -5.2288500e+000
  3.6327840e+001 -1.1708900e+001 -1.4030510e+001 -2.6132500e+000 -3.9645700e+000
  5.6174860e+001 -1.3879490e+001 -3.3254280e+001 -6.4836300e+000 -2.2168240e+001
  3.2973400e+001 -1.4808200e+001 -1.5553940e+001 -3.3085900e+000 -1.1933940e+001
  3.4079700e+001 -1.2256530e+001 -1.7348640e+001 -1.7867200e+000 -8.8173900e+000
  1.9871940e+001 -7.9360600e+000 -9.6573200e+000 -7.3786000e-001 -7.7358600e+000
  1.7835170e+001 -1.7819800e+000 -4.7191300e+000 -1.7042300e+000 -3.7657700e+000
  2.4388470e+001 -8.1823800e+000 -6.6572600e+000 -5.1144000e-001 -2.3036500e+000
  2.9825700e+001 -1.0896360e+001 -2.7235300e+000 -1.4954100e+000 -2.4683800e+000
  3.5336350e+001 -1.5692030e+001 -8.4956100e+000 -2.6828900e+000 -8.4794000e-001
  6.8230550e+001 -1.2632460e+001 -2.4582610e+001  3.3735500e+000 -1.0021270e+001
  2.3761930e+001 -1.2061120e+001 -4.4997900e+000 -7.7428000e-001 -4.4322000e-001
  4.4667460e+001 -8.2942800e+000 -1.3972540e+001 -3.1157000e-001 -5.7528700e+000
  4.4076580e+001 -1.6468430e+001 -3.6502000e+000  1.0110400e+000 -3.0342000e+000
  3.5200280e+001 -1.4573180e+001 -6.8701700e+000  5.7766800e+000 -2.6915800e+000
  5.3961345e+002 -3.9895470e+001 -1.1925250e+002 -1.9932340e+001 -5.3134000e+001
  8.5487660e+001 -3.1726370e+001 -2.0016870e+001  2.8485500e+000 -7.8152300e+000
  5.5005740e+001 -2.3860420e+001 -6.9222800e+000  2.1003700e+000 -4.3432400e+000
  2.5257030e+001 -1.2692330e+001 -6.7021600e+000  2.2089500e+000 -3.5115400e+000
  1.9388240e+001 -8.3379500e+000 -5.4307000e+000  1.7556500e+000 -1.9945300e+000
  2.2458000e+001 -9.2376000e+000 -3.6704000e+000  6.8304000e-001 -3.6337600e+000
  2.0436640e+001 -9.7859200e+000 -4.7064800e+000  1.0393600e+000 -3.2695200e+000
  1.6158960e+001 -8.1966300e+000 -2.7925200e+000  8.7959000e-001 -9.4140000e-001
  3.8735120e+001 -8.7426700e+000 -7.2058300e+000  2.3341400e+000 -3.6947500e+000
  3.0806920e+001 -8.9544100e+000 -6.8955300e+000  4.0264500e+000 -3.6008700e+000
  2.3863920e+001 -1.0007410e+001 -5.6091200e+000  2.1398000e+000 -1.8943300e+000
  8.0805000e+001  3.7890200e+000 -3.6447290e+001  2.0572290e+001 -3.1333250e+001
  5.1539490e+001 -1.5947240e+001 -1.5368830e+001  1.0730640e+001 -1.8568010e+001
  5.4399050e+001 -4.6981400e+000 -1.4093280e+001  1.1997710e+001 -1.4137030e+001
  3.2065430e+001 -7.2506100e+000 -6.0654000e+000  3.3498400e+000 -4.3315600e+000
  2.4282490e+001 -4.0801000e+000 -8.2600000e-001  2.0056200e+000 -3.8057600e+000
  4.1092380e+001 -8.5348000e-001 -4.4175800e+000 -2.8128000e-001 -6.1800600e+000
  1.6789350e+001  6.3960000e-001 -3.1085000e+000  1.4505500e+000 -3.3546500e+000
  2.5999280e+001  3.0107900e+000 -8.5698200e+000  1.4467500e+000 -2.7746600e+000
  1.7586540e+001 -3.0208400e+000 -5.2855800e+000 -8.9024000e-001 -2.2496800e+000
  1.5613020e+001  1.8235100e+000 -6.6510600e+000 -1.7124000e-001 -3.3224700e+000
  2.2956550e+001  1.8373300e+000 -5.9216700e+000  8.9285000e-001 -3.4158200e+000
  1.5758280e+001 -2.6955400e+000 -6.3140500e+000  4.5533000e+000 -4.3553000e+000
  9.3803100e+000  5.8907000e-001 -3.6070000e+000 -5.3902000e-001 -1.3177000e+000
  1.0137200e+001  2.4047300e+000 -3.6235400e+000 -9.5364000e-001 -3.4340100e+000
  2.0264620e+001  2.7438600e+000 -3.5139200e+000 -2.4199700e+000 -3.1077500e+000
  2.5730520e+001  2.2874000e+000 -6.4410900e+000 -2.0798000e+000 -7.2829800e+000
  8.5820300e+000 -1.9456500e+000 -2.6834900e+000  2.5520000e-002 -2.6376200e+000
  1.5580050e+001 -7.8160000e-002 -3.8736300e+000 -4.8245000e-001 -2.4492300e+000
  9.1630600e+000 -8.6339000e-001 -5.6044000e-001 -5.5684000e-001 -1.6820300e+000
  1.1667030e+001 -5.1087400e+000 -1.7754300e+000 -4.9877000e-001 -1.9641000e+000
  1.1860800e+001  1.8629000e+000 -5.3843300e+000 -1.3178100e+000 -5.7712700e+000
  1.5084090e+001  2.6420900e+000 -8.9710700e+000 -2.9372900e+000 -5.1432800e+000
  2.4235590e+001 -5.4945500e+000 -8.9295300e+000  6.1209000e-001 -4.2613100e+000
  1.8632750e+001  1.3443700e+000 -6.7632000e+000 -2.1944900e+000 -3.4287300e+000
  3.4489570e+001  6.1679100e+000 -2.2926010e+001 -4.0389500e+000 -1.6605880e+001
  1.3303800e+001 -2.5925800e+000 -3.4751800e+000  5.0036000e-001 -1.7013800e+000
  2.3993780e+001 -8.0530400e+000 -1.0183710e+001  3.1857700e+000 -6.1683400e+000
  3.3511910e+001 -7.5987800e+000 -1.4720460e+001  4.2459900e+000 -6.8393000e+000
  2.8422950e+001 -1.3551540e+001 -7.6709100e+000  3.0627600e+000 -4.8842700e+000
  9.0123020e+001 -8.9316800e+000 -3.5221980e+001 -1.1338100e+000 -2.2227200e+001
  3.0733750e+001 -4.6641300e+000 -1.2330590e+001  2.5206700e+000 -9.2195900e+000
  3.4050650e+001  2.7137300e+000 -1.4564870e+001 -2.0569400e+000 -9.2467100e+000
  1.5965696e+002 -1.2387120e+001 -5.7459640e+001 -2.1834400e+000 -5.2075300e+001
  8.2907560e+001  1.1509160e+001 -3.4937590e+001 -5.9654800e+000 -3.8768230e+001
  4.7514570e+001 -1.3345180e+001 -1.8094430e+001  8.1460000e-002 -2.1147410e+001
  2.3623130e+001  3.0475000e+000 -7.8260800e+000  6.5799000e-001 -2.5385900e+000
  3.6508840e+001 -8.2551800e+000 -1.1805560e+001 -2.6227000e+000 -1.0580640e+001
  3.5990250e+001 -1.3400310e+001 -8.2073300e+000 -4.3733800e+000 -3.6051500e+000
  1.0039345e+002 -2.9333760e+001 -3.1152960e+001 -1.2998060e+001 -9.7232000e-001
  9.9050420e+001  4.8853050e+001 -4.5857090e+001 -6.7548370e+001 -1.6361750e+001
  2.1972790e+001 -1.1501090e+001  3.2917100e+000 -1.5726000e+000  3.6484500e+000
  8.3582730e+001  4.1485400e+000 -5.9957060e+001 -6.2403580e+001 -3.4175980e+001
  8.3494510e+001 -9.1346700e+000 -2.7854090e+001 -1.8834330e+001  6.2344000e-001
  7.0305720e+001 -5.7046600e+000 -3.5666380e+001 -2.6151140e+001 -2.3655100e+001
  8.4446020e+001  3.7106700e+000 -7.5006900e+000 -1.8274270e+001 -2.4113690e+001
  5.2477010e+001  1.8633700e+000 -1.4883210e+001 -2.0541140e+001 -2.5992290e+001
  3.6162660e+001 -2.4390300e+000 -7.0541600e+000 -2.8981700e+000 -7.5855600e+000
  5.7262180e+001 -2.3624500e+000 -1.9519910e+001 -8.5056300e+000 -1.6741700e+001
  2.6409995e+002 -4.2110020e+001 -4.4912810e+001 -4.3949450e+001  3.4558000e+000
  1.2905312e+002 -1.6049800e+001 -1.5102770e+001 -2.9243330e+001  1.5038830e+001
  1.0795290e+002 -2.3660050e+001 -1.3858750e+001 -1.8088850e+001  8.2861000e+000
  6.4180900e+001 -4.5532500e+000 -1.6618150e+001 -1.7457070e+001  3.5853400e+000
  3.9641610e+001  1.0116280e+001 -1.4833000e+000 -1.4229370e+001  7.5812100e+000
  3.1701190e+001  1.7222760e+001 -1.2902500e+000 -9.6941900e+000  5.3699300e+000
  3.2683990e+001  1.4499670e+001  3.0398800e+000 -1.4922330e+001  1.2311190e+001
  3.4026890e+001  1.5884070e+001  3.6430200e+000 -1.2802870e+001  1.0143910e+001
  3.7539600e+001  2.0593150e+001 -1.9640450e+001 -1.9930200e+001  9.9771000e+000
  3.2567710e+001  8.9692000e+000 -1.0544410e+001 -5.8877400e+000 -4.6453000e-001
  2.6809580e+001  1.1165950e+001 -2.4874300e+000 -6.0890200e+000  1.9160200e+000
  3.3112760e+001  1.2863190e+001 -2.7286000e+000 -2.2375000e+000 -6.0180000e-001
  2.2136140e+001  1.2302630e+001 -4.4943200e+000  8.4625000e-001 -1.3770700e+000
  2.7782660e+001  1.4027040e+001  3.0337000e-001  7.4179000e-001 -1.1181000e+000
  2.0579200e+001  6.6526800e+000 -1.6953000e+000 -1.5331700e+000 -5.7865000e-001
  4.3536420e+001  2.4009860e+001 -2.4946800e+000 -3.1242500e+000 -6.6639000e-001
  3.3675400e+001  2.4174540e+001 -1.1751140e+001  4.0840000e-002 -3.0029200e+000
  1.6308500e+001  1.1584340e+001 -3.9144200e+000  7.1636000e-001 -3.0486400e+000
  3.4101980e+001  7.7474400e+000 -1.1505600e+000  7.9019000e-001 -3.9895000e+000
  2.4532680e+001  6.0211000e+000  8.4800000e-002 -3.3363000e-001 -1.0497300e+000
  8.8024330e+001  1.3981700e+000  7.5805400e+000  7.7672200e+000  3.6646300e+000
  8.6493240e+001  1.8233200e+001 -1.6621200e+000  1.7474400e+000 -2.1671400e+000
  1.1027207e+002  1.4864550e+001 -7.1558000e-001  7.2616000e+000 -8.4578800e+000
  7.3313320e+001  9.5481200e+000 -8.0628600e+000 -4.1109800e+000  1.8095800e+000
  2.0928418e+002  1.8264600e+000  1.2054676e+002 -3.2891450e+001 -1.4377760e+001
  9.6215255e+002  1.0357760e+001  1.3298089e+002 -5.0732400e+001 -6.0005480e+001
  3.5312280e+002  5.3125210e+001  1.3911639e+002 -5.3720510e+001 -1.8404890e+001
  1.7404290e+002  6.4370730e+001  8.2065270e+001 -1.4055510e+001 -1.4021860e+001
  7.3126560e+001  2.4998800e+001  4.1128340e+001 -1.1555700e+001  9.9202800e+000
  6.5870100e+001  2.7435800e+001  3.0809300e+001 -5.9369000e+000  8.2790000e+000
  4.8265600e+001  1.0749700e+001  1.7948900e+001 -2.2283000e+000  5.6093000e+000
  1.5730067e+002  4.8461420e+001  5.9133320e+001 -2.1430450e+001  1.8751930e+001
  8.7042060e+001  3.6596100e+001  1.4685590e+001 -2.0723640e+001  2.1902040e+001
  3.7135010e+001  1.1446580e+001  2.1083300e+000 -7.7214700e+000  6.1732700e+000
  4.6640100e+001  1.8455130e+001  3.8850200e+000 -1.0906210e+001  9.8756400e+000
  4.5150800e+001  1.8141200e+001 -2.4093000e+000 -7.7303000e+000  7.4481000e+000
  3.0252320e+002  7.2289300e+001  6.3297000e+000 -5.5154900e+001 -1.9696000e+000
  2.0450770e+002  7.9271800e+001  1.7531700e+001 -4.3129000e+001 -1.0029400e+001
  2.5566200e+001  1.4206400e+001  8.3660000e-001 -6.7465000e+000 -1.6024000e+000
  6.8302400e+001  1.8053100e+001 -8.1720000e+000 -7.2519000e+000 -8.8753000e+000
  3.1453900e+001  1.0329100e+001  2.0500000e-001 -5.2920000e-001 -5.9632000e+000
  3.4077780e+001  4.9666800e+000  2.9754700e+000  1.7281100e+000 -2.6768700e+000
  2.5330100e+001  3.4898000e+000  4.1899000e+000 -4.5710000e+000  1.1625000e+000
  4.9307800e+001  1.3587300e+001  6.4815000e+000 -6.4013000e+000  1.2592000e+000
  2.4912700e+001  6.4389000e+000  4.4000000e-003 -4.7716000e+000 -4.2840000e-001
  3.1542200e+001  6.2378000e+000 -1.8591000e+000 -4.2849000e+000 -1.8350000e+000
  4.1717100e+001  1.2153800e+001 -5.8887000e+000 -5.8640000e+000 -5.2309000e+000
  2.8585900e+001  1.4761400e+001 -9.0748000e+000 -5.5495000e+000 -5.9145000e+000
  2.1373000e+001  6.8261000e+000 -5.8415000e+000 -3.3109000e+000 -3.5368000e+000
  5.2611200e+001  3.4341000e+000 -5.1403000e+000 -6.3600000e+000 -2.8359000e+000
