  6.7111700e+000 -8.0973000e-001  1.0902200e+000 -1.9043000e-001 -1.0410000e+000
  7.8555200e+000  1.4174900e+000  3.1190000e-001 -5.3732000e-001 -1.5361600e+000
  1.8677200e+000  1.7024700e+000  3.2490000e+000 -1.4916300e+000  1.7161700e+000
  3.6314200e+000 -4.4976000e-001  4.7624000e-001 -1.0930000e-002 -1.8358700e+000
  5.7569200e+000  2.7038000e-001 -3.4458000e-001 -6.2716000e-001 -8.9162000e-001
  5.2902700e+000  1.0907400e+000  2.6924000e+000 -2.0839500e+000  2.4926000e-001
  5.6212600e+000  1.4586800e+000  1.3082200e+000  1.7292000e-001  5.5246000e-001
  2.6586060e+001  1.1785610e+001 -1.9977000e-001  1.1419800e+000 -5.2104600e+000
  5.1842000e+000  9.9940000e-001  2.5080000e-001 -5.2345000e-001 -1.8451000e+000
  6.0661700e+000  4.2333800e+000  3.7495700e+000 -8.9866000e-001  1.3243700e+000
  1.0491710e+001  3.4134300e+000  2.3047300e+000 -1.2115800e+000 -1.5729600e+000
  2.3855650e+001  1.4973130e+001  6.1210000e+000 -1.6784100e+000 -1.2554800e+000
  4.2354220e+001  6.8537400e+000 -8.8022000e+000  4.7260000e+000 -1.3671720e+001
  3.0756980e+001 -2.1980000e-002 -9.4130800e+000  6.5246800e+000 -1.3206080e+001
  1.8996300e+001  5.6608900e+000  1.3166800e+000  6.6524600e+000 -5.9253900e+000
  2.7156540e+001  1.2260820e+001 -5.4362100e+000 -4.2141000e-001 -1.1962200e+001
  5.3796800e+000 -3.6808000e-001  1.7020000e-001  5.4016000e-001 -4.9998000e-001
  9.8931700e+000  4.4186800e+000 -1.5895000e-001  1.0775200e+000 -4.3757600e+000
  2.4382400e+001  1.7983980e+001 -3.4612600e+000 -3.9262000e-001 -6.7294400e+000
  1.3724310e+001  2.9846900e+000 -1.5977000e-001  1.9172300e+000 -2.5347000e+000
  1.0937670e+001  4.8527400e+000 -4.7694600e+000 -4.9040000e-001 -2.3225300e+000
  8.2359400e+000  7.7320000e-002 -2.2319200e+000 -1.3700000e-001 -1.8102000e+000
  1.2849130e+001  1.0133290e+001 -7.5018000e-001 -3.1940000e+000 -1.7700000e-001
  1.2695610e+001  6.8818100e+000 -7.9824000e-001 -3.1430900e+000  4.6777000e-001
  2.6764140e+001  7.9759200e+000 -1.1336600e+001 -3.2184700e+000 -9.0534200e+000
  1.5619520e+001  7.3719400e+000 -6.0057500e+000 -1.9703300e+000 -5.1584500e+000
  2.0920660e+001  1.8676500e+000 -6.6210700e+000  1.0321800e+000 -8.4897300e+000
  1.2118334e+002  3.4791250e+001 -6.9736950e+001  4.5102600e+000 -5.6114100e+001
  3.8319850e+001  6.7952100e+000 -1.2294250e+001 -1.7772100e+000 -1.7051250e+001
  1.3587470e+001  2.3955400e+000 -3.2587600e+000  1.4387000e-001 -3.8975900e+000
  1.0708630e+001  9.2191900e+000 -8.3910000e-002 -3.5770400e+000 -2.5691400e+000
  9.6367400e+000  2.5421600e+000 -1.0144500e+000 -1.1023200e+000 -8.6860000e-001
  2.7240490e+001  5.3720600e+000  2.3304600e+000 -2.1476800e+000 -3.5499700e+000
  2.9640550e+001  5.1603200e+000 -1.9055700e+000 -1.4900100e+000 -4.8687200e+000
  1.0849380e+001  3.1003000e+000 -9.7720000e-001 -1.0315600e+000  6.1456000e-001
  1.6591510e+001  1.0854500e+000 -4.0838900e+000  3.2803100e+000 -1.8018100e+000
  1.5967850e+001 -3.1486000e-001 -5.8001000e+000  4.1044000e-001 -1.0399300e+000
  1.2029640e+001 -5.8980000e-001 -3.4157200e+000  1.7892100e+000 -3.7822000e-001
  2.0204390e+001  1.7434700e+000 -6.6694200e+000  2.6000000e-004  1.6401700e+000
  6.6245240e+001 -1.1927200e+000 -2.1841110e+001  1.0144600e+000  2.2241100e+000
  2.9072480e+001 -1.3880200e+000 -1.3924420e+001  3.5941200e+000 -7.4418800e+000
  9.9954440e+001  4.7956000e+000 -2.2751440e+001  7.4409000e+000 -2.8439200e+000
  6.0055700e+001 -1.3827500e+001 -1.7760660e+001  9.4583100e+000 -8.6861800e+000
  5.2540340e+001 -1.3763440e+001 -1.1077080e+001  9.8280000e-001 -8.6293400e+000
  1.5830019e+002 -4.8567330e+001 -3.7445780e+001  1.5686230e+001 -4.2706490e+001
  1.4261978e+002 -4.4519620e+001 -3.6079510e+001  1.0035850e+001 -2.5649240e+001
  9.3563550e+001 -1.3251200e+000  5.4553000e+000  7.9858600e+000 -1.1684980e+001
  4.9136540e+001 -1.3090830e+001 -5.8666900e+000  3.7874500e+000 -4.5614600e+000
  6.2307640e+001 -9.9728200e+000 -2.8666000e-001  2.6613400e+000 -1.8594700e+000
  4.4641780e+001 -1.3954280e+001 -5.4510000e-001  6.6281600e+000  2.7124000e-001
  3.7795360e+001  1.7661500e+000  1.3780300e+001 -1.2551800e+000  2.7903500e+000
  2.3017170e+001 -1.9073400e+000  6.7718200e+000 -1.4871300e+000  2.9461300e+000
  2.0032840e+001 -5.9907800e+000 -6.1650000e-002  1.9639000e-001  2.1451300e+000
  2.9452870e+001 -1.1085620e+001 -4.8760900e+000  1.7356500e+000  8.2801000e-001
  1.2491970e+001 -3.3821200e+000 -1.4308000e+000  1.1595600e+000 -7.4576000e-001
  1.3846380e+001 -4.0063000e+000 -2.6718600e+000  1.2696200e+000 -7.6254000e-001
  1.0799200e+001 -2.8106000e+000 -3.0862500e+000  5.8742000e-001  1.9378000e-001
  2.2386930e+001 -4.7114000e-001 -5.6094900e+000  2.5369100e+000  5.3202000e-001
  1.6306480e+001 -5.2344400e+000 -5.7609000e+000  3.1072300e+000  3.8693000e-001
  2.1207880e+001 -1.9958800e+000 -5.3793900e+000  3.6951700e+000 -6.6238000e-001
  3.8328790e+001  2.4829560e+001 -6.0229600e+000  3.0748500e+000 -6.6450400e+000
  5.8632670e+001  8.0430400e+000 -1.8731380e+001  1.3722980e+001 -7.5782600e+000
  1.5192180e+001 -5.5155000e-001 -3.8470600e+000  2.5383300e+000 -8.6297000e-001
  1.7675000e+001  1.2260900e+000 -2.1693800e+000  3.5332100e+000 -2.8133800e+000
  1.7987610e+001  1.0742000e-001 -4.8520100e+000  4.0136800e+000 -4.8003600e+000
  6.4641620e+001  2.0216190e+001 -6.1698900e+000  1.0131000e-001 -7.8202700e+000
  1.0163389e+002  3.6866710e+001 -1.3886110e+001 -1.5224340e+001 -4.9987600e+000
  4.5592750e+001 -1.0816830e+001 -6.5912700e+000  3.2677600e+000 -4.4996200e+000
  5.3220060e+001 -3.1759600e+000 -2.6367620e+001  1.3504720e+001 -1.4368680e+001
  4.3329480e+001 -1.7752200e+000 -1.5875550e+001  5.5277000e-001 -8.1664900e+000
  3.1390580e+001  2.8652600e+000 -1.1144410e+001  3.7147000e-001 -4.0193400e+000
  1.9829360e+001 -1.2267800e+000 -5.1803300e+000  1.5484800e+000 -4.2587900e+000
  4.1583840e+001 -5.0406100e+000 -2.2310490e+001  5.7293900e+000 -1.4472620e+001
  2.3418630e+001 -3.9544400e+000 -1.1077660e+001  1.6768000e+000 -5.9327800e+000
  4.5439280e+001 -1.0680040e+001 -3.1298780e+001  9.3082200e+000 -1.8692140e+001
  2.6004550e+001 -6.0643200e+000 -1.3002170e+001  4.2385700e+000 -8.0013300e+000
  4.8022500e+001 -2.0433180e+001 -1.1738740e+001  3.1879900e+000 -9.5610500e+000
  7.5772550e+001 -1.9311800e+001 -2.1354150e+001  4.0836400e+000 -9.6726200e+000
  3.8252950e+001 -1.2262070e+001 -9.1361400e+000  1.6169700e+000 -3.1576300e+000
  2.3048640e+001 -2.1687200e+000 -4.2927600e+000 -2.5464800e+000 -1.1893200e+000
  3.0350260e+001 -1.3318800e+001 -9.8261000e+000 -2.4839700e+000 -1.2800300e+000
  1.9790840e+001 -7.7165700e+000 -1.1612970e+001 -1.5326600e+000 -2.7054700e+000
  2.3019000e+001 -6.1936700e+000 -1.4093610e+001 -2.9726400e+000 -3.5207500e+000
  2.3968340e+001 -7.8265000e+000 -9.9874100e+000 -2.8656500e+000 -3.4604700e+000
  2.6586860e+001 -9.1578900e+000 -8.6300800e+000 -3.6855300e+000 -5.4669400e+000
  1.6983300e+001 -8.4449000e+000 -7.5705400e+000 -1.6262900e+000 -5.8892400e+000
  1.3286400e+001 -8.1646300e+000 -3.9547400e+000  5.9648000e-001 -5.8890000e-002
  1.5859340e+001 -8.1012600e+000 -5.2485200e+000  1.5640000e-002 -3.8686600e+000
  2.0747570e+001 -3.7982800e+000 -7.3053300e+000 -1.1154300e+000 -4.1070700e+000
  1.2541170e+001 -5.1571800e+000 -5.7530600e+000  3.4523600e+000 -9.4805000e-001
  2.2857200e+001 -9.2962600e+000 -1.9363300e+000  7.3189000e-001 -1.4825800e+000
  3.9339150e+001 -1.5356430e+001 -8.1255100e+000 -4.9889000e-001 -1.9662400e+000
  6.7465650e+001 -1.6058460e+001 -1.9315910e+001  1.5057500e+000 -8.6778700e+000
  2.7070130e+001 -1.3159520e+001 -7.2109900e+000 -9.5388000e-001 -3.1202200e+000
  6.0760560e+001 -1.2246880e+001 -2.2890940e+001 -1.8448700e+000 -1.0969970e+001
  8.7728080e+001 -4.7410630e+001 -1.2615000e+001  3.7767400e+000 -1.3331800e+001
  4.8269680e+001 -2.7427080e+001 -7.5055700e+000  8.7497800e+000 -2.0265800e+000
  5.8515785e+002 -2.4108027e+002 -9.0867000e+001  1.5744560e+001 -1.8445200e+001
  8.0153360e+001 -3.3969170e+001 -2.0181270e+001  4.8986500e+000 -8.0522300e+000
  6.3810040e+001 -3.2510320e+001 -9.3015800e+000  5.6692700e+000 -6.2843400e+000
  4.0854630e+001 -2.5503230e+001 -1.0961560e+001  3.1357500e+000 -5.3670400e+000
  3.8644240e+001 -2.2815050e+001 -9.4713000e+000  6.5022500e+000 -2.4616300e+000
  3.4727100e+001 -1.4656400e+001 -5.5142000e+000  2.3341400e+000 -4.0639600e+000
  3.8051940e+001 -1.9430120e+001 -9.3375800e+000  1.9910600e+000 -4.4969200e+000
  3.2261460e+001 -2.1048830e+001 -1.0216820e+001  4.9731900e+000 -1.9463000e+000
  7.1734620e+001 -3.7069470e+001 -1.7614930e+001  9.1996400e+000 -4.0888500e+000
  4.7385720e+001 -2.0106010e+001 -1.4503930e+001  9.5093500e+000 -4.6873700e+000
  4.2010020e+001 -2.3030810e+001 -1.4346020e+001  8.8720000e+000 -4.6995300e+000
  1.3347430e+002 -1.1775480e+001 -6.4495690e+001  4.3350790e+001 -5.7506750e+001
  9.5933190e+001 -4.3884940e+001 -2.9352430e+001  2.2467940e+001 -3.3311610e+001
  9.2338150e+001 -2.0874640e+001 -3.3011180e+001  2.3903210e+001 -2.8900930e+001
  4.8356930e+001 -2.4450110e+001 -1.1076100e+001  7.9242400e+000 -4.5647600e+000
  4.2765390e+001 -1.2072900e+001 -3.6451000e+000  7.6582200e+000 -8.5555600e+000
  4.8100380e+001 -1.8708580e+001 -1.3828680e+001  6.1790200e+000 -1.0345260e+001
  2.7109150e+001 -8.6141000e+000 -1.8636500e+001  3.3867500e+000 -1.0502250e+001
  3.2927980e+001 -5.8223100e+000 -1.2336520e+001  4.1845500e+000 -6.4977600e+000
  2.1063340e+001 -9.9451400e+000 -6.4541800e+000  1.8890600e+000 -3.4868800e+000
  2.1549820e+001 -1.1080390e+001 -8.8091600e+000  2.8827600e+000 -5.6666700e+000
  2.4365350e+001 -7.4181700e+000 -1.3671670e+001  4.0941500e+000 -7.9597200e+000
  1.9210680e+001 -6.1511400e+000 -1.5620350e+001  1.2111100e+001 -1.2379700e+001
  1.2963310e+001 -8.7099300e+000 -5.9014000e+000  3.5901800e+000 -2.2674000e+000
  1.1727200e+001 -5.4755700e+000 -2.9438400e+000  1.4525600e+000 -2.9992100e+000
  1.8264420e+001 -5.5224400e+000 -3.0065200e+000  2.4298300e+000 -3.5387500e+000
  1.9078520e+001 -4.0323000e+000 -3.9669900e+000  1.8161000e+000 -5.9610800e+000
  1.3594930e+001 -7.1325500e+000 -4.4815900e+000  1.7976200e+000 -2.7467200e+000
  2.1069750e+001 -1.0346260e+001 -9.1299300e+000  2.4320500e+000 -6.1070300e+000
  1.0032660e+001 -7.2045900e+000 -1.9161400e+000  3.6698600e+000 -1.8071300e+000
  1.4350730e+001 -1.1556640e+001 -3.9572300e+000  6.2438300e+000 -2.3995000e+000
  3.2932000e+000 -4.7870000e+000 -4.3683300e+000  4.5530900e+000  4.8773000e-001
  1.0408090e+001 -1.6047710e+001 -2.5434700e+000  8.1347100e+000  3.5570200e+000
  4.0534390e+001 -2.2821650e+001 -8.6850300e+000  6.3360900e+000 -1.4542100e+000
  2.8043350e+001 -1.3104530e+001 -5.7441000e+000  1.8207100e+000 -1.2086300e+000
  4.3153870e+001 -7.6122900e+000 -2.4499210e+001  6.5065000e-001 -1.3414480e+001
  2.8666600e+001 -1.9431980e+001 -6.2017800e+000  4.5891600e+000  3.4452000e-001
  3.7745080e+001 -1.9269640e+001 -1.1925810e+001  6.9979700e+000 -1.2288400e+000
  8.1147610e+001 -4.5739180e+001 -2.4297960e+001  2.2108490e+001 -5.0435000e+000
  6.0609350e+001 -4.2620240e+001 -1.6947910e+001  1.2127860e+001 -4.7367700e+000
  1.2099602e+002 -4.8280480e+001 -4.8264180e+001  1.0360690e+001 -2.3000200e+001
  3.5947450e+001 -1.7174730e+001 -8.3591900e+000  5.2521700e+000 -8.1899000e-001
  4.1582550e+001 -1.9857670e+001 -1.6139470e+001  7.3333600e+000 -2.4279100e+000
  2.0791616e+002 -4.4182820e+001 -7.7481840e+001  1.4278260e+001 -5.5062400e+001
  5.8734260e+001 -4.1741940e+001 -1.6094190e+001  4.5358200e+000  3.8767700e+000
  4.9761370e+001 -3.2984280e+001 -1.1214330e+001  8.1384600e+000 -2.9486100e+000
  3.0674830e+001 -8.4267000e+000 -2.3586480e+001 -8.6220100e+000 -4.3601900e+000
  2.9350040e+001 -2.1110580e+001 -8.1996600e+000  9.5992000e+000 -2.3016400e+000
  5.1703550e+001 -4.4144610e+001 -1.9710830e+001  1.0781520e+001  7.9450000e-002
  6.7791450e+001 -1.1277736e+002  3.3569540e+001  7.1067640e+001  1.3466480e+001
 -3.6463180e+001 -8.4510250e+001  4.7444010e+001  8.9622430e+001  1.7138350e+001
 -1.5905410e+001 -2.2464190e+001  3.3973710e+001  1.9537400e+001  2.6030550e+001
 -1.3471770e+001 -1.4428960e+001  3.7946440e+001  5.7561920e+001  4.4248120e+001
  1.4013910e+001 -6.9957000e-001  2.0834910e+001  1.5250970e+001  3.4889740e+001
  4.1523920e+001 -2.1556860e+001 -2.2754980e+001  4.5966600e+000 -1.2451400e+001
  3.4611120e+001 -8.3196300e+000 -2.3753900e+000  8.2351300e+000  1.7529100e+000
  2.0203410e+001 -3.6350300e+000 -6.8942100e+000  4.7127600e+000  1.0219100e+000
  1.2005460e+001 -4.4835300e+000 -3.5496600e+000  9.7610300e+000  5.8714400e+000
  4.1170480e+001 -5.6623500e+000 -9.3311100e+000  7.1686700e+000 -5.1918000e+000
  1.7172705e+002 -4.7891320e+001 -2.2584510e+001  3.3371500e+000  9.7628000e+000
  6.7282220e+001 -2.2965400e+001 -1.3857470e+001  1.1237470e+001  3.3601300e+000
  8.7224200e+001 -2.2581050e+001 -1.0823850e+001 -9.7686500e+000  5.4956000e+000
  4.5482800e+001 -1.0067550e+001 -9.7493500e+000 -4.1908700e+000 -1.2528600e+000
  5.1446100e+000 -1.1965220e+001 -4.1833000e+000  8.7852300e+000 -7.5121900e+000
  1.5963990e+001  2.0570600e+000  3.4495000e-001 -1.3228900e+000  4.0213000e-001
  1.8821190e+001  6.9178700e+000 -2.7342000e-001 -5.1840300e+000  4.9292900e+000
  1.1669390e+001  1.4087700e+000 -1.4848000e-001 -1.7041700e+000  9.4611000e-001
  2.0112700e+001  5.3531500e+000 -9.3621500e+000 -5.9971000e+000  1.3800000e+000
  1.9829210e+001  2.6165000e+000 -6.7314100e+000 -2.2913400e+000 -3.3963000e-001
  1.5022980e+001  3.9668500e+000 -2.1818300e+000 -3.1024200e+000  8.4172000e-001
  2.6885460e+001  7.7393900e+000 -2.7763000e+000 -1.9194000e+000 -2.3250000e-001
  1.7019740e+001  4.2596300e+000 -3.7654200e+000 -9.9965000e-001 -1.2026700e+000
  8.1786600e+000 -1.1556000e-001 -6.3730000e-002  1.7773900e+000  3.3300000e-002
  1.5234400e+001 -1.4082000e-001 -2.6951000e+000 -4.5997000e-001 -2.7955000e-001
  2.0273720e+001  7.2084600e+000 -1.4934800e+000 -3.6550000e-002 -4.0809000e-001
  1.1167900e+001  5.7001400e+000 -2.1481400e+000 -2.6436000e-001  1.3391800e+000
  7.6273000e+000  3.2474000e-001 -1.4822200e+000  6.0656000e-001 -5.9740000e-002
  2.3264680e+001  3.2155400e+000 -2.4076000e-001  8.3939000e-001 -6.4290000e-001
  1.8400180e+001  1.6790000e-001  1.0860000e-001  9.0327000e-001  3.1257000e-001
  5.5122930e+001 -2.0830300e+000 -2.4667600e+000  2.5894200e+000 -2.4836700e+000
  4.8382040e+001  5.7209000e+000 -3.1461200e+000  2.6219400e+000 -1.8770400e+000
  7.3477270e+001  1.7656500e+000 -4.3201800e+000  4.7533000e+000 -3.4418000e-001
  2.4515020e+001  4.9062000e-001 -5.5278600e+000 -4.8786800e+000  6.1904800e+000
  1.0162558e+002 -3.7022400e+000  5.8834760e+001 -1.0401450e+001 -2.2204600e+000
  6.8614075e+002 -4.4772840e+001  4.0993890e+001 -1.0543000e+001 -2.5952080e+001
  2.1128350e+002  2.3598810e+001  7.5476890e+001 -2.3585010e+001 -1.1624590e+001
  7.0154300e+001  1.5553030e+001  2.9367470e+001 -5.9063100e+000 -2.1270600e+000
  2.8657460e+001  9.2603000e+000  1.2519140e+001 -2.9409000e+000  5.1707800e+000
  3.2642800e+001  7.6052000e+000  1.0289700e+001 -1.8748000e+000  5.0344000e+000
  3.2760700e+001  3.8570000e+000  6.9947000e+000 -5.9530000e-001  4.6192000e+000
  8.3390170e+001  8.8787200e+000  1.9562420e+001 -4.4944500e+000  9.6355300e+000
  4.5044860e+001  1.1881900e+001  7.9447900e+000 -9.5829400e+000  1.0092340e+001
  2.0587310e+001  1.0545800e+000  7.7133000e-001 -3.4114700e+000  3.1427700e+000
  2.3660900e+001  7.3481300e+000  3.1340200e+000 -4.4395100e+000  3.5614400e+000
  1.9309200e+001  2.4231000e+000  7.9150000e-001 -8.8750000e-001  8.7840000e-001
  1.7394070e+002  3.4007300e+001  6.1488000e+000 -2.9753900e+001  5.4510000e-001
  9.1153000e+001  2.8379500e+001  1.2003000e+001 -1.7020400e+001 -8.2100000e-002
  8.7490000e+000  2.2234000e+000  1.0489000e+000 -3.4810000e-001 -1.2160000e-001
  3.9079700e+001  8.6793000e+000 -2.4892000e+000 -3.6512000e+000 -2.1144000e+000
  2.1630400e+001  1.8116000e+000  1.5755000e+000 -7.6350000e-001 -1.0987000e+000
  2.1647480e+001 -1.5524200e+000  1.2155700e+000  1.0188100e+000 -4.6017000e-001
  1.7992800e+001 -1.6503000e+000  1.4303000e+000 -2.5048000e+000  1.1338000e+000
  3.4894300e+001  2.6827000e+000 -1.1261000e+000 -4.3921000e+000  3.2950000e+000
  1.8586300e+001 -1.1166000e+000  5.4050000e-001 -2.6404000e+000  3.5320000e-001
  2.4086700e+001 -9.5800000e-001  6.3540000e-001 -1.0496000e+000  9.4970000e-001
  2.4060900e+001  4.0580000e+000 -2.1688000e+000 -2.9015000e+000 -1.0692000e+000
  1.1590400e+001 -6.1060000e-001 -1.1038000e+000  1.6740000e-001 -1.0950000e+000
  1.5575300e+001  2.9060000e-001 -3.4239000e+000 -1.0285000e+000 -1.1407000e+000
  3.2362100e+001 -1.2084300e+001 -2.5342000e+000  7.5690000e-001 -2.3620000e-001
