  1.6440870e+001 -8.1293000e-001  2.2402200e+000  2.6154700e+000 -3.7183000e+000
  4.8006320e+001 -4.2528100e+000  5.4723000e+000  4.4860800e+000 -1.2992760e+001
  7.3002200e+000  2.0080700e+000  5.0180000e-001  4.7889700e+000 -5.8823300e+000
  1.3588320e+001 -1.1676000e-001  6.6048400e+000  2.1981700e+000 -1.8384700e+000
  1.0965920e+001 -2.4650200e+000  8.3412000e-001  1.3315400e+000 -2.5033200e+000
  1.1237170e+001  1.7707400e+000  3.4286000e+000 -2.7650500e+000 -2.2364000e-001
  1.0382960e+001  3.8041800e+000  2.5992200e+000 -9.9478000e-001 -8.2864000e-001
  4.2771060e+001  1.5702310e+001 -4.9224700e+000  2.0585800e+000 -9.8002600e+000
  2.4852800e+001  6.1951000e+000  2.1262000e+000  3.1298500e+000 -1.6994000e+000
  2.1260270e+001  1.7848580e+001 -1.2083000e-001 -1.9338600e+000  2.9077000e-001
  4.1540010e+001  2.4344030e+001  1.1226230e+001 -8.8269800e+000 -4.5597600e+000
  9.1178050e+001  4.8757030e+001  1.2360300e+001 -5.9426100e+000 -9.2970800e+000
  1.0431352e+002  2.4129400e+000 -4.3225600e+001  3.1041400e+001 -6.4526020e+001
  9.2835480e+001 -1.2680780e+001 -4.0224780e+001  3.4020880e+001 -5.5528180e+001
  2.8967000e+001  8.8531900e+000 -5.0352200e+000  1.1779660e+001 -1.4482990e+001
  5.5919940e+001  1.9620920e+001 -1.3312210e+001  6.6692900e+000 -2.9029000e+001
  1.6983380e+001  5.7289200e+000  4.8110000e-001  2.4635600e+000 -7.8340800e+000
  2.6610570e+001  5.9936800e+000 -5.3367500e+000  4.8533200e+000 -9.0618600e+000
  6.3505800e+001  2.6509280e+001 -2.1849460e+001  1.1081480e+001 -3.5317840e+001
  3.8446210e+001  7.7811900e+000 -2.4218700e+000  3.0350300e+000 -1.4693400e+001
  2.5388470e+001  1.1052940e+001 -1.8586160e+001  3.0663000e+000 -1.0983230e+001
  1.0603040e+001 -5.9618000e-001 -3.3140200e+000  1.0046000e+000 -2.7570000e+000
  2.6864530e+001  9.9980900e+000 -8.8738800e+000 -2.4003000e+000 -2.0372000e+000
  2.8014010e+001  7.4588100e+000 -7.9453400e+000 -6.2506900e+000 -3.5787300e+000
  6.8868240e+001  1.6151020e+001 -4.0331000e+001 -2.2661700e+000 -3.3935020e+001
  4.0842320e+001  1.3564840e+001 -1.7347150e+001 -5.8008300e+000 -1.6489850e+001
  4.6265560e+001  4.6808500e+000 -1.3463370e+001 -3.5831200e+000 -1.7292330e+001
  2.0240704e+002  5.4241550e+001 -1.2416835e+002  1.1869160e+001 -1.0743930e+002
  6.9418450e+001  1.2492210e+001 -2.7449850e+001  3.0893900e+000 -3.3443850e+001
  2.8669070e+001  6.8466400e+000 -7.8601600e+000 -1.8532300e+000 -1.1610390e+001
  2.5720930e+001  1.4720390e+001 -4.7834100e+000 -1.7958400e+000 -7.7257400e+000
  2.2810240e+001  5.2285600e+000 -2.0867500e+000 -4.5631200e+000 -3.4430000e+000
  6.0259790e+001  8.6585600e+000  7.5401600e+000 -5.7899800e+000  2.7697300e+000
  5.3852850e+001  7.1149200e+000 -2.6185700e+000 -3.0073100e+000 -3.9337200e+000
  2.2916280e+001  7.1453000e+000 -3.5354000e+000 -1.0210600e+000 -2.5400000e-003
  2.3779810e+001  3.3930500e+000 -4.2795900e+000 -9.0689000e-001 -1.1320100e+000
  2.4156050e+001 -1.0951600e+000 -1.2562300e+001  1.3055400e+000 -3.5775300e+000
  2.7358440e+001 -1.6842000e+000 -7.1726200e+000  2.0040100e+000 -4.4602000e-001
  5.4756890e+001  1.3683700e+000 -2.1892220e+001  3.8106600e+000 -1.2196300e+000
  9.7114640e+001 -7.5173200e+000 -3.4482210e+001  2.4737600e+000 -1.4041900e+000
  6.3565780e+001  3.3556800e+000 -2.8691120e+001  8.6746200e+000 -1.4581480e+001
  1.8072184e+002  1.0321200e+001 -4.0718740e+001  1.5455700e+001 -8.1094200e+000
  8.2949300e+001 -1.4046400e+001 -2.3105160e+001  1.1945610e+001 -8.0689800e+000
  5.7155340e+001 -1.8310540e+001 -1.3311680e+001  1.6513000e+000 -1.0632940e+001
  1.9775539e+002 -6.5219230e+001 -4.4379780e+001  2.0997230e+001 -5.6202790e+001
  1.8076818e+002 -5.8352420e+001 -4.5540310e+001  1.7784150e+001 -4.1604640e+001
  1.2398645e+002  3.0288800e+000  1.2154900e+001  1.0777260e+001 -1.8867980e+001
  6.7950040e+001 -1.8868330e+001 -9.9789000e-001  8.9815500e+000 -8.2906600e+000
  7.5420940e+001 -1.2962520e+001  2.7078400e+000 -5.6560000e-002  1.4654300e+000
  5.3496080e+001 -1.7312680e+001  1.3016000e+000  4.1721600e+000  2.4063400e+000
  6.0368760e+001  9.8935000e-001  2.4453700e+001 -2.5375800e+000  8.6522500e+000
  3.5834070e+001 -5.1450400e+000  7.5668200e+000  2.8343700e+000  3.2633000e-001
  1.8161840e+001 -6.3602800e+000  4.8235000e-001 -9.0721000e-001  3.4144300e+000
  4.3875270e+001 -1.0916920e+001 -3.4480900e+000  4.3235000e-001  3.7903100e+000
  2.4859270e+001 -8.7216200e+000 -3.6501000e+000  2.2604600e+000 -1.7477600e+000
  1.8467680e+001 -4.1437000e+000 -4.2797600e+000  1.6424200e+000  6.8860000e-002
  2.0406000e+001 -7.4568000e+000 -8.7682500e+000  4.6150200e+000 -9.3220000e-002
  3.4265030e+001 -5.6425400e+000 -1.0109190e+001  4.3441100e+000  6.3012000e-001
  2.3051380e+001 -7.0623400e+000 -7.6760000e+000  3.8672300e+000  7.1063000e-001
  3.2696180e+001 -9.0372800e+000 -1.0392990e+001  7.5601700e+000 -1.3017800e+000
  5.5175690e+001  1.6735860e+001 -1.2151460e+001  9.0710500e+000 -9.6941400e+000
  7.2558970e+001  1.0604940e+001 -2.4235180e+001  1.8207180e+001 -1.0417560e+001
  1.4617980e+001  1.7394500e+000 -3.9852600e+000  2.4984300e+000 -1.5079700e+000
  2.3090400e+001  1.5449000e-001 -2.8764800e+000  5.5059100e+000 -3.3703800e+000
  2.6020710e+001 -3.1246800e+000 -6.6402100e+000  8.1866800e+000 -5.6924600e+000
  7.1327020e+001  1.0599690e+001 -8.2114900e+000  4.0595100e+000 -8.5663700e+000
  1.1332239e+002  2.7313910e+001 -2.2496010e+001 -5.7010400e+000 -1.0040760e+001
  7.0189050e+001 -1.5406430e+001 -1.6010470e+001  5.8957600e+000 -8.8592200e+000
  8.1583460e+001 -4.7234600e+000 -4.0757220e+001  2.1220020e+001 -2.2273080e+001
  9.2209280e+001 -1.3587420e+001 -4.4429150e+001  1.3830370e+001 -2.5745990e+001
  5.5403680e+001 -6.8887400e+000 -3.0081210e+001  9.5922700e+000 -1.5522240e+001
  2.7968460e+001 -3.4358000e-001 -1.0977130e+001  4.8038800e+000 -6.5224900e+000
  6.5228240e+001 -9.9281000e-001 -3.9340790e+001  9.8373900e+000 -2.2591920e+001
  4.0283030e+001 -1.1318040e+001 -2.1331160e+001  4.8304000e+000 -1.1799080e+001
  5.5200780e+001 -9.6507400e+000 -4.8593080e+001  1.4759920e+001 -2.6407040e+001
  4.0346050e+001 -1.2120720e+001 -2.3258070e+001  8.7125700e+000 -1.4176830e+001
  1.0257600e+002 -4.7424280e+001 -2.9219140e+001  5.0928900e+000 -1.7608950e+001
  1.5259695e+002 -5.2933900e+001 -4.5889150e+001  1.1866640e+001 -1.8873320e+001
  6.7783150e+001 -2.1887970e+001 -2.2143440e+001  1.7080700e+000 -8.9190300e+000
  4.3490840e+001  3.8319800e+000 -1.7412660e+001 -6.2144800e+000 -2.8087200e+000
  5.6608360e+001 -2.1144200e+001 -2.9253400e+001 -5.1635700e+000 -6.7134300e+000
  2.4533540e+001 -1.4371570e+001 -1.1150670e+001  1.7994000e-001 -2.5557000e-001
  5.0429400e+001 -2.2765470e+001 -2.5658110e+001 -4.4499400e+000 -5.6733500e+000
  4.7875240e+001 -2.4623400e+001 -1.5677210e+001 -4.6891500e+000 -6.0809700e+000
  6.9925460e+001 -2.9209290e+001 -4.4068480e+001 -5.6595300e+000 -2.8406740e+001
  4.2661000e+001 -2.5555800e+001 -2.2923340e+001 -8.6909000e-001 -1.9218340e+001
  3.6585300e+001 -1.3384530e+001 -2.0338940e+001 -4.5788200e+000 -1.1557990e+001
  2.4803940e+001 -9.1871600e+000 -1.7243820e+001 -1.1398600e+000 -1.4531760e+001
  3.3038770e+001 -8.0036800e+000 -1.2259630e+001 -3.1015300e+000 -8.0763700e+000
  2.8631570e+001 -9.4968800e+000 -1.4004360e+001 -1.1061400e+000 -9.3032500e+000
  3.5566100e+001 -1.6231160e+001 -6.0764300e+000 -5.7510000e-002 -7.4368800e+000
  5.1380250e+001 -2.4641630e+001 -1.6161910e+001 -2.0026900e+000 -4.4382400e+000
  7.9788550e+001 -2.4912860e+001 -2.4489310e+001 -4.3247500e+000 -6.0795700e+000
  3.5447230e+001 -1.6751720e+001 -7.7782900e+000  8.9120000e-002 -5.8402000e-001
  6.8385460e+001 -1.2317180e+001 -2.7391740e+001 -2.6306700e+000 -8.9423700e+000
  6.9473380e+001 -2.9698530e+001 -9.3971000e+000 -8.1556000e-001 -6.1734000e+000
  5.1045980e+001 -2.2798280e+001 -1.0295570e+001  8.5819800e+000 -4.1843800e+000
  7.6189705e+002 -1.0306437e+002 -1.8193960e+002 -2.0177440e+001 -7.3383400e+001
  1.4103766e+002 -6.0686070e+001 -3.7511470e+001  5.6251500e+000 -1.5600630e+001
  6.5948440e+001 -3.3625820e+001 -7.9305800e+000  2.7171700e+000 -4.8544400e+000
  3.2085030e+001 -1.6796330e+001 -8.9061600e+000  2.7134500e+000 -4.5591400e+000
  3.1938740e+001 -1.6547950e+001 -9.6832000e+000  3.6930500e+000 -5.1867300e+000
  3.1810300e+001 -1.0464200e+001 -6.3784000e+000  5.5654000e-001 -5.4746600e+000
  1.7683240e+001 -6.9616200e+000 -4.5684800e+000  5.2216000e-001 -3.9538200e+000
  6.6945600e+000 -3.5455300e+000 -1.8830200e+000  2.0255900e+000 -4.3170000e-001
  6.5256520e+001 -2.6190570e+001 -1.3662930e+001  7.9855400e+000 -5.9110500e+000
  4.0454920e+001 -9.4198100e+000 -1.0133130e+001  5.6809500e+000 -4.9132700e+000
  3.4040320e+001 -1.6226510e+001 -9.8538200e+000  5.6020000e+000 -5.1382300e+000
  1.3166580e+002  9.7652200e+000 -6.2458890e+001  3.5464990e+001 -5.1279150e+001
  6.6583690e+001 -1.7751040e+001 -2.3684530e+001  1.3419440e+001 -2.5037310e+001
  6.9723050e+001 -7.1164400e+000 -1.4078780e+001  1.3782610e+001 -1.6269530e+001
  3.6621030e+001 -9.9529100e+000 -5.7337000e+000  1.6510400e+000 -4.9517600e+000
  3.9640390e+001 -2.0650000e+000 -6.3814000e+000  3.4991200e+000 -7.4530600e+000
  4.8599680e+001 -9.0573800e+000 -3.2845800e+000 -2.1501800e+000 -6.8586600e+000
  2.7487950e+001  2.9091000e+000 -1.0038100e+001  3.9162500e+000 -3.7011500e+000
  3.5217380e+001 -1.7214100e+000 -1.1767720e+001  2.8576500e+000 -6.8613600e+000
  2.5955940e+001 -3.4044000e-001 -1.1079980e+001  5.5496000e-001 -6.1817800e+000
  1.7521620e+001  2.6810000e-002 -3.9289600e+000 -3.2303400e+000 -8.6177000e-001
  2.8416850e+001  1.1136630e+001 -1.5731570e+001  4.4102500e+000 -1.1098620e+001
  1.8857080e+001 -3.0842400e+000 -9.3038500e+000  6.4233000e+000 -8.1911000e+000
  1.2834010e+001 -1.6952300e+000 -5.2008000e+000 -8.2020000e-002 -3.1943000e+000
  9.5900000e+000  4.0196300e+000 -5.1247400e+000 -1.1249400e+000 -2.9689100e+000
  2.3236220e+001  2.7307600e+000 -3.9100200e+000 -3.3605700e+000 -4.8951500e+000
  2.7441820e+001 -1.1660000e+000 -3.7822900e+000 -4.0504000e+000 -7.8719800e+000
  1.4975830e+001 -4.9006500e+000 -3.1978900e+000 -8.9218000e-001 -4.0888200e+000
  2.7332250e+001 -3.5410600e+000 -8.8407300e+000  7.2915000e-001 -7.3068300e+000
  4.9106600e+000  1.2845100e+000 -8.0644000e-001 -2.8470400e+000 -4.4133000e-001
  1.7494530e+001 -6.9148400e+000 -7.2824300e+000  1.8608300e+000 -5.0200000e+000
  8.1213000e+000  1.3648000e+000 -5.9849300e+000 -3.3012100e+000 -2.2522700e+000
  1.9410090e+001 -1.5559100e+000 -1.0382270e+001 -4.6729900e+000 -5.6979800e+000
  3.1368090e+001 -8.6712500e+000 -7.9528300e+000 -2.1548100e+000 -5.4331000e-001
  2.1148850e+001 -5.4033000e-001 -6.1646000e+000 -2.8122900e+000 -3.8090300e+000
  6.8989970e+001  1.6697010e+001 -5.3258810e+001 -9.7741500e+000 -4.0919380e+001
  1.6405700e+001 -5.4872800e+000 -1.0598080e+001  3.2887600e+000 -7.3306800e+000
  3.0865880e+001 -1.6690040e+001 -1.0922110e+001  4.3802700e+000 -6.2050400e+000
  3.5860410e+001 -1.8654180e+001 -8.5225600e+000  5.5251900e+000  1.9082000e+000
  2.6915250e+001 -1.5449040e+001 -7.1443100e+000  2.5984600e+000 -4.1510700e+000
  1.3979342e+002 -2.6138480e+001 -5.4093380e+001  1.9615900e+000 -3.2928500e+001
  3.4827250e+001 -1.2255730e+001 -1.1105790e+001  5.8687700e+000 -4.3089900e+000
  3.1238150e+001  5.9465300e+000 -1.8261070e+001 -2.6100400e+000 -1.1413310e+001
  1.9262376e+002 -1.3847520e+001 -7.7780240e+001  6.0595600e+000 -6.0807600e+001
  1.0603796e+002  6.6057600e+000 -4.8302390e+001 -5.3550800e+000 -5.8706730e+001
  4.0734770e+001 -9.2291800e+000 -2.5359730e+001 -2.6651400e+000 -2.3381210e+001
  1.7350730e+001 -5.9433000e+000  9.5429200e+000  1.3020590e+001  4.4197100e+000
  4.7220340e+001 -1.8015480e+001 -1.9896160e+001 -2.3060000e+000 -1.2707340e+001
  2.9513350e+001  1.4451900e+000 -1.4565530e+001 -1.2405080e+001 -1.0419150e+001
  6.1774750e+001 -5.2102600e+000 -1.9626360e+001 -1.1522560e+001 -1.1022420e+001
  1.2979702e+002  4.9975650e+001 -7.2445390e+001 -7.1443170e+001 -2.9887450e+001
  3.6441190e+001  7.7848100e+000 -3.2721490e+001 -1.9086100e+001 -2.7022150e+001
  1.1236643e+002  7.7218400e+000 -8.8306660e+001 -7.4392680e+001 -6.1015680e+001
  9.2825510e+001  4.1244300e+000 -6.5445590e+001 -3.1587030e+001 -5.5465760e+001
  8.5934020e+001 -6.6726600e+000 -5.0874880e+001 -2.2587340e+001 -3.9026500e+001
  1.0257312e+002  1.9905170e+001 -1.5713490e+001 -2.3068070e+001 -3.2172290e+001
  7.0519210e+001  4.3971700e+000 -2.1127310e+001 -2.0479640e+001 -2.7689690e+001
  4.6171760e+001 -3.2030000e-002 -5.9643600e+000 -1.0246770e+001 -1.3190660e+001
  5.4879280e+001  1.1845500e+000 -2.2370310e+001  3.6707000e-001 -1.1059100e+001
  2.7087625e+002 -3.4363120e+001 -3.8575710e+001 -5.1347150e+001  7.4059000e+000
  1.5244642e+002  6.6952000e+000 -2.4786570e+001 -4.4301430e+001  2.7442430e+001
  1.1388380e+002 -2.8949450e+001 -1.6501650e+001 -2.4727850e+001  7.5480000e+000
  4.1570100e+001 -2.6487500e+000 -1.0083750e+001 -1.5691970e+001  1.5624400e+000
  3.8991710e+001  1.3268180e+001 -5.1210000e-001 -1.6707270e+001  1.2262410e+001
  3.3094090e+001  2.1776460e+001  9.5005000e-001 -1.6791390e+001  9.3093300e+000
  3.7416390e+001  1.5694470e+001  5.5396800e+000 -1.4510430e+001  1.4422690e+001
  3.6686690e+001  1.6430770e+001  6.6764200e+000 -1.3948870e+001  1.1004910e+001
  3.3802700e+001  2.3282750e+001 -1.6567750e+001 -1.6094100e+001  5.8322000e+000
  2.9727010e+001  8.8123000e+000 -9.4986100e+000 -6.7400400e+000  6.3477000e-001
  3.7883380e+001  1.7063950e+001 -2.3734300e+000 -9.0199200e+000 -9.8068000e-001
  4.7893360e+001  2.1892790e+001 -4.9874000e+000 -3.1126000e+000  1.2092000e+000
  2.5074040e+001  1.2175330e+001 -5.3067200e+000  2.3849500e+000 -1.2987700e+000
  2.4626260e+001  1.4112340e+001 -1.0233300e+000 -3.1961000e-001 -5.6740000e-001
  1.7254900e+001  1.0921980e+001 -2.9016000e+000 -2.3511700e+000  2.8405000e-001
  3.2862720e+001  2.3672960e+001 -5.8305800e+000 -2.9759500e+000  6.1251000e-001
  4.0324900e+001  2.7876240e+001 -1.5276340e+001 -4.8986000e-001 -1.8398200e+000
  1.9793500e+001  1.2168240e+001 -3.8014200e+000 -5.2944000e-001 -5.1454000e-001
  3.2273680e+001  9.0043400e+000 -1.0300600e+000  1.6636900e+000 -2.7552000e+000
  1.4973080e+001  4.8876000e+000 -1.3688000e+000  8.6277000e-001 -2.3659300e+000
  6.5178030e+001  4.2180700e+000  7.4010400e+000  7.2711200e+000  3.7739300e+000
  7.6379640e+001  1.8142700e+001 -3.9609200e+000  3.0386400e+000 -3.0094400e+000
  1.4261487e+002  3.6729150e+001  1.1826620e+001  1.5696200e+001 -2.1457800e+000
  9.4773620e+001  9.4667200e+000 -1.5408660e+001 -7.6432800e+000  7.4564800e+000
  1.9093318e+002  1.5667560e+001  1.3441966e+002 -2.9766150e+001 -1.7846000e-001
  9.3810435e+002  5.2552660e+001  1.8069089e+002 -4.7552900e+001 -5.8480280e+001
  3.6748220e+002  5.6218710e+001  1.6733339e+002 -5.0760010e+001 -1.4002390e+001
  2.2451040e+002  1.0226683e+002  1.0521437e+002 -1.1856710e+001 -1.6726260e+001
  8.3842960e+001  2.6985600e+001  5.1362240e+001 -9.5405000e+000  1.3409980e+001
  7.0940100e+001  3.0901200e+001  3.5423400e+001 -6.0784000e+000  8.9885000e+000
  5.2965600e+001  1.3388100e+001  2.0987500e+001 -3.8395000e+000  8.4598000e+000
  1.6363807e+002  5.2402320e+001  6.0057120e+001 -2.0329750e+001  2.0260230e+001
  1.1365536e+002  4.6293500e+001  2.2983590e+001 -3.0151940e+001  3.2160740e+001
  3.2722110e+001  1.9491880e+001  6.2079300e+000 -9.8435700e+000  9.6236700e+000
  4.1531800e+001  1.7543730e+001  3.8961200e+000 -8.0949100e+000  1.0166240e+001
  3.3152600e+001  1.3869800e+001 -2.5183000e+000 -4.0468000e+000  3.9781000e+000
  3.0182960e+002  7.3068200e+001  8.4351000e+000 -5.6092900e+001 -4.2350000e-001
  1.9441450e+002  7.4667300e+001  1.6988000e+001 -3.9625400e+001 -8.9733000e+000
  2.8912700e+001  1.4058900e+001 -5.2240000e-001 -6.3768000e+000 -2.8854000e+000
  7.2950500e+001  1.5647300e+001 -1.1799600e+001 -7.3545000e+000 -1.0436400e+001
  3.7012700e+001  5.3429000e+000  2.9553000e+000 -2.3740000e-001 -5.4319000e+000
  3.7507880e+001  2.6146800e+000 -6.4530000e-002  3.0919100e+000 -5.7509700e+000
  1.8412100e+001  2.0919000e+000  3.2325000e+000 -2.3069000e+000  5.1790000e-001
  5.2887900e+001  1.3984600e+001  4.8943000e+000 -5.8687000e+000  1.8106000e+000
  2.2832400e+001  6.5177000e+000 -3.0700000e-002 -3.1641000e+000 -5.9210000e-001
  3.2085700e+001  9.3156000e+000 -6.0483000e+000 -3.7140000e+000 -3.3324000e+000
  4.3363700e+001  1.0266600e+001 -3.0318000e+000 -5.6934000e+000 -2.4762000e+000
  2.7050300e+001  1.7585000e+001 -1.0382100e+001 -5.2029000e+000 -5.9602000e+000
  2.9898600e+001  1.1941200e+001 -8.0791000e+000 -5.4676000e+000 -4.1054000e+000
  4.6369700e+001  1.5041000e+001 -8.4151000e+000 -3.8426000e+000 -4.3966000e+000
