  3.0289700e+000 -1.0071300e+000 -4.1918000e-001  2.5987000e-001 -1.8580000e-001
  9.7981200e+000 -1.4561000e-001 -1.7365000e+000 -1.7642000e-001 -4.6176600e+000
 -9.3800000e-003  9.7777000e-001  1.8328000e+000 -9.4343000e-001 -1.2500300e+000
  3.8153200e+000  9.3494000e-001  1.2278400e+000  9.3417000e-001 -2.2755700e+000
  3.9783200e+000  9.8348000e-001  2.5202200e+000 -1.8070600e+000 -1.4002200e+000
  1.7196700e+000  2.7594000e-001 -2.2999000e+000  5.5475000e-001 -1.3219400e+000
 -1.5629400e+000  2.5488000e-001  6.1872000e-001 -1.4477800e+000 -1.2232400e+000
  6.4237600e+000  6.1361100e+000 -1.6917700e+000  4.4188000e-001 -1.8184600e+000
 -4.3252000e+000 -1.5330000e+000  2.3457000e+000 -1.9671500e+000 -3.4780000e-001
 -1.7832300e+000 -1.1203200e+000  4.0227000e-001  8.4244000e-001  6.5527000e-001
  9.5486100e+000  9.9157300e+000  3.8969300e+000 -3.3416800e+000 -2.5465600e+000
 -1.5057500e+000  5.8097300e+000 -2.2408000e+000 -2.1551000e-001 -1.9392800e+000
  4.7018720e+001  1.5308940e+001 -8.2114000e+000  1.8625000e+000 -1.3245920e+001
  2.5029680e+001  1.1856220e+001 -7.6089800e+000  3.7922800e+000 -1.5840680e+001
  1.8004000e+000  1.4405900e+000  2.0865800e+000 -3.6314000e-001  1.2629100e+000
 -9.5566000e-001  2.1164200e+000  1.3443900e+000 -1.5733100e+000  2.7530000e-001
  7.4638000e-001 -1.3201800e+000  6.3810000e-001 -2.0825400e+000  5.9414200e+000
 -3.7209300e+000  9.1188000e-001  2.7457500e+000 -6.3528800e+000  1.9954000e-001
 -3.2198300e+001  1.0327800e+000  1.5221140e+001 -1.0830620e+001  2.1152860e+001
 -2.7482790e+001  1.2091290e+001  5.6079300e+000 -5.1712700e+000  5.5601000e+000
 -3.6223000e-001  2.1214400e+000 -2.9272600e+000  2.0475000e+000  5.2927000e-001
  1.7241400e+000  6.1668200e+000 -2.6100200e+000  1.9045000e+000 -5.7189000e+000
  5.3253000e-001  2.6424900e+000 -8.5098000e-001 -1.6996000e+000  1.1170000e-001
  2.2283110e+001  1.0945010e+001 -5.3564400e+000 -4.0091900e+000 -6.8399300e+000
  7.2047640e+001  2.5869620e+001 -4.3121000e+001 -8.6155700e+000 -3.2960320e+001
  3.3865120e+001  1.2645340e+001 -1.5607250e+001 -6.6594300e+000 -1.6400650e+001
  2.1169060e+001  5.5404500e+000 -8.0677000e-001 -6.9881200e+000 -3.6916300e+000
  1.3515414e+002  4.9673350e+001 -8.2905750e+001 -8.2684000e-001 -6.8821900e+001
  3.7549750e+001  9.8253100e+000 -1.6964250e+001  2.0879900e+000 -1.9847450e+001
  8.6881700e+000  7.3752400e+000 -5.6819600e+000  6.9170000e-002 -7.1233900e+000
  4.1609300e+000  4.8925900e+000 -1.3070100e+000 -2.6848400e+000 -2.1878400e+000
  1.7708440e+001  5.6373600e+000 -4.3409500e+000 -2.6109200e+000 -5.8935000e+000
 -5.8952100e+000 -1.2384400e+000 -2.9770400e+000  3.9062000e-001 -8.0770700e+000
  4.1980550e+001  3.6581200e+000 -4.0151700e+000 -4.0539100e+000 -6.2744200e+000
  1.3067580e+001  1.1887000e+001  1.2657000e+000 -4.3997600e+000 -4.1504400e+000
  1.1790100e+000  2.8624500e+000 -4.6489900e+000  1.1347100e+000 -3.0657100e+000
  1.0474950e+001 -2.0996600e+000 -7.4698000e+000  8.3654000e-001 -2.4930300e+000
  8.0472400e+000 -1.5010000e+000 -2.5632200e+000  3.8921000e-001  1.6968000e-001
 -1.0233410e+001  1.3753700e+000  2.3342800e+000 -2.8629400e+000  8.4287000e-001
 -4.9683060e+001  1.6852180e+001  1.5783790e+001 -2.9239400e+000  4.0007100e+000
  5.1134800e+000  7.8369800e+000  4.5098000e-001 -2.0861800e+000 -3.6821800e+000
 -2.0077600e+000  5.4165000e+000 -4.8090400e+000 -3.9292000e+000  5.2246800e+000
 -5.0485300e+001  3.7887300e+001  3.5329240e+001 -3.1760290e+001  1.2105220e+001
  9.4251400e+000  1.3618760e+001  5.6507200e+000 -1.4027600e+001  3.9064600e+000
  5.6486900e+000  1.2633170e+001 -3.6863800e+000 -2.0917700e+000 -1.0748990e+001
 -9.1065200e+000  5.2354800e+000 -1.6677100e+000 -3.5846500e+000  2.2287600e+000
  9.7488500e+000  1.0423080e+001  6.1950000e+000 -6.4063400e+000  1.1876200e+000
 -1.6005160e+001  5.4317000e-001  1.6070100e+000 -4.0193500e+000 -1.6644600e+000
  5.0631240e+001 -1.0724520e+001  1.4874000e-001  8.6434000e-001 -7.0727000e-001
 -1.7746220e+001  1.1705720e+001  3.9950000e-001  8.3646000e-001 -1.2922600e+000
  3.2043600e+000  8.0183500e+000  5.3127000e+000  1.3782200e+000  2.5375000e-001
 -1.2078530e+001  1.7545600e+000 -2.4375800e+000 -2.1757300e+000 -5.2517000e-001
  1.5818440e+001 -2.6391800e+000 -2.0476500e+000  1.0497900e+000  3.8013000e-001
 -3.3367300e+000  3.9678000e-001 -1.0256900e+000  2.6705000e-001  2.5000100e+000
 -1.5633530e+001  7.7628800e+000  1.6988000e+000 -1.7985400e+000  1.0056400e+000
  2.1806800e+000  3.4829000e+000  6.5004000e-001 -1.6309800e+000  1.2301600e+000
 -2.6105000e+000  1.7672000e+000  9.0885000e-001 -1.8608000e-001  2.2688000e-001
 -1.5890770e+001  5.1430600e+000  8.2131100e+000 -6.8781900e+000  7.8512000e-001
 -2.1327920e+001  8.2863600e+000  6.8306000e+000 -5.2798700e+000 -2.9957000e-001
 -1.2284820e+001  1.3169320e+001  5.2393100e+000 -3.4701300e+000 -7.7608000e-001
  8.9989000e-001  2.0570660e+001  3.7235400e+000 -5.9051500e+000  1.6237600e+000
 -3.1482230e+001  2.4020400e+000  1.7063020e+001 -1.4079320e+001  9.7899400e+000
 -1.0590320e+001  1.0498500e+000  3.5809400e+000 -3.2194700e+000  1.0734300e+000
  8.7790000e-001  2.9505900e+000  3.7392000e-001  8.2941000e-001  7.7592000e-001
  3.2814100e+000  4.7931200e+000 -1.5240100e+000 -1.4229200e+000  2.7539400e+000
  5.8491200e+000  2.5077790e+001  2.1992100e+000 -1.1152590e+001  3.6646300e+000
  1.1359299e+002  9.2094110e+001  1.1446690e+001 -6.4612340e+001  2.1228140e+001
  4.4202950e+001 -1.3632630e+001 -1.1359970e+001  1.7978600e+000 -5.7258200e+000
  2.5465160e+001  6.5984400e+000 -1.4239620e+001  1.2771200e+000 -1.5793280e+001
  8.5180280e+001  6.8442800e+000 -4.4516250e+001  2.5284700e+000 -2.2871390e+001
  5.6570780e+001  1.4896600e+000 -1.6174710e+001 -6.0876300e+000 -6.5628400e+000
  1.1840260e+001  1.6062200e+000 -8.3945300e+000  5.5780000e-002 -3.1349900e+000
  7.7250440e+001  5.8519000e-001 -4.5050390e+001  5.5836900e+000 -2.3724420e+001
  2.8069430e+001 -2.7579400e+000 -2.2190860e+001 -1.6347000e+000 -1.1142980e+001
  1.2529998e+002 -3.6443040e+001 -1.1105858e+002  3.5839120e+001 -6.2699940e+001
  4.9242050e+001 -1.8163020e+001 -3.0250770e+001  9.8944700e+000 -1.5245530e+001
  1.8925680e+002 -8.3283680e+001 -4.6675340e+001 -7.9839100e+000 -2.8607450e+001
  1.8370545e+002 -7.5607600e+001 -5.4314250e+001  1.4678940e+001 -1.9267920e+001
  1.1643295e+002 -3.6303470e+001 -4.5530740e+001  7.2815700e+000 -2.1496530e+001
  4.4985440e+001 -8.7759200e+000 -5.0062600e+000 -8.6978800e+000  2.7232800e+000
  5.3225060e+001 -1.2736400e+001 -2.1849100e+001 -7.9590700e+000 -1.4905300e+000
  2.6739240e+001 -1.1087870e+001 -1.3733070e+001 -4.2531600e+000  2.3877300e+000
  1.4472600e+001 -8.1595700e+000 -1.5383100e+000 -4.2197400e+000  3.4708500e+000
  3.1115140e+001 -1.3624100e+001 -8.8667100e+000 -9.0392500e+000  2.4425300e+000
  6.2035960e+001 -1.2701390e+001 -2.9226380e+001 -2.1555130e+001 -2.0301740e+001
  2.9290700e+001 -1.0335700e+001 -1.0378940e+001 -4.7637900e+000 -3.8497400e+000
  3.9553100e+001 -1.5976830e+001 -1.4405140e+001 -8.2399200e+000 -7.1147900e+000
  1.4476040e+001 -5.4781600e+000 -4.6783200e+000  7.3104000e-001  1.2694000e-001
  1.6303970e+001 -2.1099800e+000 -6.8720300e+000 -6.0621300e+000 -3.3282700e+000
  6.1099700e+000 -1.0042800e+000  2.9247400e+000 -6.1074000e-001  3.4880500e+000
 -4.5899000e+000  3.8303400e+000  5.2712700e+000 -6.9679100e+000  3.6686200e+000
 -1.1841500e+000 -5.4535300e+000  4.1869000e-001 -1.1916900e+000  6.7366000e-001
 -5.1756500e+000 -1.7450600e+000  4.2706900e+000 -9.7858500e+000  1.3150230e+001
  4.1726300e+000  7.7108800e+000  3.7088100e+000 -4.0318000e-001  6.1618800e+000
  1.3518160e+001  2.7430200e+000 -1.1797540e+001 -2.0309700e+000  9.2030000e-002
 -8.5273120e+001  6.4784870e+001  4.3964000e+000 -6.3063600e+000  1.9097900e+001
  1.6779780e+001 -1.1422480e+001 -4.0392700e+000  1.8180000e-002  1.1925520e+001
  2.5090445e+002  2.9840403e+002 -1.4590110e+002 -8.3966040e+001 -6.8332800e+001
  1.0868160e+001  7.5761300e+000 -1.5458070e+001  2.2905000e-001 -3.3784300e+000
  6.6558400e+000 -2.9122200e+000  3.8192000e-001 -2.9110300e+000  1.1873600e+000
  1.4824930e+001 -5.6647300e+000 -4.4771600e+000  7.1145000e-001 -1.8080400e+000
  8.6355400e+000 -2.3085000e-001 -3.0721000e+000 -1.2849500e+000 -4.1653000e-001
 -5.0160000e+000  5.2668000e+000  7.8710000e-001 -2.8975600e+000  2.2663400e+000
 -4.5676000e-001  1.4488800e+000 -3.0446800e+000 -8.5164000e-001  6.1048000e-001
  2.4052600e+000 -6.2463000e-001  6.5278000e-001  4.5579000e-001  1.5112000e+000
 -3.6201800e+000 -6.8205700e+000 -7.2293000e-001 -2.6768600e+000  8.8522500e+000
 -1.7297180e+001  5.3214900e+000  3.0763700e+000 -5.5094500e+000  6.0049300e+000
  6.5040200e+000 -3.0488100e+000 -9.1272000e-001 -1.8578000e+000  1.1026700e+000
 -3.0151100e+001 -1.5211380e+001  1.8569110e+001 -2.3407710e+001  3.5530150e+001
 -3.7182100e+000  1.4243660e+001 -4.0818300e+000 -1.0055160e+001  9.8533900e+000
 -6.8660850e+001  1.1846760e+001  1.7824220e+001 -2.1163790e+001  3.4499770e+001
  5.4728300e+000 -7.0886100e+000 -9.9390000e-001 -1.1133600e+000 -6.9646000e-001
 -1.1399010e+001 -4.8875000e+000  1.7270000e-001 -8.4848000e-001  1.9133400e+000
 -2.4748820e+001  8.8260200e+000  7.6313200e+000 -7.3871800e+000  8.8290400e+000
  5.5348500e+000  1.1592100e+001  8.6559000e+000  2.1980500e+000  2.9729500e+000
  1.4684180e+001  2.6546900e+000 -1.0838320e+001 -6.6405000e-001  7.1674000e-001
 -1.6839600e+000 -2.4300400e+000  6.3722000e-001 -1.1748400e+000  1.5008200e+000
 -9.8328800e+000  7.4471000e-001  7.0644400e+000 -3.3062400e+000  7.2832300e+000
 -1.4768150e+001 -6.0433700e+000  2.9669300e+000  1.4985500e+000  7.6284800e+000
 -3.4026720e+001  3.4643060e+001  7.5608500e+000 -1.4872800e+001  1.0578500e+001
 -9.6709000e-001  5.8396700e+000 -7.3678000e+000  1.8354800e+000 -1.1120000e-001
 -7.7772000e+000  9.6477300e+000 -1.2132400e+000 -3.9212400e+000  2.7381900e+000
 -8.0851800e+000  1.2244260e+001 -4.8972000e-001 -1.0281700e+000  1.5138500e+000
  1.1167200e+000  1.4805400e+001 -3.0373900e+000 -7.6911000e+000  1.7369200e+000
 -1.4414570e+001  6.5103500e+000  2.4141100e+000 -1.0372800e+000  7.2379800e+000
  6.3940500e+000  6.2335400e+000 -4.8932300e+000  1.9850500e+000 -4.5616300e+000
 -2.2014640e+001  1.2076010e+001 -1.1138340e+001  1.8326000e-001  5.3227000e-001
 -3.5719700e+000  4.9432600e+000 -5.4882300e+000  2.8658300e+000 -1.2933000e+000
  2.5375000e+000  4.8891000e+000 -6.5419300e+000  6.9129000e-001 -6.0370000e-002
  3.6260900e+000  2.2440900e+000  2.4430000e-002 -7.0829000e-001  5.5520000e-002
 -8.4493100e+000  1.4757250e+001 -7.6563000e-001 -4.9769100e+000 -1.4524100e+000
 -1.4811050e+001  1.1913170e+001 -3.3343000e+000 -3.0045900e+000 -4.7792300e+000
  1.0048470e+001  1.1669510e+001 -9.1035100e+000 -3.3032500e+000  9.1262000e-001
 -5.6633000e+000  4.2335200e+000  2.1293200e+000 -4.5287400e+000 -9.8318000e-001
  7.0828800e+000 -9.8624000e-001 -3.8802100e+000 -1.1852300e+000  9.7186000e-001
  8.9791100e+000  4.0709200e+000 -1.0805460e+001 -2.2901000e-001 -9.1769000e+000
 -1.7642450e+001  1.0167660e+001  1.0686190e+001 -6.5673400e+000  9.5943300e+000
  1.3077272e+002 -1.5806480e+001 -4.6739380e+001 -1.1076110e+001 -2.9785200e+001
  6.6684500e+000  2.9655570e+001 -2.2561390e+001 -1.1322930e+001 -2.4519490e+001
  4.5686250e+001  2.4072030e+001 -2.1375170e+001 -1.2101840e+001 -2.4769610e+001
 -5.7885400e+000  5.5429080e+001 -1.1541140e+001 -2.1363840e+001  8.0000000e-001
 -3.8666740e+001 -1.4686140e+001  6.0957110e+001 -3.0211800e+000  5.3533470e+001
  1.6944700e+000  7.2965200e+000 -1.2408300e+000 -1.4986640e+001 -1.3179510e+001
 -1.8327570e+001 -2.4354000e+000  5.2685220e+001  2.5054990e+001  3.4390310e+001
 -2.2270260e+001 -3.8718000e-001  1.5406140e+001  1.4281800e+001  2.3087760e+001
 -3.7242500e+000  9.1662900e+000  1.7396700e+000 -1.2658280e+001 -1.5545500e+000
 -4.8935350e+001  2.4784040e+001  1.1105140e+001  5.9374400e+000  1.6714780e+001
 -6.9849180e+001 -9.4640500e+000  2.6850810e+001  2.2927930e+001  5.8600500e+000
 -1.3456010e+001  1.1438610e+001  1.6279810e+001  1.2479200e+001  2.9193250e+001
 -1.3098597e+002  1.4546840e+001  1.0264944e+002  4.3014620e+001  5.8500120e+001
 -3.2489990e+001 -1.0068700e+000  4.7286610e+001  2.6813670e+001  5.2574640e+001
  1.1088920e+001  2.8045400e+000 -6.0048000e-001 -1.0970740e+001  2.0355600e+001
 -7.4410580e+001 -1.2334300e+000 -1.5748900e+000  2.8446830e+001  2.4563810e+001
 -6.4674690e+001 -3.3470300e+000  1.7034790e+001  2.3735160e+001  3.4286810e+001
 -3.5895940e+001  8.6059700e+000  1.5685640e+001  5.3823000e-001  2.5800340e+001
 -7.4038920e+001 -3.7940500e+000  3.6274190e+001  9.4581700e+000  3.1081600e+001
  3.5033350e+001  6.1917800e+000  3.1822190e+001 -2.0976550e+001 -1.0011400e+001
 -2.1430780e+001  2.0874000e+000  1.1515430e+001  1.0735670e+001 -7.8438700e+000
 -3.3601400e+001  1.7801050e+001  3.6044500e+000  2.1769500e+000  7.9930000e-001
 -9.6754000e+000  1.2339350e+001  3.4097500e+000 -1.0071570e+001  2.2926400e+000
  1.2086210e+001  1.4436380e+001 -1.8062000e+000 -7.8490700e+000  4.9098100e+000
  1.7024290e+001  2.4473660e+001  1.9086500e+000 -8.4775900e+000  9.7293300e+000
  3.3534790e+001  2.2206770e+001  1.0593580e+001 -2.2885630e+001  1.8786290e+001
  5.8209190e+001  2.9643270e+001  1.2333520e+001 -1.5030170e+001  1.0213910e+001
  2.2346200e+001  1.1182450e+001 -6.7223500e+000 -1.6701900e+001  1.3950000e+000
  1.2189810e+001  5.7099000e+000  1.2098990e+001  2.6098600e+000  1.0983700e+000
  8.3461800e+000  2.9398500e+000  1.1135700e+000 -3.8419200e+000 -2.0150800e+000
  2.8883860e+001  1.8114890e+001  1.2164400e+001 -1.0676200e+001 -1.3718000e+000
  1.3197440e+001 -4.3341700e+000  1.0051980e+001  6.4656500e+000 -5.0551700e+000
  2.5511260e+001  7.0315400e+000  8.2001700e+000  4.9745900e+000 -3.2780000e+000
  5.1796800e+001  1.7821480e+001  8.5754000e+000  4.1938300e+000 -8.0973500e+000
  8.0137620e+001  5.8630460e+001  6.7274200e+000 -3.0996500e+000 -8.4463900e+000
  3.1309300e+001  2.2248140e+001 -5.6851400e+000  5.4494400e+000 -1.5278820e+001
  6.0809000e+000  1.1373540e+001 -1.1626200e+000  4.4549600e+000 -1.2647340e+001
  5.5654680e+001  1.3066240e+001 -1.4460000e-002  2.9441900e+000 -9.6216000e+000
  3.4757480e+001  1.0278800e+001  1.0641000e+000 -1.0341300e+000 -1.6280300e+000
  6.8759730e+001  4.0590700e+000 -1.8287600e+000  2.5104200e+000 -3.1201700e+000
  1.1725264e+002  1.2300700e+001 -7.6565200e+000  6.9674400e+000 -1.8977740e+001
  3.0228470e+001 -8.1118500e+000 -2.4811280e+001  1.6518800e+001 -2.4482280e+001
  2.3181200e+000  3.6960200e+000  7.7697400e+000  1.1094220e+001 -1.5342720e+001
 -1.7679120e+001 -5.6525140e+001 -1.1157924e+002  1.4301850e+001 -6.3714060e+001
  1.3612407e+003 -1.9450134e+002  6.6126290e+001 -2.0234700e+001 -6.2054480e+001
  3.9647100e+001  4.1956910e+001 -9.3676100e+000  3.5763900e+000 -1.8094900e+000
  8.8780300e+001 -1.8617470e+001  4.9789370e+001 -1.8834810e+001 -5.5415600e+000
  8.6531560e+001  2.4710700e+001  7.2011940e+001 -1.7005700e+001  1.7505980e+001
  1.0178190e+002  3.1166400e+001  5.0163900e+001 -1.5258300e+001  7.8399000e+000
  8.8023300e+001  1.9756100e+001  3.7064200e+001 -4.4487000e+000  9.4096000e+000
  8.8803770e+001  2.2164420e+001  3.4536020e+001 -2.0926150e+001  6.0286300e+000
  4.0610860e+001  2.4096400e+001  5.5405900e+000 -1.3413840e+001  1.1099740e+001
  4.7361010e+001  1.7192080e+001  1.0448330e+001 -1.4452570e+001  1.3469070e+001
  2.4702900e+001  1.2236530e+001  5.3059200e+000 -7.3860100e+000  3.8617400e+000
  4.6250000e+001  2.0244100e+001 -1.0090000e+000 -1.4831600e+001  1.1588200e+001
  1.0614670e+002  1.2749900e+001 -4.1701000e+000 -2.1220800e+001 -8.3576000e+000
  1.8440320e+002  4.4284600e+001  3.2557000e+000 -2.8393900e+001 -1.7088700e+001
  2.3796500e+001  1.3507200e+001  3.2969000e+000 -8.5887000e+000 -5.6648000e+000
  3.4311100e+001  6.5641000e+000 -8.5313000e+000 -7.8899000e+000 -2.0403200e+001
  4.6764900e+001  1.1815800e+001  6.3425000e+000 -3.9240000e+000 -1.1423500e+001
  3.6365280e+001  8.0180800e+000 -2.5678300e+000  4.8241000e-001 -7.1122700e+000
  5.9325000e+000  2.8732000e+000  9.6786000e+000 -2.8497000e+000 -1.1724000e+000
  4.2043200e+001  3.3017300e+001  2.5853800e+001 -5.5504000e+000 -9.1875000e+000
  2.5442900e+001  8.0393000e+000  4.9252000e+000 -1.3735100e+001  5.8344000e+000
  1.6938800e+001 -3.8431000e+000  6.6371000e+000 -7.3657000e+000 -2.1913000e+000
  2.5755300e+001  1.8151300e+001 -5.6027000e+000 -1.2236600e+001 -4.8932000e+000
  7.4177000e+000  5.8146000e+000  8.2510000e-001 -4.4547000e+000 -2.0518000e+000
  6.8058000e+000  5.4091000e+000  8.4190000e-001 -4.5882000e+000  2.8270000e-001
  4.3314000e+001  2.1987700e+001  1.6526200e+001 -2.2486400e+001 -7.2857000e+000
