  8.4803700e+000 -9.6543000e-001  2.0865200e+000  6.1737000e-001 -1.2234000e+000
  1.9314620e+001 -5.7281000e-001  3.5372000e+000 -1.5427200e+000 -3.0172600e+000
  2.1104200e+000 -1.5593300e+000  2.1339000e+000 -1.0614300e+000  1.2107700e+000
  5.0896200e+000 -7.2656000e-001  2.7430400e+000  5.8717000e-001  9.8583000e-001
  4.4578200e+000 -9.9882000e-001  1.5330200e+000 -5.3786000e-001  1.9800000e-003
  7.1662700e+000  6.1594000e-001  2.3172000e+000 -4.8685000e-001  7.9626000e-001
  5.0744600e+000 -3.4482000e-001  3.3252000e-001 -8.8398000e-001 -3.1348400e+000
  2.4732360e+001  9.0334100e+000  9.2483000e-001  7.7368000e-001 -5.0099600e+000
  1.0276200e+001  2.7183000e+000  3.6090000e-001  9.0150000e-002 -2.2911000e+000
  9.8623700e+000  4.3205800e+000  5.8287000e-001 -1.1626000e-001 -2.0224300e+000
  2.0136910e+001  7.8515300e+000  8.0108300e+000 -5.6950800e+000 -3.2056600e+000
  2.0786950e+001  1.5215130e+001  2.2810000e-001  5.9169000e-001 -2.4943800e+000
  4.7525620e+001  1.0219040e+001 -1.0272000e+001  7.0512000e+000 -1.7982520e+001
  3.9331480e+001 -4.7896800e+000 -1.7327800e+000  1.5342800e+000 -9.2076800e+000
  2.0311000e+001  1.0411090e+001  2.9463800e+000  4.0740600e+000 -7.2741900e+000
  1.6339240e+001  8.9899200e+000 -2.4695100e+000  1.0404900e+000 -7.3594000e+000
  4.8641800e+000  2.4885200e+000  2.3990000e-001 -3.5884000e-001  4.7902000e-001
  2.0836170e+001  6.5860800e+000 -1.0931500e+000  2.6012000e-001 -5.2430600e+000
  2.5674100e+001  1.2012080e+001 -7.2155600e+000  1.0507800e+000 -1.0682040e+001
  2.4311610e+001  5.2507900e+000 -4.3057000e-001  2.0970300e+000 -6.3007000e+000
  1.1751670e+001  5.8470400e+000 -7.2493600e+000  1.2541000e+000 -4.0043300e+000
  7.9466400e+000  4.2169200e+000 -2.4242200e+000 -1.6639000e+000 -2.3347000e+000
  3.6319030e+001  1.7175590e+001 -5.7604800e+000 -4.9263000e+000 -4.8768000e+000
  1.6420310e+001  9.7667100e+000 -3.4034000e-001 -3.9380900e+000 -2.7643000e-001
  4.6788440e+001  1.3517720e+001 -1.6789700e+001 -5.3401700e+000 -1.3775320e+001
  3.5361220e+001  1.1634440e+001 -1.2889450e+001 -2.9454300e+000 -1.0490950e+001
  2.2055860e+001  7.6801500e+000  2.2649300e+000 -3.3026200e+000 -4.4943000e-001
  1.3186534e+002  3.9323850e+001 -7.7008250e+001  1.0947560e+001 -6.4285400e+001
  3.4884850e+001  1.3645510e+001 -1.3716550e+001  2.1115900e+000 -1.8028850e+001
  1.3019870e+001  4.4148400e+000  3.8179400e+000 -4.2149300e+000  1.9028100e+000
  1.1650630e+001  6.9633900e+000 -3.1841100e+000  8.8196000e-001 -5.3625400e+000
  1.3074640e+001  2.9351600e+000 -1.9306500e+000 -1.1090200e+000 -2.0177000e+000
  4.6517990e+001  9.4943600e+000  9.5364600e+000 -5.7911800e+000  4.2826300e+000
  3.1410050e+001  1.0036220e+001  1.3333000e-001 -2.8659100e+000 -1.4550200e+000
  6.1054800e+000 -5.3290000e-001  7.7790000e-001 -7.9156000e-001  2.3210600e+000
  9.9811100e+000  1.4085500e+000  5.2501000e-001 -2.1769900e+000  1.3568900e+000
  1.1266150e+001 -1.1704600e+000 -1.5198000e+000 -9.0156000e-001  4.0737000e-001
  6.6856400e+000  9.2150000e-001 -1.3899200e+000 -8.8249000e-001  5.5618000e-001
  2.1391090e+001 -1.3203300e+000 -6.0022200e+000  3.1126000e-001  1.5258700e+000
  5.0139540e+001  1.7998800e+000 -1.4212110e+001  2.8456000e-001  3.5569100e+000
  2.3209880e+001  5.8685800e+000 -1.1258720e+001 -7.9538000e-001 -6.2589800e+000
  1.0567824e+002 -7.0720000e-001 -2.0075440e+001  2.8268000e+000 -1.8920200e+000
  7.8901300e+001 -8.4510000e+000 -7.0228600e+000 -1.1773900e+000  1.5891200e+000
  7.9067340e+001 -1.3534440e+001 -9.2924800e+000 -1.1875600e+001 -8.9092400e+000
  1.5700499e+002 -3.4111630e+001 -2.7325680e+001  6.7258300e+000 -3.6771490e+001
  1.5112038e+002 -5.1894920e+001 -3.3879210e+001  7.5052500e+000 -2.2680440e+001
  6.1602150e+001  3.2161800e+000  7.9122000e+000 -3.7651400e+000 -2.9945800e+000
  3.5536640e+001 -8.2277300e+000 -3.3502900e+000  1.2300500e+000 -4.4577600e+000
  5.4989140e+001 -6.7617200e+000  7.1010400e+000 -4.5865600e+000  4.4351300e+000
  2.9833080e+001 -9.0367800e+000  2.4546000e+000  8.2916000e-001  3.5643400e+000
  3.7891460e+001  2.5384500e+000  1.5078400e+001 -1.5870800e+000  4.8140500e+000
  2.3685870e+001 -2.2619400e+000  5.9530200e+000 -1.3442300e+000  1.3968300e+000
  1.3664940e+001 -4.0811800e+000  7.9475000e-001 -1.3811100e+000  1.1035300e+000
  2.4726970e+001 -2.7408200e+000  1.7220100e+000 -2.3557500e+000  3.3230100e+000
  1.5562370e+001 -3.7049200e+000 -1.0048000e+000  6.8600000e-003 -1.0604600e+000
  1.4103180e+001 -4.1998000e+000 -2.9048600e+000  1.0448200e+000 -1.4494000e-001
  1.2962800e+001 -1.7347000e+000 -2.8288500e+000  1.7842000e-001  3.9268000e-001
  2.7605530e+001 -1.7120400e+000 -8.3356900e+000  4.2384100e+000  3.7302000e-001
  2.3032680e+001 -5.9940400e+000 -8.7303000e+000  4.8025300e+000 -1.6767700e+000
  2.2614580e+001 -5.3798000e-001 -5.0736900e+000  3.1213700e+000 -8.3818000e-001
  6.2986090e+001  1.1083060e+001 -1.5415460e+001  9.9877500e+000 -7.5011400e+000
  8.3488970e+001  9.9969400e+000 -2.8228480e+001  2.0239480e+001 -1.3763360e+001
  2.1599380e+001 -1.1718500e+000 -4.6404600e+000  3.2673300e+000 -1.4428700e+000
  2.7419100e+001 -9.8001000e-001 -2.6724800e+000  2.1208100e+000 -3.1135800e+000
  3.7174210e+001 -6.0056800e+000 -8.5232100e+000  1.1156480e+001 -6.4571600e+000
  7.8236720e+001  1.5663290e+001 -1.4576790e+001  1.5678100e+000 -1.0469870e+001
  1.0694119e+002 -1.3626590e+001 -1.2722710e+001 -2.9097400e+000 -3.0099600e+000
  7.3155450e+001 -1.8247930e+001 -1.8091670e+001  8.5843600e+000 -7.8145200e+000
  7.0120060e+001 -1.1307860e+001 -3.2835420e+001  2.1080720e+001 -2.0969680e+001
  6.5556080e+001 -1.2099920e+001 -3.5480950e+001  1.1264470e+001 -1.5285790e+001
  6.6846580e+001 -1.0677540e+001 -4.0209110e+001  1.2423470e+001 -1.9330940e+001
  2.3986060e+001 -6.4836800e+000 -8.8220300e+000  3.6629800e+000 -4.8029900e+000
  6.9395940e+001 -1.7876100e+000 -4.3999290e+001  6.0222900e+000 -2.2498620e+001
  3.3640430e+001 -1.2224540e+001 -2.2103760e+001  6.7885000e+000 -1.2747480e+001
  7.7135980e+001 -1.1723940e+001 -7.2449080e+001  2.2154920e+001 -3.8663540e+001
  3.8200250e+001 -1.3806020e+001 -2.3403870e+001  7.2046700e+000 -1.5287630e+001
  8.8713100e+001 -4.4543580e+001 -2.0203840e+001 -6.6381000e-001 -1.0840250e+001
  1.2468395e+002 -5.2895000e+001 -3.3704250e+001  9.9249400e+000 -1.1105320e+001
  4.4353250e+001 -4.8313700e+000 -1.5011040e+001 -2.8793000e-001 -5.8605300e+000
  3.7446140e+001 -1.4901200e+000 -8.3733600e+000 -1.4214800e+000 -1.3580200e+000
  5.9723360e+001 -1.4740700e+001 -2.6679600e+001 -6.0184700e+000 -5.9882300e+000
  2.5306940e+001 -1.1411470e+001 -9.6742700e+000 -4.8996000e-001 -1.5292700e+000
  4.4271000e+001 -1.6961270e+001 -2.5461910e+001 -2.8860400e+000 -5.0700500e+000
  2.5856940e+001 -8.0325000e+000 -9.3206100e+000 -1.0084500e+000 -2.8878700e+000
  5.1339460e+001 -1.4799890e+001 -2.6120580e+001 -3.8309300e+000 -1.6426440e+001
  2.5617500e+001 -1.2282700e+001 -9.5135400e+000 -3.0148900e+000 -7.0633400e+000
  2.8659300e+001 -1.2403330e+001 -1.1033640e+001 -1.2877200e+000 -1.4334900e+000
  1.5308740e+001 -4.6555600e+000 -9.5940200e+000 -1.5893600e+000 -9.1830600e+000
  2.1045070e+001 -1.2823800e+000 -5.4698300e+000 -1.0893300e+000 -4.9310700e+000
  2.1716570e+001 -8.6254800e+000 -6.8379600e+000  1.6676000e-001 -1.7612500e+000
  2.1112500e+001 -1.0984060e+001 -1.5627300e+000 -8.5210000e-002  1.3402200e+000
  2.7632250e+001 -1.2361430e+001 -4.4990100e+000 -3.9241900e+000 -2.3294400e+000
  5.6536350e+001 -1.1947460e+001 -1.7980110e+001  3.0305000e-001 -7.1728700e+000
  2.0801130e+001 -8.3551200e+000 -4.1060900e+000 -6.0178000e-001  1.3065800e+000
  3.8844960e+001 -5.2298800e+000 -9.3503400e+000 -3.6217700e+000 -2.3842700e+000
  3.3620880e+001 -1.5511030e+001 -3.4464000e+000  4.1915400e+000 -5.8633000e+000
  2.2819780e+001 -1.3025680e+001 -2.2509700e+000  2.1826800e+000 -5.8118000e-001
  3.8898795e+002 -3.7612770e+001 -7.1308500e+001 -1.4255140e+001 -3.1454200e+001
  5.6227560e+001 -2.1425670e+001 -6.9661700e+000 -4.0250000e-002 -4.7300000e-003
  3.6119440e+001 -1.8507720e+001 -3.6318800e+000  7.2317000e-001 -1.4682400e+000
  9.4142300e+000 -2.3429300e+000 -4.5760600e+000  2.7045000e-001  1.0170600e+000
  1.4969540e+001 -4.1228500e+000 -3.8780000e+000  1.1161500e+000 -2.2507300e+000
  1.8777100e+001 -6.0916000e+000 -4.8986000e+000  6.7594000e-001 -3.2860600e+000
  1.1407740e+001 -5.7959200e+000 -2.8203800e+000  7.3046000e-001 -2.5862000e-001
  3.3386600e+000 -2.7333000e-001  2.3311800e+000 -1.9421000e-001  2.8800000e-002
  8.7672200e+000  2.2078730e+001 -3.7134300e+000 -2.3894600e+000 -7.6148500e+000
  2.6410620e+001  1.0294790e+001 -9.8334300e+000  3.8641500e+000 -9.7857700e+000
  2.4486200e+000  1.7779900e+000 -3.3267200e+000 -5.3100000e-002 -2.4516300e+000
  3.0956700e+001  8.2338200e+000 -1.7090290e+001  8.9139900e+000 -1.7205250e+001
  1.2126190e+001  7.6428600e+000 -3.3458300e+000  4.3020400e+000 -7.3517100e+000
  1.8535350e+001  8.0800600e+000  2.9572000e-001 -6.2699000e-001 -4.6741300e+000
  3.5669430e+001 -2.3930100e+000 -3.0291000e+000  1.9926400e+000 -1.8212600e+000
  3.4615290e+001 -1.7553000e+000  2.2080000e-001  2.3814200e+000 -3.2457600e+000
  4.2425780e+001 -6.2258800e+000 -1.3083800e+000  4.9104200e+000 -3.8516600e+000
  1.3021750e+001  5.8579000e+000  2.2169000e+001 -3.2431500e+000  9.1217500e+000
  2.8309180e+001 -7.4871000e-001  1.4008000e-001  3.4494500e+000  7.8564000e-001
  1.3630240e+001 -7.7134000e-001 -8.9629800e+000 -1.5411400e+000 -3.1608800e+000
  1.4512320e+001  3.9076100e+000 -1.6613600e+000 -8.7844000e-001  3.2733000e-001
  3.3001450e+001  4.6213000e-001 -5.4358700e+000 -3.7318500e+000 -7.7862000e-001
  2.7529780e+001 -7.5055400e+000 -7.9061500e+000  7.6758000e+000 -6.5202000e+000
  5.7000100e+000  1.7905700e+000 -2.6526000e+000 -6.9822000e-001 -2.8510000e+000
  8.8210000e+000 -1.8758700e+000  2.2847600e+000 -3.6273400e+000  1.3634900e+000
  1.1475520e+001  1.8115600e+000 -4.5040200e+000 -1.6240700e+000 -2.9391500e+000
  2.5259520e+001  2.3565000e+000 -2.4824900e+000 -5.8468000e+000 -3.2022800e+000
  8.0443300e+000 -6.5705000e-001 -1.7055900e+000 -7.8480000e-002 -1.0338200e+000
  2.6545650e+001 -7.1100600e+000 -5.5165300e+000  1.4105000e-001 -2.3191300e+000
  9.0992600e+000  4.1481000e-001  2.4356000e-001  7.6936000e-001 -1.6803000e-001
  1.2364230e+001 -7.2280400e+000  2.5267000e-001 -1.5363700e+000 -9.4610000e-001
  1.2405900e+001  6.8857000e+000 -5.9338300e+000 -1.0401100e+000 -3.8748700e+000
 -1.4931100e+000  4.8004900e+000  1.8536300e+000  2.9611000e-001  2.1101200e+000
  2.5704290e+001 -1.1586650e+001 -6.4737300e+000  1.5623900e+000  3.0390000e-002
  1.3548950e+001 -1.1174300e+000 -4.8793000e+000 -2.2575900e+000 -1.4092300e+000
  3.6568870e+001  5.8970100e+000 -2.4171010e+001 -2.2893500e+000 -1.3727180e+001
  1.1579900e+001 -3.8480800e+000 -3.3441800e+000  1.5533600e+000 -1.9212800e+000
  2.1143480e+001 -9.9063400e+000 -7.4025100e+000  2.0709700e+000 -4.9253400e+000
  3.4173110e+001 -1.6530980e+001 -1.0113360e+001  7.0096900e+000 -2.3616000e+000
  3.8946050e+001 -1.9104240e+001 -9.8964100e+000  6.0157600e+000 -8.4636700e+000
  8.8440720e+001 -3.7998800e+000 -4.0359180e+001 -2.1435100e+000 -2.5029700e+001
  2.4200350e+001 -6.1077300e+000 -5.8890900e+000  3.2236700e+000 -3.8642900e+000
  3.4445350e+001  5.1532300e+000 -1.3070970e+001 -3.5877400e+000 -9.0173100e+000
  1.4006296e+002 -1.4566720e+001 -4.9148140e+001  2.4806600e+000 -4.6999900e+001
  5.3304460e+001  3.6433600e+000 -1.4578890e+001 -4.6804800e+000 -1.3755730e+001
  5.7478370e+001 -1.9751980e+001 -2.2014030e+001 -3.6302400e+000 -1.6613010e+001
  2.7704130e+001  1.5716000e+000 -2.0840800e+000 -2.0428100e+000 -3.6556900e+000
  2.8233940e+001 -2.5474800e+000 -1.0683860e+001 -3.4017000e+000 -7.5354400e+000
  5.7019150e+001 -2.5939710e+001 -1.2216630e+001  2.2408200e+000 -8.8797500e+000
  5.4666350e+001 -8.7966860e+001  3.6913440e+001  5.6562640e+001  8.2270800e+000
  5.2592620e+001 -2.1158850e+001 -9.2565900e+000  3.8175300e+000 -5.4650000e-002
  2.0191490e+001 -1.2984590e+001 -5.7780900e+000 -3.6040000e-001  2.5617500e+000
  6.2314130e+001 -6.1692600e+000 -2.5856860e+001 -1.2732980e+001 -2.3900080e+001
  5.5971910e+001 -1.1469570e+001 -1.5241390e+001 -1.2255430e+001  1.8757400e+000
  6.7884020e+001  4.0764000e-001 -4.0695380e+001 -2.0002940e+001 -3.0885200e+001
  1.6904520e+001 -3.5809300e+000 -2.2741490e+001  5.1153300e+000 -1.4640290e+001
  5.2815610e+001  6.1230700e+000 -2.1289910e+001 -2.1008040e+001 -2.0077190e+001
  4.3689060e+001 -1.2113830e+001  3.2224000e-001 -5.9857000e-001 -6.8460600e+000
  3.3310980e+001 -3.8987500e+000 -6.1394100e+000  6.8587000e-001 -2.7192000e+000
  1.3400765e+002 -2.7681220e+001 -2.5731810e+001  1.4496500e+000  1.4917000e+000
  8.0671020e+001 -9.3752000e+000  8.1289300e+000 -4.1460830e+001  2.5870030e+001
  8.0247000e+001 -1.8123950e+001 -9.1692500e+000 -1.8768150e+001  7.8217000e+000
  7.3578300e+001 -6.1635000e-001 -1.2686950e+001 -3.0129670e+001  6.0890400e+000
  3.8928710e+001  1.0489980e+001  7.8450000e-001 -1.6469570e+001  1.4213610e+001
  3.0195490e+001  1.0318060e+001  4.8615000e-001 -7.8722900e+000  3.6699300e+000
  2.5015890e+001  4.8862700e+000  7.5028000e-001 -1.1815930e+001  9.6571900e+000
  2.8000190e+001  9.7693700e+000  3.7859200e+000 -4.0491700e+000  3.1115100e+000
  2.7011300e+001  1.2582150e+001 -8.9478500e+000 -1.0071600e+001  3.3739000e+000
  2.5779010e+001  9.0841000e+000 -3.0044100e+000 -1.5477400e+000 -3.1353000e-001
  2.5729380e+001  1.0890150e+001 -4.0359300e+000 -8.0980200e+000  2.3070200e+000
  3.1995960e+001  1.0832490e+001  4.8850000e-001 -1.3968000e+000 -6.8050000e-001
  1.8774940e+001  9.7846300e+000 -4.3518200e+000  1.8242500e+000 -1.6349700e+000
  2.4812960e+001  7.9777400e+000  2.0085700e+000 -5.7181000e-001  4.6020000e-001
  2.1089300e+001  1.0075580e+001 -3.1086000e+000 -2.4620700e+000  2.6335500e+000
  4.2516720e+001  2.0778060e+001 -1.8574800e+000 -4.0042500e+000 -1.2058900e+000
  2.2724900e+001  1.6051140e+001 -8.5668400e+000  4.0940000e-002 -4.0174200e+000
  1.9306400e+001  8.3756400e+000 -5.4279200e+000  2.9831600e+000 -2.8952400e+000
  3.8239180e+001  7.8341400e+000 -3.4176000e-001  1.6861900e+000 -4.5688000e+000
  2.2755480e+001  5.1811000e+000  7.5170000e-001  2.3070000e-002  1.0352700e+000
  9.0837630e+001 -1.0180300e+000  1.0195640e+001  9.4659200e+000  8.2680300e+000
  8.8730040e+001  6.8398000e+000 -4.9552200e+000  1.9160400e+000 -3.5966400e+000
  1.0650437e+002  3.9537500e+000 -8.5620800e+000  1.1260200e+001 -7.0537800e+000
  7.8696320e+001 -1.0391800e+000 -5.3231600e+000  8.9782000e-001  6.7698000e-001
  2.0414638e+002  6.0957600e+000  1.1115356e+002 -2.8776850e+001 -1.3126860e+001
  8.8867485e+002 -2.7056740e+001  9.3176090e+001 -4.0217300e+001 -5.1453880e+001
  4.0079200e+002  5.5134110e+001  1.8440949e+002 -5.6321110e+001 -2.2854990e+001
  1.6950120e+002  4.5217030e+001  7.9857170e+001 -8.1673100e+000 -1.1114260e+001
  1.4777566e+002  5.1672900e+001  1.0272694e+002 -2.8512100e+001  1.9826580e+001
  1.2464950e+002  5.9288200e+001  6.6968300e+001 -1.3874500e+001  1.9014300e+001
  6.8438900e+001  2.0213300e+001  2.4614200e+001 -5.7192000e+000  7.5480000e+000
  2.9344287e+002  1.1188392e+002  1.2048902e+002 -3.9712550e+001  4.0926430e+001
  1.4387946e+002  7.5775200e+001  2.7844390e+001 -3.9455340e+001  4.2410240e+001
  6.0772010e+001  2.3485080e+001  1.1140630e+001 -1.5026270e+001  1.4479270e+001
  6.7840000e+001  3.7384430e+001  2.3509200e+000 -1.6388810e+001  1.4608040e+001
  8.0951200e+001  3.7455400e+001  2.6390000e-001 -1.7967500e+001  1.6646800e+001
  4.4218470e+002  1.1889690e+002  1.4985600e+001 -8.5324700e+001 -1.3783000e+000
  2.9994430e+002  1.2250950e+002  2.2749200e+001 -5.9968400e+001 -1.6555900e+001
  4.0031000e+001  2.3093300e+001  2.4243000e+000 -1.2621000e+001 -1.3610000e+000
  1.0309590e+002  2.5690400e+001 -1.1631700e+001 -1.2093100e+001 -1.2537900e+001
  4.9769100e+001  1.2252300e+001  5.2077000e+000 -8.9550000e-001 -8.3617000e+000
  3.7530480e+001  6.0063800e+000  6.8492700e+000  6.1501000e-001 -2.9666700e+000
  3.5797500e+001  6.7851000e+000  8.2544000e+000 -7.6768000e+000  3.4799000e+000
  6.9739600e+001  2.2270800e+001  1.1898100e+001 -1.0551600e+001  2.6138000e+000
  3.2125800e+001  1.1090400e+001  2.0974000e+000 -7.3187000e+000 -3.9940000e-001
  3.2551000e+001  9.0870000e+000 -3.0685000e+000 -3.8691000e+000 -1.9687000e+000
  5.5779000e+001  2.2309700e+001 -6.2725000e+000 -9.2064000e+000 -7.0392000e+000
  4.4033600e+001  2.4781100e+001 -1.4072500e+001 -1.0713100e+001 -9.1453000e+000
  3.7223100e+001  1.1505800e+001 -1.2884600e+001 -7.8340000e+000 -7.7782000e+000
  9.7349500e+001  2.7421800e+001 -4.3400000e-001 -1.5944500e+001 -5.3720000e+000
