  9.4654700e+000 -1.3244300e+000  2.0226200e+000  5.6337000e-001 -1.2189000e+000
  2.5785720e+001 -2.8852100e+000  2.6132000e+000 -1.0092200e+000 -4.1045600e+000
  3.0144200e+000  9.0637000e-001  3.9140000e-001  2.6527000e-001 -1.8019300e+000
  5.2926200e+000 -3.7860000e-002  2.3899400e+000  3.2700000e-003  5.6573000e-001
  5.6034200e+000 -9.5312000e-001  1.0372000e-001  5.4284000e-001 -1.5037200e+000
  7.0883700e+000  3.8994000e-001  1.1861000e+000 -8.4635000e-001 -9.4140000e-002
  3.4047600e+000 -1.3552000e-001  5.3352000e-001 -3.6298000e-001 -7.4824000e-001
  2.0985360e+001  1.0451610e+001 -6.3937000e-001  1.5788800e+000 -4.2641600e+000
  6.8165000e+000  1.5272000e+000  9.7760000e-001  1.1886500e+000 -6.7000000e-001
  5.8399700e+000  4.7503800e+000  2.3606700e+000 -1.5190600e+000 -6.5123000e-001
  8.8213100e+000  5.4058300e+000  4.0711300e+000 -1.8522800e+000 -9.7116000e-001
  2.2075750e+001  1.2008030e+001  5.3465000e+000 -1.9486100e+000 -3.2845800e+000
  5.7594920e+001  6.3042400e+000 -1.4204700e+001  8.1357000e+000 -1.9469620e+001
  2.3588180e+001 -1.8008000e-001 -4.6531800e+000  1.1885800e+000 -9.3357800e+000
  1.3626400e+001  5.6427900e+000  8.6368000e-001  2.6358600e+000 -3.3679900e+000
  2.2338940e+001  1.2650820e+001 -3.4031100e+000 -6.0101000e-001 -1.0078500e+001
  8.2745800e+000  4.5727200e+000 -2.2770000e-001 -5.9040000e-002 -3.7912800e+000
  1.9586870e+001  9.6665800e+000 -4.9368500e+000  2.9445200e+000 -7.8320600e+000
  3.7943300e+001  2.0366280e+001 -1.0046160e+001  2.4999800e+000 -1.7259840e+001
  2.8110910e+001  4.3310900e+000 -1.6833700e+000  2.8872300e+000 -6.4733000e+000
  1.7654270e+001  7.0016400e+000 -9.4884600e+000  5.1340000e-001 -3.8579300e+000
  1.1265040e+001  3.6244200e+000 -3.2932000e-001 -1.1461000e+000 -2.5674000e+000
  2.6551430e+001  1.1495190e+001 -6.4433800e+000 -4.0981000e+000 -3.9439000e+000
  2.4231910e+001  7.6309100e+000 -4.0711400e+000 -5.0899900e+000 -1.6800300e+000
  5.7270940e+001  1.0289420e+001 -2.7014500e+001 -4.1104700e+000 -2.4771720e+001
  3.9360920e+001  1.2494540e+001 -1.5554150e+001 -6.1040300e+000 -1.6471850e+001
  4.0215760e+001 -2.3582500e+000 -1.0092970e+001 -3.1428200e+000 -1.1651930e+001
  1.7403524e+002  4.6718250e+001 -1.0780085e+002  7.6943600e+000 -9.1386200e+001
  6.5497050e+001  1.1170310e+001 -2.4749050e+001  2.2219000e-001 -3.1165650e+001
  3.3980970e+001  9.7470400e+000 -5.4557600e+000 -2.2118300e+000 -1.1715990e+001
  2.1428130e+001  1.1224390e+001 -1.3544100e+000 -4.5452400e+000 -4.6285400e+000
  2.0598940e+001  4.8127600e+000 -7.9155000e-001 -3.8894200e+000 -3.1645000e+000
  4.2855690e+001  5.2036600e+000  7.0893600e+000 -5.1673800e+000  2.5977300e+000
  4.1094050e+001  7.0762200e+000 -1.9434700e+000 -2.4487100e+000 -4.5494200e+000
  1.5283280e+001  2.9654000e+000 -5.6350000e-001 -2.9477600e+000  1.0598600e+000
  1.6740510e+001  2.8680500e+000 -1.0097900e+000 -1.2072900e+000 -5.1151000e-001
  1.7051150e+001 -2.3523600e+000 -5.5464000e+000  2.4234000e-001 -1.6868300e+000
  2.0336540e+001 -2.0662000e+000 -2.8002200e+000  1.0685100e+000  7.0308000e-001
  3.9469590e+001 -5.7673000e-001 -1.1623320e+001  6.0706000e-001  9.9367000e-001
  8.6391840e+001 -3.5115200e+000 -3.1502610e+001  1.7728600e+000  4.2100000e-003
  3.5808280e+001  1.1824800e+000 -1.1903420e+001  5.0052000e-001 -5.8734800e+000
  9.2933040e+001  5.7021000e+000 -2.1427840e+001  6.8221000e+000 -4.6993200e+000
  4.9195900e+001 -6.5447000e+000 -6.9998600e+000  6.2071000e-001 -2.6298000e-001
  5.6967540e+001 -1.1283040e+001 -9.7584800e+000 -4.5835000e+000 -1.0984240e+001
  1.5863879e+002 -4.4017730e+001 -2.9542380e+001  7.3584300e+000 -3.4941890e+001
  1.3070128e+002 -4.8403920e+001 -3.4579610e+001  1.0483150e+001 -2.4157640e+001
  6.4915050e+001 -1.8320200e+000  6.9660000e-001  3.6736600e+000 -9.6560800e+000
  3.8820340e+001 -8.5642300e+000 -2.6576900e+000  2.2835500e+000 -4.0200600e+000
  5.0423640e+001 -7.6630200e+000  2.1218400e+000 -3.8146000e-001  9.3000000e-004
  3.6300080e+001 -1.0828380e+001  1.4898000e+000  2.3731600e+000  2.0092400e+000
  3.5129660e+001  4.9965000e-001  1.3104500e+001 -2.4026800e+000  4.6391500e+000
  2.4950070e+001 -2.8881400e+000  6.4815200e+000  5.0987000e-001  1.5872300e+000
  1.6802240e+001 -5.0922800e+000  2.6805000e-001 -8.3361000e-001  2.1777300e+000
  2.5579470e+001 -4.1636200e+000 -3.6899000e-001 -8.0405000e-001  2.3523100e+000
  1.4127970e+001 -3.1239200e+000 -7.5780000e-001  8.7386000e-001  2.5040000e-002
  1.1840680e+001 -2.1399000e+000 -1.8992600e+000  1.0369200e+000 -1.1214000e-001
  1.3114700e+001 -1.9317000e+000 -2.5415500e+000  2.9592000e-001  1.0354800e+000
  2.4924130e+001 -2.6685400e+000 -7.3419900e+000  3.8320100e+000 -6.6008000e-001
  2.0629480e+001 -6.4016400e+000 -7.2639000e+000  4.2918300e+000 -1.0685700e+000
  2.0029780e+001 -3.1433800e+000 -5.9209900e+000  4.1479700e+000 -2.0123800e+000
  3.8852590e+001  1.7060260e+001 -7.6690600e+000  4.6021500e+000 -6.4913400e+000
  4.5673070e+001  8.2711400e+000 -1.4022480e+001  1.0158380e+001 -6.9892600e+000
  1.1646380e+001  6.6935000e-001 -2.0298600e+000  1.6663300e+000 -8.7167000e-001
  1.5685300e+001  3.6589000e-001 -1.8850800e+000  2.0391100e+000 -1.9511800e+000
  1.6929910e+001 -1.5705800e+000 -3.4019100e+000  3.9731800e+000 -2.5851600e+000
  4.8555420e+001  1.3939790e+001 -4.0279900e+000  5.8961000e-001 -5.7252700e+000
  7.0629790e+001  1.8123810e+001 -7.4416100e+000 -8.7671400e+000 -1.8111600e+000
  4.1483850e+001 -5.6620300e+000 -6.8408700e+000  2.0285600e+000 -4.7174200e+000
  4.2738860e+001 -4.2235600e+000 -2.0474320e+001  1.0950620e+001 -1.1862880e+001
  5.7357480e+001 -9.2897200e+000 -2.4542050e+001  5.2054700e+000 -1.4715890e+001
  3.7476480e+001 -6.4010400e+000 -1.6706610e+001  3.9280700e+000 -8.4665400e+000
  2.1019260e+001 -2.1533800e+000 -5.1623300e+000 -4.2882000e-001 -2.7761900e+000
  4.4307140e+001  6.1690900e+000 -2.5301990e+001  3.1953900e+000 -1.4384820e+001
  2.7708230e+001 -6.1411400e+000 -1.2899160e+001  2.2309000e+000 -7.4555800e+000
  4.3356880e+001 -7.8593400e+000 -3.4876080e+001  1.0523520e+001 -1.9873040e+001
  2.3473950e+001 -5.7555200e+000 -1.2262270e+001  4.0537700e+000 -7.9924300e+000
  5.6971700e+001 -2.0580980e+001 -1.2635640e+001 -2.7041000e-001 -7.9813500e+000
  9.9091450e+001 -2.9277600e+001 -2.8082350e+001  7.1943400e+000 -1.2868920e+001
  4.2211950e+001 -1.1585970e+001 -1.1630740e+001  1.2102700e+000 -4.6453300e+000
  2.7754840e+001  3.4508000e-001 -6.4801600e+000 -2.3068800e+000 -1.7235200e+000
  3.5116160e+001 -9.6810000e+000 -1.3820300e+001 -3.2441700e+000 -2.5026300e+000
  1.3710340e+001 -5.0367700e+000 -7.5288700e+000 -1.4128600e+000 -2.0719700e+000
  3.0991500e+001 -8.2049700e+000 -1.4597010e+001 -3.7570400e+000 -2.7117500e+000
  2.3010340e+001 -9.6494000e+000 -5.7691100e+000 -2.2902500e+000 -1.1358700e+000
  3.6267860e+001 -1.2912390e+001 -1.6206380e+001 -4.4216300e+000 -1.0305740e+001
  2.3475300e+001 -1.1395200e+001 -9.0763400e+000 -1.6251900e+000 -7.0046400e+000
  2.0399000e+001 -7.6885300e+000 -8.7762400e+000 -8.0772000e-001 -3.7551900e+000
  1.4181740e+001 -6.6803600e+000 -5.1452200e+000 -1.2036000e-001 -4.5520600e+000
  1.8639770e+001 -4.0220800e+000 -3.0562300e+000 -1.3868300e+000 -2.8268700e+000
  2.1678570e+001 -8.5406800e+000 -5.3270600e+000  4.0616000e-001 -3.4106500e+000
  2.9873600e+001 -1.4181560e+001 -2.3229300e+000 -6.2631000e-001 -2.8612800e+000
  3.7622850e+001 -1.9069730e+001 -7.1606100e+000 -2.2851900e+000 -1.1745400e+000
  6.2599150e+001 -1.5007660e+001 -1.6674910e+001  4.0315000e-001 -6.9788700e+000
  2.6699330e+001 -1.2560820e+001 -4.3543900e+000 -7.6318000e-001  1.1878000e-001
  3.9018460e+001 -9.2263800e+000 -1.0038540e+001 -4.0557000e-001 -3.8530700e+000
  5.3568680e+001 -2.6088930e+001 -5.0410000e+000  6.5654000e-001 -6.2542000e+000
  3.1282180e+001 -1.5096180e+001 -6.2310700e+000  5.8441800e+000 -3.8392800e+000
  5.5173405e+002 -1.1465197e+002 -9.7431500e+001 -1.1007040e+001 -3.2440100e+001
  7.4718160e+001 -3.1719270e+001 -1.3978570e+001  2.5995500e+000 -5.5937300e+000
  4.9757240e+001 -2.6270420e+001 -5.8249800e+000  2.3860700e+000 -3.6006400e+000
  1.9397330e+001 -1.0416230e+001 -5.0968600e+000  1.1222500e+000 -2.9128400e+000
  1.6122740e+001 -7.5902500e+000 -3.9707000e+000  1.6156500e+000 -2.0923300e+000
  1.8285700e+001 -6.8079000e+000 -2.5053000e+000  5.6864000e-001 -3.0155600e+000
  1.7739240e+001 -8.7950200e+000 -3.8026800e+000  6.9396000e-001 -2.6965200e+000
  9.8687600e+000 -4.3607300e+000 -1.4032200e+000  1.0118900e+000 -9.7760000e-001
  4.0668820e+001 -8.1400700e+000 -7.9020300e+000  3.5835400e+000 -5.7199500e+000
  2.3191920e+001 -2.7086100e+000 -5.7408300e+000  2.5972500e+000 -3.7503700e+000
  1.8796620e+001 -6.9699100e+000 -2.5309200e+000  1.8674000e+000 -2.4540300e+000
  7.3393900e+001  5.8613200e+000 -3.1750090e+001  1.8517690e+001 -3.1060150e+001
  6.6891590e+001 -1.5368140e+001 -1.7528030e+001  1.2152240e+001 -2.5984910e+001
  6.2569550e+001  4.6553600e+000 -1.2982480e+001  1.4527010e+001 -1.9331330e+001
  3.3670130e+001 -6.2414100e+000 -6.8623000e+000  4.0048400e+000 -4.3152600e+000
  2.6116690e+001 -5.4350000e-001 -2.7720000e-001  2.6876200e+000 -3.1481600e+000
  5.1799280e+001 -3.5546800e+000 -3.8940800e+000 -1.3804800e+000 -6.7477600e+000
  2.0051950e+001  5.4878000e+000 -2.1749000e+000  7.7865000e-001 -3.2114500e+000
  2.8162080e+001  3.8653900e+000 -7.0742200e+000  1.1113500e+000 -3.4200600e+000
  1.4182340e+001 -1.5466400e+000 -2.6822800e+000 -4.4784000e-001 -1.6141800e+000
  1.2563720e+001  2.4772100e+000 -4.4960600e+000 -7.0684000e-001 -2.2522700e+000
  2.1496550e+001  1.7936300e+000 -1.6773700e+000 -9.4750000e-002 -1.6618200e+000
  2.2181080e+001 -5.4371400e+000  1.7822500e+000  4.4361000e+000 -3.3139000e+000
  9.5503100e+000  1.4367000e-001 -1.9317000e+000 -1.1792200e+000 -1.1139000e+000
  1.2756700e+001  3.6150300e+000 -3.0928400e+000  5.1076000e-001 -5.3376100e+000
  2.3657120e+001  1.2337600e+000 -1.1166200e+000 -3.3374700e+000 -2.7811500e+000
  2.2886720e+001  8.2020000e-001 -3.3767900e+000 -2.8356000e+000 -5.5121800e+000
  1.0934930e+001 -2.0999500e+000 -1.6437900e+000 -8.2198000e-001 -2.6515200e+000
  2.3291550e+001 -1.5440600e+000 -4.5689300e+000 -7.2150000e-002 -4.6083300e+000
  1.5378360e+001 -4.5815900e+000  5.2586000e-001 -6.0164000e-001 -3.7721300e+000
  1.4293630e+001 -5.9762400e+000 -7.2313000e-001  1.0758300e+000 -5.9591000e+000
  1.2782500e+001  1.6016000e+000 -2.4387300e+000 -5.4971000e-001 -5.2194700e+000
  1.7207490e+001  5.3106900e+000 -1.0485770e+001 -3.5194900e+000 -8.7681800e+000
  2.9486790e+001 -7.3588500e+000 -6.8743300e+000  1.4664900e+000 -2.1839100e+000
  2.0393050e+001 -1.8053300e+000 -3.5103000e+000 -9.7109000e-001 -2.1389300e+000
  3.9359470e+001  1.7555100e+000 -2.5910010e+001 -3.0775500e+000 -1.8617880e+001
  2.0765200e+001 -8.5210800e+000 -5.9434800e+000  3.7840600e+000 -3.2717800e+000
  3.3788780e+001 -1.2921340e+001 -1.1894110e+001  4.7004700e+000 -6.9028400e+000
  4.6377310e+001 -1.8793380e+001 -1.4030560e+001  8.7485900e+000 -7.6267000e+000
  4.9579350e+001 -2.7408240e+001 -1.2458110e+001  7.3116600e+000 -9.2846700e+000
  1.4488962e+002 -2.5295080e+001 -5.5692980e+001  2.9776900e+000 -3.3913700e+001
  5.1568350e+001 -1.1456530e+001 -1.6450290e+001  6.5109700e+000 -1.3612790e+001
  5.2314350e+001 -5.0957700e+000 -1.3200870e+001  2.7256600e+000 -1.0981810e+001
  2.6357886e+002 -3.3391520e+001 -8.9960140e+001  2.2859600e+000 -9.3713400e+001
  1.7782896e+002 -2.8162740e+001 -8.1956290e+001 -6.8141800e+000 -9.9675630e+001
  1.3715397e+002 -4.5885380e+001 -6.0184730e+001 -6.3942400e+000 -5.6962410e+001
  1.6800143e+002 -2.8125200e+001 -1.4683298e+002 -6.2141010e+001 -9.9460090e+001
  8.8621640e+001 -3.0216180e+001 -4.0862360e+001 -4.0653000e+000 -3.1868140e+001
  1.0814805e+002 -5.1163010e+001 -3.4663930e+001 -1.2648480e+001 -2.5232150e+001
  1.5998445e+002 -3.6281600e+000 -8.3794360e+001 -4.2680560e+001 -3.2682520e+001
  2.9790792e+002  8.1307250e+001 -1.7630959e+002 -1.4308537e+002 -7.4964650e+001
  8.7546890e+001 -3.9084900e+000 -5.1721990e+001 -4.7232900e+001 -4.7233050e+001
  2.8138393e+002 -1.6502760e+001 -2.0725186e+002 -1.6047938e+002 -1.5221678e+002
  2.9193721e+002 -4.9112670e+001 -2.2095879e+002 -8.1138230e+001 -1.7357056e+002
  2.2435162e+002 -5.6111960e+001 -1.5483418e+002 -5.9697940e+001 -1.2059730e+002
  1.8610622e+002  6.6563700e+000 -3.2367690e+001 -3.5973070e+001 -6.5948990e+001
  1.0875151e+002 -6.3874300e+000 -3.7618310e+001 -3.4877440e+001 -5.6157390e+001
  1.0751596e+002 -2.0949830e+001 -1.9568560e+001 -2.6365270e+001 -3.9468260e+001
  1.2597088e+002 -2.2266550e+001 -4.8175810e+001 -1.9633730e+001 -5.5315300e+001
  3.3767075e+002 -5.8684620e+001 -5.8614810e+001 -7.1451550e+001  8.0217000e+000
  2.8169052e+002 -3.5041600e+001 -4.1288170e+001 -8.4689330e+001  3.3811730e+001
  1.7455150e+002 -4.8596850e+001 -2.5992850e+001 -4.1105450e+001  1.4151700e+001
  9.9430900e+001 -8.9412500e+000 -2.2475150e+001 -2.6934270e+001  3.2099400e+000
  6.8717210e+001  1.2962980e+001  1.5661000e+000 -2.7529370e+001  1.7711410e+001
  4.5993590e+001  2.2393960e+001 -2.7345000e-001 -1.7857990e+001  9.4910300e+000
  5.2287490e+001  1.9399470e+001  5.1596800e+000 -2.5703530e+001  2.0251190e+001
  3.9618890e+001  1.6772470e+001  6.8453200e+000 -1.4979470e+001  1.0580410e+001
  4.5766300e+001  2.3426750e+001 -2.2181350e+001 -2.0188400e+001  6.4929000e+000
  3.3933210e+001  7.2072000e+000 -9.9162100e+000 -5.2530400e+000  3.5557000e-001
  3.1028680e+001  7.4327500e+000 -3.3277300e+000 -5.4757200e+000  6.9012000e-001
  3.8415260e+001  1.4164990e+001 -1.1814000e+000 -2.6997000e+000 -2.2103000e+000
  2.2742240e+001  9.3841300e+000 -3.4767200e+000  1.0790500e+000 -2.1772700e+000
  3.7536360e+001  1.3842440e+001  2.3997000e-001  1.9676900e+000 -2.5239000e+000
  3.0053800e+001  1.2300880e+001 -2.5796000e+000 -1.1754700e+000 -1.4665500e+000
  7.6057920e+001  3.7223460e+001 -4.2239800e+000 -7.2859500e+000 -2.3886900e+000
  4.2672200e+001  2.5956340e+001 -1.3534340e+001  1.2085400e+000 -4.6625200e+000
  2.7136500e+001  1.5358640e+001 -7.4156200e+000  2.8186000e-001 -3.1705400e+000
  6.0872680e+001  8.8547400e+000 -2.2729600e+000  2.2366900e+000 -5.4062000e+000
  3.7291080e+001  7.1530000e+000 -9.9000000e-002  1.2595700e+000 -2.6894300e+000
  1.3666903e+002  7.8342700e+000  8.7002400e+000  9.5375200e+000 -5.4202700e+000
  1.5196194e+002  2.6060000e+001 -1.3057200e+000  4.5123400e+000 -5.6383400e+000
  2.7443137e+002  3.5373350e+001 -1.8076800e+000  2.6423300e+001 -2.7437580e+001
  1.3594482e+002  7.9362200e+000 -1.0393160e+001 -1.0169880e+001  7.1324800e+000
  5.7243608e+002 -1.1694640e+001  3.9503416e+002 -1.1576685e+002 -5.6547760e+001
  1.6013449e+003  3.2591560e+001  3.3195669e+002 -1.1762240e+002 -1.2081518e+002
  7.5530730e+002  7.7011510e+001  3.9358599e+002 -1.2927911e+002 -6.3906890e+001
  2.8437580e+002  7.4604230e+001  2.0365257e+002 -3.3622110e+001 -3.2178760e+001
  1.0854176e+002  2.4399800e+001  7.1616640e+001 -2.9716600e+001  1.2744380e+001
  8.7173800e+001  2.9327300e+001  5.0078100e+001 -2.0593400e+001  1.1507100e+001
  6.3499900e+001  8.3425000e+000  2.9639400e+001 -1.2616300e+001  6.9316000e+000
  1.8244717e+002  4.3422520e+001  8.0065820e+001 -3.9615850e+001  2.3097930e+001
  1.0075556e+002  3.9542400e+001  2.3317890e+001 -2.6497740e+001  2.7096940e+001
  4.6644810e+001  7.3531800e+000  1.5079930e+001 -1.5016670e+001  1.5024070e+001
  5.5969100e+001  1.7596530e+001  1.0113620e+001 -1.5983010e+001  1.3358440e+001
  4.6738200e+001  1.3960800e+001  5.9120000e+000 -1.1126800e+001  1.0274700e+001
  3.9547700e+002  9.1888200e+001  3.6550900e+001 -8.6140600e+001  6.3694000e+000
  3.1332660e+002  1.2259270e+002  4.0909500e+001 -7.7499800e+001 -1.2794000e+001
  4.9430000e+001  2.2676600e+001  8.1733000e+000 -1.7965200e+001 -2.5424000e+000
  8.8292600e+001  1.9360600e+001 -9.5030000e-001 -1.6280900e+001 -1.1463100e+001
  4.8600600e+001  1.2940400e+001  1.1053700e+001 -3.9651000e+000 -5.9318000e+000
  4.4849480e+001  4.1442800e+000  1.1881170e+001 -1.2796900e+000 -1.5393700e+000
  4.0225400e+001  3.4763000e+000  1.0798900e+001 -8.5977000e+000  2.6118000e+000
  7.6514200e+001  1.7336300e+001  1.2794400e+001 -1.3141800e+001  1.2985000e+000
  3.0469900e+001  7.5671000e+000  4.3164000e+000 -7.8603000e+000  1.0124000e+000
  3.8369700e+001  4.9356000e+000  4.6690000e-001 -5.8864000e+000 -2.6471000e+000
  4.9430600e+001  1.2984500e+001 -1.8872000e+000 -7.8134000e+000 -3.8610000e+000
  3.7352500e+001  1.8973900e+001 -7.8106000e+000 -1.1247900e+001 -7.0872000e+000
  2.7253200e+001  7.4331000e+000 -7.1469000e+000 -5.1152000e+000 -4.6703000e+000
  5.7663400e+001  1.4183000e+000 -2.5376000e+000 -7.3506000e+000 -2.1414000e+000
