  1.6132270e+001 -3.5360300e+000  5.0773200e+000  7.1627000e-001 -1.6459000e+000
  4.8899520e+001 -9.3728100e+000  1.0905600e+001 -3.4711200e+000 -5.9469600e+000
  5.5019200e+000  1.2044700e+000  9.7613000e+000 -4.6486300e+000  5.4137700e+000
  1.1429720e+001 -7.3326000e-001  9.1728400e+000 -1.4970300e+000  1.9204300e+000
  1.0584220e+001 -2.7683200e+000  4.2925200e+000 -4.2660000e-002 -2.1103200e+000
  9.4324700e+000  9.0284000e-001  5.0697000e+000 -2.6068500e+000 -6.0724000e-001
  9.0080600e+000 -4.3632000e-001  3.4992200e+000 -1.1257800e+000 -1.8811400e+000
  2.5821260e+001  1.0399610e+001  7.7743000e-001  1.3855800e+000 -4.8085600e+000
  9.7058000e+000  6.9150000e-001  5.4416000e+000  9.3375000e-001 -1.2032000e+000
  7.3532700e+000  1.2896800e+000  7.9155700e+000 -5.5360000e-002  3.7647000e-001
  1.7142510e+001  6.7529300e+000  8.2687300e+000 -2.1985800e+000 -6.2146000e-001
  3.6995050e+001  1.8968330e+001  8.9583000e+000 -2.5980100e+000 -2.6500800e+000
  5.7217220e+001  5.8668400e+000 -1.4459300e+001  8.9490000e+000 -2.0979220e+001
  4.4877380e+001 -4.3658800e+000 -7.0850800e+000  8.0352800e+000 -1.7286380e+001
  2.4991500e+001  4.9815900e+000  5.5353800e+000  2.4814600e+000 -4.7951900e+000
  2.6214740e+001  7.7410200e+000 -4.8089100e+000  2.1615900e+000 -1.1019700e+001
  9.7911800e+000  1.8043200e+000  4.5575000e+000 -8.1654000e-001  7.7062000e-001
  1.5873970e+001  3.1376800e+000 -4.9995000e-001  5.2442000e-001 -3.2859600e+000
  2.5279100e+001  9.0159800e+000 -4.5859600e+000  1.2425800e+000 -9.8693400e+000
  2.0102910e+001  4.9995900e+000  1.5757300e+000 -2.1877000e-001 -6.4998000e+000
  1.5791970e+001  3.3912400e+000 -9.0461600e+000 -1.9540000e-001 -4.3731300e+000
  1.0057540e+001  9.8342000e-001  1.2648800e+000 -2.7968000e+000  3.5150000e-001
  2.3431130e+001  9.6049900e+000 -4.6485800e+000 -3.8495000e+000 -1.4653000e+000
  2.1677110e+001  7.0064100e+000 -3.4726400e+000 -4.9717900e+000 -1.0617300e+000
  4.1033940e+001  9.2930200e+000 -1.8937900e+001 -3.2952700e+000 -1.6565620e+001
  3.2200620e+001  9.4668400e+000 -9.1344500e+000 -4.2851300e+000 -1.0338550e+001
  3.3931960e+001  2.5873500e+000 -3.0857700e+000 -4.4748200e+000 -6.5339300e+000
  1.4421004e+002  3.9886150e+001 -8.6407050e+001  6.4251600e+000 -7.2635600e+001
  4.0850850e+001  6.3660100e+000 -1.1277050e+001 -2.8080100e+000 -1.6809250e+001
  2.7710370e+001  7.5127400e+000 -6.7006000e-001 -4.5124300e+000 -4.3056900e+000
  2.0143030e+001  8.8702900e+000 -2.0771000e-001 -3.6867400e+000 -3.1322400e+000
  1.5553740e+001  4.1184600e+000  1.1954500e+000 -4.2872200e+000  2.0060000e-001
  5.6993890e+001  8.9889600e+000  1.5803060e+001 -1.0456480e+001  2.1529300e+000
  4.9969250e+001  9.0008200e+000  1.1817300e+000 -6.2704100e+000 -5.6665200e+000
  1.4823680e+001  2.6150000e+000  2.8889000e+000 -4.9152600e+000  3.0911600e+000
  1.7429310e+001  3.0887500e+000  6.1710000e-002 -1.9107900e+000  1.0784900e+000
  1.5673050e+001 -1.1644600e+000 -1.6916000e+000 -2.4551600e+000  1.5216700e+000
  1.5154840e+001 -5.3410000e-001  2.0355800e+000 -2.8024900e+000  3.2146800e+000
  3.1175090e+001 -4.1073000e-001 -6.0863200e+000 -9.3034000e-001  4.0033700e+000
  6.8298840e+001 -7.3293200e+000 -2.0567210e+001  1.1126000e-001  2.3768100e+000
  3.4321780e+001  2.4488000e-001 -8.7898200e+000  1.7220000e-002 -5.4049800e+000
  1.3745994e+002  9.3512000e+000 -2.1248940e+001  1.4076000e+000  2.0463800e+000
  6.8212100e+001 -7.9202000e+000  8.0514000e-001 -6.5096900e+000  8.2685200e+000
  6.0776740e+001 -1.6067340e+001 -6.0921800e+000 -5.4269000e+000 -3.0346400e+000
  1.5278089e+002 -4.2338130e+001 -2.0993880e+001  4.1665300e+000 -2.8145190e+001
  1.2702438e+002 -5.3443420e+001 -2.9301610e+001  9.1081500e+000 -1.9985440e+001
  6.9015850e+001  2.7978000e-001  6.6924000e+000  2.3028600e+000 -9.4765800e+000
  5.4981640e+001 -1.4373130e+001  3.5224100e+000  4.5454500e+000 -4.3564600e+000
  4.7791840e+001 -1.0456620e+001  2.8364400e+000  1.6878400e+000 -2.0184700e+000
  3.0660680e+001 -1.0617380e+001  1.1503000e+000  2.9572600e+000  8.7240000e-002
  5.2184560e+001  2.9560500e+000  2.1807700e+001 -2.3724800e+000  8.3991500e+000
  2.9416270e+001 -4.2210400e+000  7.9885200e+000  1.5993700e+000  2.7203000e-001
  1.7689640e+001 -4.0368800e+000  7.0295000e-001 -1.1951100e+000  2.6186300e+000
  3.4467270e+001 -9.0280200e+000 -8.4039000e-001 -1.0747500e+000  2.7799100e+000
  1.9258070e+001 -6.2499200e+000 -9.3760000e-001  1.7819600e+000  6.9040000e-002
  1.7325680e+001 -4.6580000e+000 -2.1565600e+000  3.3712000e-001  7.2166000e-001
  2.0213700e+001 -6.1156000e+000 -1.5175500e+000 -2.2418000e-001  1.6305800e+000
  2.9557430e+001 -5.8717400e+000 -6.7740900e+000  3.0641100e+000  3.4492000e-001
  2.4600280e+001 -8.9589400e+000 -7.2081000e+000  3.6438300e+000  1.3863300e+000
  2.5937080e+001 -4.9936800e+000 -6.8541900e+000  4.6686700e+000 -2.0234800e+000
  5.0183690e+001  1.4170260e+001 -9.1269600e+000  5.3735500e+000 -6.9617400e+000
  5.9606170e+001  8.2987400e+000 -1.7295480e+001  1.2059380e+001 -7.7898600e+000
  1.7790080e+001 -4.8735000e-001 -4.0791600e+000  2.8244300e+000 -1.0246700e+000
  1.9434900e+001 -1.3661100e+000 -2.5500800e+000  4.1543100e+000 -1.6203800e+000
  2.2080610e+001 -3.2648800e+000 -3.9928100e+000  5.0895800e+000 -2.4872600e+000
  5.5706120e+001  1.6623690e+001 -4.3795900e+000 -2.4799000e-001 -6.9235700e+000
  1.2019329e+002  4.1583410e+001 -9.3526100e+000 -2.5120440e+001  1.1367400e+000
  4.8850450e+001 -9.8716300e+000 -1.0310370e+001  3.7577600e+000 -5.4846200e+000
  4.7444660e+001 -5.3216000e-001 -2.3383420e+001  1.0983620e+001 -1.3805280e+001
  5.7951380e+001 -6.6999200e+000 -2.4721850e+001  6.2388700e+000 -1.3118290e+001
  4.4587080e+001 -3.7281400e+000 -1.1800010e+001 -4.0576300e+000 -5.4712400e+000
  2.1193160e+001 -2.7379800e+000 -6.8098300e+000  6.8228000e-001 -3.4364900e+000
  5.6328040e+001  3.5924900e+000 -3.4320190e+001  5.6991900e+000 -1.9056720e+001
  3.8750730e+001 -9.2777400e+000 -1.8598460e+001  1.7956000e+000 -9.1280800e+000
  5.0089480e+001 -7.5674400e+000 -3.8671780e+001  1.0847520e+001 -2.1772540e+001
  2.9220150e+001 -6.8146200e+000 -1.5037170e+001  3.6285700e+000 -9.9576300e+000
  6.3987100e+001 -2.5645780e+001 -1.2892040e+001 -3.8550100e+000 -8.8245500e+000
  1.0046045e+002 -2.6752000e+001 -2.5402050e+001  5.2844400e+000 -1.4557120e+001
  6.7991250e+001 -1.6626870e+001 -1.7084040e+001 -1.8378300e+000 -6.7654300e+000
  3.2766940e+001  1.2026800e+000 -6.8585600e+000 -5.1849800e+000 -1.4375200e+000
  4.2652960e+001 -1.3918800e+001 -1.1367500e+001 -5.0463700e+000  1.0757700e+000
  2.0572240e+001 -7.8817700e+000 -6.7661700e+000 -1.9972600e+000  9.4283000e-001
  4.4355200e+001 -9.4695700e+000 -2.3325910e+001 -6.9142400e+000 -4.4220500e+000
  2.7619840e+001 -9.6068000e+000 -7.8132100e+000 -6.0920500e+000 -4.4877000e-001
  4.8900260e+001 -1.0776490e+001 -2.4142880e+001 -9.3869300e+000 -1.4413740e+001
  2.8451300e+001 -9.5255000e+000 -1.1683540e+001 -3.5792900e+000 -7.1354400e+000
  2.6630800e+001 -8.6584300e+000 -1.3196440e+001 -1.9756200e+000 -6.1841900e+000
  1.1199240e+001 -4.2812600e+000 -6.2486200e+000 -1.1712600e+000 -3.8683600e+000
  1.6165270e+001 -1.3065800e+000 -4.5362300e+000 -1.9570300e+000 -3.3587700e+000
  1.8541870e+001 -7.5513800e+000 -3.9273600e+000 -3.0474000e-001 -1.1129500e+000
  2.9328300e+001 -1.1129960e+001 -9.9630000e-002 -2.4108100e+000  1.0320000e-002
  2.7580550e+001 -1.2860730e+001 -6.6981100e+000 -3.2939900e+000 -2.3939400e+000
  4.6050150e+001 -7.8606600e+000 -8.5632100e+000 -5.4614500e+000  5.8032300e+000
  2.0761930e+001 -8.0907200e+000 -1.3219900e+000 -2.4353800e+000  3.6902800e+000
  3.9038660e+001 -5.5461800e+000 -8.7191400e+000 -8.0467000e-001  1.3920300e+000
  3.2122080e+001 -1.2086130e+001  1.2485000e+000  7.2334000e-001  4.7232000e+000
  3.5279180e+001 -1.5461280e+001 -2.1919700e+000  9.3618000e-001  3.2591200e+000
  8.4445905e+002 -1.5173697e+002 -1.5767020e+002 -2.6919240e+001 -5.5707500e+001
  1.0600146e+002 -4.4215170e+001 -2.3393270e+001  3.6673500e+000 -1.0800930e+001
  6.0535740e+001 -2.9128820e+001 -4.7731800e+000  5.8647000e-001 -2.5870400e+000
  3.4217630e+001 -1.7235930e+001 -7.4128600e+000  1.2285500e+000 -4.0543400e+000
  2.2978140e+001 -1.2155550e+001 -4.1911000e+000  2.4718500e+000 -2.6276300e+000
  2.6004500e+001 -9.6928000e+000 -3.6166000e+000  1.2014000e-001 -4.5108600e+000
  2.5023140e+001 -1.1613020e+001 -6.6650800e+000  9.8846000e-001 -4.9975200e+000
  1.4943960e+001 -7.8636300e+000 -1.7543200e+000  1.5864900e+000 -1.2708000e+000
  5.6354720e+001 -1.7119170e+001 -8.7901300e+000  3.5706400e+000 -3.5478500e+000
  3.7240220e+001 -1.2518610e+001 -8.5553300e+000  5.0323500e+000 -5.6556700e+000
  2.1854120e+001 -8.2894100e+000 -2.4531200e+000  1.1928000e+000 -1.3761300e+000
  8.6026600e+001  8.0592000e-001 -3.5915690e+001  2.0307790e+001 -2.9891250e+001
  6.2371290e+001 -1.2493740e+001 -2.0767230e+001  1.0930640e+001 -2.0818810e+001
  6.2996850e+001 -7.9479400e+000 -1.4157080e+001  1.4563910e+001 -1.7138730e+001
  3.2183330e+001 -8.0355100e+000 -3.7919000e+000  2.8947400e+000 -3.2199600e+000
  2.3940790e+001 -4.6085000e+000 -8.2940000e-001  2.0842200e+000 -3.3330600e+000
  4.1096780e+001  3.8852000e-001  4.0383200e+000 -3.7230800e+000 -1.1715600e+000
  1.9367550e+001  1.0969000e+000  2.3360600e+001 -9.3385000e-001  6.4645500e+000
  2.4838880e+001  6.0899000e-001 -3.0247200e+000  2.1553500e+000 -3.3046000e-001
  3.1029140e+001 -6.2384400e+000 -8.2121800e+000 -2.8906400e+000 -1.9139800e+000
  1.8849720e+001 -6.0489000e-001 -1.5889600e+000 -1.9493400e+000  5.4973000e-001
  2.2353950e+001 -5.3364700e+000  2.1183300e+000 -4.5872500e+000  2.8204800e+000
  1.4402580e+001 -3.8382400e+000 -1.6609500e+000 -3.4750000e-001  1.2343000e+000
  1.0990210e+001 -3.7823000e-001 -2.1310000e+000 -2.8765200e+000 -6.5450000e-001
  4.1696000e+000  1.5696300e+000  1.8575600e+000 -1.7327400e+000 -6.3201000e-001
  2.8259220e+001  3.8732600e+000 -4.5512000e-001 -5.9582700e+000 -2.4965500e+000
  3.4140320e+001  5.4790000e-001 -4.0514900e+000 -4.6868000e+000 -7.8096800e+000
  1.5318430e+001 -4.7074500e+000 -4.1689000e-001 -3.0694800e+000 -3.4401200e+000
  2.6340150e+001  8.5074000e-001 -6.3247300e+000 -2.0888500e+000 -3.7556300e+000
  1.0191960e+001  3.4251000e-001  5.8289600e+000 -9.1729400e+000  1.4719700e+000
  1.2284330e+001 -9.6584000e-001 -3.7490300e+000 -1.8686700e+000 -1.9081000e+000
  1.8059200e+001  1.3826000e+000 -2.3344300e+000 -3.4335100e+000 -9.4803700e+000
  1.6992790e+001  2.1635900e+000 -4.5761700e+000 -6.2378900e+000 -5.0453800e+000
  3.6828690e+001 -1.0998950e+001 -1.2266330e+001 -5.7010000e-002 -3.9200100e+000
  4.8534500e+000  1.6897700e+000 -2.5896000e+000 -3.7812900e+000 -1.9070300e+000
  4.0089470e+001  3.8506100e+000 -2.6109010e+001 -3.7025500e+000 -1.8635380e+001
  1.3167500e+001 -1.8852800e+000 -2.3885800e+000  9.6316000e-001 -1.9261800e+000
  2.3585780e+001 -9.9850400e+000 -8.4512100e+000  3.5213700e+000 -2.3785400e+000
  3.8332510e+001 -1.6343780e+001 -1.1943260e+001  8.0837900e+000  4.1120000e-001
  3.8533350e+001 -2.1898940e+001 -9.5765100e+000  4.9516600e+000 -6.9323700e+000
  1.1276242e+002 -1.3509880e+001 -4.2692080e+001 -2.3932100e+000 -2.6379000e+001
  3.8756150e+001 -9.3745300e+000 -1.2133290e+001  4.6238700e+000 -8.8573900e+000
  4.2310350e+001  1.8671300e+000 -1.5856170e+001 -1.1663400e+000 -1.0587210e+001
  1.7112266e+002 -1.3949420e+001 -6.0381340e+001 -8.7444000e-001 -5.3653900e+001
  8.2537860e+001  1.1705600e+000 -3.3150790e+001 -2.8490800e+000 -3.7257530e+001
  5.9474470e+001 -1.4133980e+001 -1.3064430e+001 -1.1791440e+001 -2.1973310e+001
 -1.1849670e+001  9.2479000e+000  5.2078420e+001  2.3493490e+001  3.3762010e+001
  4.1022440e+001 -9.3592800e+000 -1.2370060e+001 -2.2856000e+000 -9.2758400e+000
  5.0058350e+001 -9.7547100e+000 -1.9390630e+001 -1.3688180e+001 -1.5737850e+001
  1.3317385e+002  1.0938940e+001 -6.2692160e+001 -4.3687360e+001 -1.9432820e+001
  2.1808042e+002  9.1017450e+001 -1.3924679e+002 -1.2977827e+002 -7.5191550e+001
  8.3641390e+001 -7.8552900e+000 -6.7757590e+001 -6.0808800e+001 -4.7165650e+001
  3.0362933e+002 -2.8109960e+001 -2.4299166e+002 -2.2313718e+002 -2.0007808e+002
  2.6565471e+002 -3.9072570e+001 -2.2056129e+002 -1.0781363e+002 -1.7476206e+002
  1.7105092e+002 -3.0712160e+001 -1.0974998e+002 -5.6337140e+001 -8.0703900e+001
  1.7854482e+002  3.6082700e+000 -2.4256190e+001 -3.8170570e+001 -5.9216290e+001
  1.0092081e+002 -7.4723300e+000 -3.0575710e+001 -3.6081140e+001 -4.7936190e+001
  8.6426360e+001 -1.0124530e+001 -9.9552600e+000 -1.9800370e+001 -2.8043760e+001
  7.6620080e+001 -9.0354500e+000 -1.7165010e+001 -1.6426430e+001 -2.9879300e+001
  3.0614015e+002 -4.9390220e+001 -3.7141210e+001 -5.6435250e+001  1.3803900e+001
  2.4871962e+002 -2.2422400e+001 -2.4635670e+001 -9.9017530e+001  4.9849930e+001
  1.5743710e+002 -4.0905150e+001 -2.6432550e+001 -4.0531750e+001  1.6304600e+001
  8.1866600e+001  2.5423500e+000 -1.3049050e+001 -3.1129170e+001  7.5516400e+000
  6.5245710e+001  2.3577980e+001  2.0926000e+000 -3.1185270e+001  2.4441410e+001
  5.8605590e+001  3.6266460e+001  3.6177500e+000 -2.7317890e+001  1.7960130e+001
  6.3460590e+001  3.5812870e+001  1.4981480e+001 -3.9367730e+001  3.4383590e+001
  6.8054690e+001  3.4103770e+001  1.5015420e+001 -3.0624370e+001  2.3081910e+001
  5.0698700e+001  3.1438650e+001 -1.6970950e+001 -2.3722300e+001  6.2125000e+000
  4.2183910e+001  1.5226400e+001  1.1113390e+001 -4.0684400e+000 -4.3823000e-001
  3.4190480e+001  2.5554850e+001  6.5984700e+000 -1.1794220e+001  8.9682000e-001
  6.3892560e+001  2.8678090e+001  5.4782000e+000 -6.4684000e+000 -5.7000000e-001
  3.2394140e+001  1.9980830e+001 -1.1031200e+000  4.5734500e+000 -3.6412700e+000
  4.8420260e+001  2.0783940e+001  6.8332700e+000  4.7383900e+000 -4.4337000e+000
  4.3151900e+001  2.2883580e+001  5.5470000e+000  2.2121300e+000 -4.9294500e+000
  9.6273520e+001  5.8664160e+001  4.7745200e+000 -1.9824500e+000 -5.7022900e+000
  5.6374400e+001  3.9508140e+001 -1.3902040e+001  3.6116400e+000 -1.4016620e+001
  2.2817800e+001  2.1466940e+001 -6.2060200e+000  4.1639600e+000 -1.2846240e+001
  5.5638680e+001  1.3081440e+001  1.2140400e+000  2.5000900e+000 -9.7825000e+000
  4.1987280e+001  5.6852000e+000  3.2703000e+000 -3.2943000e-001 -1.0852300e+000
  1.3673443e+002  4.7136700e+000  3.9282400e+000  8.3902200e+000 -3.3860700e+000
  1.3506954e+002  2.1722100e+001 -8.5129200e+000  2.6461400e+000 -1.2960540e+001
  2.0630387e+002  2.1576650e+001 -1.9313380e+001  1.9976700e+001 -3.8298080e+001
  9.6439020e+001  4.9763200e+000 -6.0605600e+000  9.9761200e+000 -9.2034200e+000
  3.8856578e+002 -6.3398940e+001  1.3294556e+002 -5.3062250e+001 -8.8954160e+001
  1.8907424e+003  1.3001360e+001  2.1254619e+002 -8.5534700e+001 -1.4373248e+002
  6.8958610e+002  6.5708210e+001  2.8693579e+002 -1.1286341e+002 -4.9234890e+001
  3.6622860e+002  1.2397043e+002  1.9621497e+002 -4.2841110e+001 -3.6488760e+001
  1.3682556e+002  4.2290800e+001  1.0683524e+002 -3.2700700e+001  1.5627480e+001
  1.2280080e+002  5.1395600e+001  6.7500000e+001 -1.7811300e+001  1.5323700e+001
  1.0414770e+002  1.9163000e+001  4.8769700e+001 -8.5521000e+000  1.1698400e+001
  2.2748227e+002  6.0363520e+001  9.7651820e+001 -3.6457350e+001  2.8544030e+001
  1.4222126e+002  5.8911000e+001  2.4004190e+001 -3.6840640e+001  3.8903140e+001
  6.1251610e+001  2.1350580e+001  1.0021030e+001 -1.6892770e+001  1.6422970e+001
  7.3502600e+001  2.8566930e+001  5.9282200e+000 -2.1637610e+001  1.5574540e+001
  6.4343500e+001  2.7478600e+001 -1.2350000e-001 -1.7361100e+001  1.5349100e+001
  4.6004750e+002  1.1750140e+002  1.1306400e+001 -8.9870700e+001 -5.9711000e+000
  3.4946960e+002  1.3954770e+002  3.0360600e+001 -8.2931000e+001 -2.0370400e+001
  5.4533300e+001  2.5823000e+001  6.0680000e+000 -1.9093200e+001 -6.2832000e+000
  1.0973900e+002  2.5526500e+001 -7.1024000e+000 -1.8096100e+001 -1.8348700e+001
  5.7070200e+001  1.7911600e+001  1.0313900e+001  8.5810000e-001 -1.1390100e+001
  5.6178780e+001  6.7436800e+000  1.1347870e+001  8.4411000e-001 -3.6727700e+000
  3.8925400e+001  8.6623000e+000  9.7189000e+000 -9.1225000e+000 -3.2600000e-002
  6.5465800e+001  2.5862100e+001  1.6243600e+001 -7.5388000e+000 -8.6410000e-001
  3.2620600e+001  1.0113400e+001  3.0980000e+000 -7.8402000e+000  1.1447000e+000
  3.1957600e+001  8.3817000e+000 -3.4820000e-001 -5.5299000e+000 -2.2415000e+000
  4.7232100e+001  1.4981400e+001 -3.6628000e+000 -5.8655000e+000 -2.4683000e+000
  3.6847300e+001  2.1913100e+001 -7.8984000e+000 -7.7718000e+000 -6.5742000e+000
  2.9794500e+001  8.3974000e+000 -5.4332000e+000 -5.6260000e+000 -3.9459000e+000
  7.2204300e+001  1.9845500e+001  2.8632000e+000 -1.3525900e+001 -4.3206000e+000
