  8.3569700e+000 -1.5716300e+000  2.2323200e+000  7.0757000e-001 -5.6850000e-001
  2.3225220e+001 -4.9462100e+000  5.6777000e+000  5.9048000e-001 -4.7772600e+000
  2.4396200e+000 -1.8723000e-001  5.5920000e-001  7.2767000e-001  1.0301700e+000
  8.0644200e+000 -7.7396000e-001  2.7898400e+000  1.3872700e+000  1.0141300e+000
  3.8514200e+000  1.1998000e-001  1.9999200e+000  7.7864000e-001 -2.8319200e+000
  4.5890700e+000 -2.2166000e-001 -1.2426000e+000 -2.2535000e-001 -5.6914000e-001
  5.0371600e+000 -1.6952200e+000  1.4802000e-001  3.2102000e-001 -1.4792400e+000
  2.3384660e+001  1.0622510e+001 -1.2794700e+000  3.1175800e+000 -3.9618600e+000
  5.2318000e+000  1.5981000e+000  2.8270000e-001  2.1005000e-001 -2.1890000e-001
  6.6366700e+000  6.7681800e+000 -4.7193000e-001  2.2902400e+000 -1.5529300e+000
  1.1890110e+001  5.7217300e+000  3.1985300e+000 -4.2508000e-001 -1.4611600e+000
  1.6264150e+001  9.2864300e+000  1.7481000e+000  5.8229000e-001 -1.3743800e+000
  3.3006420e+001 -1.6537600e+000 -1.0501100e+001  6.6301000e+000 -1.2632920e+001
  2.1749080e+001  4.9527200e+000 -1.0602280e+001  9.6750800e+000 -1.3102480e+001
  1.1715000e+001  5.5751900e+000 -7.7620000e-002  6.5106000e-001 -3.0974900e+000
  2.6785640e+001  1.3983920e+001 -4.0806100e+000 -2.2491000e-001 -1.1502600e+001
  5.9748800e+000  4.4181200e+000  6.4200000e-002  9.8396000e-001 -1.9079800e+000
  1.1826170e+001  9.2285800e+000 -4.5845000e-001  7.9472000e-001 -8.5760000e-002
  2.1330700e+001  1.3911580e+001 -4.6709600e+000  1.1428800e+000 -9.1799400e+000
  2.0726610e+001  6.0797900e+000 -3.3322700e+000  4.5967300e+000 -6.5247000e+000
  8.6400700e+000  6.7731400e+000 -3.2767600e+000 -1.1738000e+000  2.1381700e+000
  6.9417400e+000  1.2228200e+000  2.3128000e-001 -4.7750000e-001 -3.1417000e+000
  1.8814730e+001  1.3282590e+001 -6.4543800e+000 -3.1623000e+000 -2.9560000e-001
  1.9249010e+001  5.3028100e+000 -1.3561400e+000 -6.3340900e+000  1.2350700e+000
  4.0812440e+001  1.2179820e+001 -2.1883300e+001 -2.6896700e+000 -1.6538020e+001
  1.0469720e+001  1.2901400e+000 -2.1452500e+000 -1.2573300e+000 -2.5612500e+000
  4.5007760e+001  3.8704500e+000 -7.7159700e+000 -2.4151200e+000 -1.2555530e+001
  2.0516344e+002  3.8203250e+001 -1.2466135e+002  1.7911360e+001 -1.0063720e+002
  5.1776750e+001 -5.9439900e+000 -2.0529650e+001  2.7465900e+000 -2.3507650e+001
  5.5008370e+001  1.3323540e+001 -1.6107360e+001 -2.3128300e+000 -1.8760290e+001
  1.9606230e+001  7.6126900e+000 -2.3850100e+000 -8.1604000e-001 -5.5566400e+000
  3.2138940e+001  6.9970600e+000 -6.3895000e-001 -3.9258200e+000 -3.5466000e+000
  3.2737090e+001  7.8138600e+000  2.5408600e+000 -3.4653800e+000 -6.9037700e+000
  7.2595050e+001  1.1763720e+001 -2.0795700e+000 -6.3717100e+000 -1.2799020e+001
  2.2274580e+001  7.9930000e+000  1.2856000e+000 -5.3343600e+000  1.3856000e-001
  2.2636210e+001  2.5830500e+000  2.4651000e-001 -3.6663900e+000  2.2721900e+000
  2.0485850e+001 -2.7341600e+000 -3.9845000e+000 -9.6046000e-001  1.6491700e+000
  2.6736740e+001  3.5558000e+000 -7.9230200e+000  1.1061100e+000 -1.5572000e-001
  4.0543690e+001 -1.1113830e+001 -1.6812520e+001  4.7304600e+000 -4.8762300e+000
  7.3134640e+001 -2.9420000e-002 -2.5737910e+001  5.8669600e+000 -2.5052900e+000
  3.5741080e+001  6.3084800e+000 -1.1831200e+000 -5.2855800e+000  5.0259200e+000
  1.0967174e+002  2.0134000e+000 -1.3332940e+001  2.1470000e+000  4.9135800e+000
  5.7301100e+001 -2.9190000e+000 -4.3404600e+000 -1.5542900e+000  5.5560200e+000
  9.8070440e+001 -2.1412340e+001 -1.2888080e+001 -6.8943000e+000 -1.0339840e+001
  1.9759249e+002 -5.5497130e+001 -3.3388180e+001  1.1827430e+001 -4.4422490e+001
  2.1270448e+002 -9.9654520e+001 -6.1490710e+001  1.4782350e+001 -3.0370840e+001
  8.7229450e+001  3.2546800e+000  9.6670000e-001 -2.6039400e+000 -1.0757480e+001
  9.0201840e+001 -1.7774730e+001 -1.3244090e+001  7.3712500e+000 -7.5872600e+000
  7.6574640e+001 -1.9261620e+001 -4.0055600e+000  3.1061400e+000  1.3683300e+000
  5.9626980e+001 -1.9720380e+001  2.2387000e+000  6.5957600e+000 -2.3014600e+000
  3.3053260e+001 -4.5186500e+000  9.2206000e+000  3.0683200e+000  4.2136500e+000
  3.3011170e+001 -8.0965400e+000  4.8132200e+000  5.1234700e+000  2.1213000e-001
  2.1811640e+001 -6.1184800e+000  1.1743500e+000 -6.0201000e-001  2.6433300e+000
  3.5937570e+001 -1.2134720e+001 -5.7589000e-001 -6.6915000e-001 -7.7790000e-002
  2.6988270e+001 -6.7939200e+000 -3.7133000e+000  3.2265600e+000 -2.9481600e+000
  1.4596480e+001 -2.3443000e+000 -4.0834600e+000  1.2427200e+000 -9.4354000e-001
  1.6225400e+001 -3.8893000e+000 -3.7691500e+000 -1.3710800e+000  3.2288800e+000
  2.8949130e+001 -6.9726400e+000 -7.3890900e+000  3.2195100e+000 -8.9480000e-002
  2.5237380e+001 -1.1041840e+001 -9.8554000e+000  5.5834300e+000 -1.1126700e+000
  2.4241080e+001 -8.3439800e+000 -5.5968900e+000  1.2075700e+000  1.5559200e+000
  4.5867690e+001  2.1810060e+001 -7.2787600e+000  3.9118500e+000 -5.0193400e+000
  7.8592970e+001  1.0813740e+001 -2.5405880e+001  1.8912780e+001 -1.1312260e+001
  1.9663080e+001  1.3345500e+000 -6.0621600e+000  3.3590300e+000 -4.8027000e-001
  2.1231100e+001 -1.1258100e+000 -2.8975800e+000  1.3963100e+000 -2.7816800e+000
  2.8258710e+001 -5.7607800e+000 -6.1423100e+000  2.3220800e+000  1.8120400e+000
  7.4121320e+001  1.5463490e+001 -9.2826900e+000  8.4261000e-001 -7.7180700e+000
  1.2380049e+002  2.6444610e+001 -1.6142010e+001 -1.1959940e+001 -3.2888600e+000
  5.5739750e+001 -3.9440300e+000 -1.0028570e+001 -4.5944000e-001 -9.5003200e+000
  6.6939060e+001 -5.7575600e+000 -3.5344720e+001  1.5630020e+001 -1.9581180e+001
  8.5696880e+001 -8.5109200e+000 -4.5653950e+001  8.9336700e+000 -2.2207890e+001
  6.1096880e+001 -5.9908400e+000 -3.1907410e+001  3.3816700e+000 -1.5171740e+001
  2.2675760e+001 -5.2931800e+000 -1.0867530e+001  5.2138000e-001 -6.8233900e+000
  9.3069940e+001 -1.1210610e+001 -5.9069390e+001  1.9597590e+001 -3.9026420e+001
  4.6576130e+001 -1.0739440e+001 -2.9467460e+001  8.2197000e+000 -1.6983380e+001
  8.6732280e+001 -1.5338640e+001 -7.5591180e+001  2.3969920e+001 -4.2113740e+001
  5.1701350e+001 -1.6851120e+001 -3.0301670e+001  1.0265170e+001 -1.9130630e+001
  6.9308900e+001 -2.6081980e+001 -1.9886140e+001  2.1439900e+000 -1.7151150e+001
  8.2196650e+001 -1.6848200e+001 -2.3562150e+001  7.1178400e+000 -1.6523820e+001
  5.9188050e+001 -1.2943970e+001 -1.8033740e+001  4.2490700e+000 -1.3707630e+001
  3.4988440e+001 -4.2355200e+000 -8.1128600e+000 -3.6002800e+000 -3.6467200e+000
  3.4584260e+001 -9.5329000e+000 -8.1639000e+000 -2.0023700e+000 -8.1073000e-001
  1.5067840e+001 -1.0181700e+000 -6.7381700e+000 -2.1791600e+000 -1.6114700e+000
  2.1930300e+001 -2.7487000e-001 -1.1820810e+001 -2.9433400e+000 -3.7403500e+000
  1.5277440e+001 -9.7493000e+000 -5.0551000e-001 -2.4975000e-001  2.7947300e+000
  4.1175560e+001 -1.0890090e+001 -1.9652980e+001 -1.0277930e+001 -1.0070540e+001
  8.9650000e+000 -3.5610000e+000 -1.2962400e+000 -3.8492900e+000  1.6821600e+000
  1.4350500e+001 -5.7568300e+000 -7.4648400e+000 -3.5220200e+000 -4.4005900e+000
  8.5895400e+000 -5.5400600e+000 -4.8681200e+000 -1.3582600e+000 -2.3986600e+000
  1.5179470e+001 -3.4567800e+000 -1.9045300e+000 -1.6091300e+000  1.1613300e+000
  1.4174870e+001 -4.5558800e+000 -8.6146000e-001 -1.6823400e+000  5.6315000e-001
  2.0169800e+001 -5.0847600e+000  4.1094700e+000 -2.0903100e+000  1.7143200e+000
  1.6770250e+001 -7.3692300e+000 -3.3038100e+000 -4.0328900e+000  8.9416000e-001
  5.3933850e+001 -1.0079860e+001 -9.9034100e+000 -2.1834500e+000 -7.0157000e-001
  2.6044730e+001 -9.5603200e+000 -4.2682900e+000 -1.8388800e+000  3.4698000e-001
  3.2724760e+001 -7.8935800e+000 -1.0139440e+001  3.7073000e-001 -5.7667000e-001
  3.7664380e+001 -1.6710430e+001 -3.9732000e+000  2.3019400e+000 -9.6480000e-001
  3.1584680e+001 -1.4243380e+001 -1.8335700e+000  3.5175800e+000  3.7929200e+000
  4.9706595e+002 -2.3150470e+001 -1.0184390e+002 -2.2554540e+001 -4.2408700e+001
  8.0240860e+001 -2.4835370e+001 -1.3302370e+001  2.9815000e-001 -4.3265300e+000
  5.1678640e+001 -2.7103320e+001 -3.5039800e+000  1.2140700e+000 -8.3954000e-001
  1.5681430e+001 -5.8480300e+000 -3.0406600e+000  5.5445000e-001 -2.1203400e+000
  1.4174040e+001 -3.4898500e+000 -4.0367000e+000  1.4868500e+000 -2.4819300e+000
  2.4735600e+001 -9.5201000e+000 -1.5603000e+000 -1.0466600e+000 -3.1896600e+000
  1.4154040e+001 -3.6428200e+000 -5.0064800e+000  3.6226000e-001 -3.2021200e+000
  1.0779060e+001 -7.1023000e-001 -5.3472000e-001 -7.5881000e-001  2.3545000e+000
  3.2856420e+001  3.3107300e+000 -5.3668300e+000  1.5604000e-001 -2.9979500e+000
  3.0743120e+001  7.2669000e-001 -7.7859300e+000  2.6675500e+000 -7.1008700e+000
  8.7112200e+000 -5.8261000e-001  1.2848000e-001 -1.0905000e+000 -1.7643000e-001
  4.6842100e+001  8.5472000e-001 -1.9957990e+001  3.6279000e-001 -5.9578500e+000
  1.1692890e+001  1.9131600e+000 -2.2896300e+000 -5.5762600e+000  3.0423900e+000
  2.0692250e+001 -9.2884000e-001 -3.7387800e+000  1.7877100e+000  2.9947700e+000
  2.0990130e+001 -6.5823100e+000  1.7702000e+000  1.3594000e-001 -1.4216000e-001
  1.1791990e+001 -1.4204000e+000  2.9770000e-001  2.0267200e+000 -1.9436600e+000
  3.5966580e+001 -4.4390800e+000  8.6988200e+000 -3.4781800e+000  7.6464000e-001
  1.5960450e+001 -1.5036000e+000  2.6250000e+000  3.8055000e-001 -1.9965500e+000
  9.0050800e+000  1.9276900e+000 -4.5043200e+000 -1.0010500e+000 -7.8276000e-001
  1.6681540e+001 -1.2747400e+000 -3.4807800e+000  1.4878600e+000 -2.9344800e+000
  1.7549520e+001 -1.8031900e+000 -1.5128600e+000  9.9206000e-001  2.1683300e+000
  1.8843550e+001  6.7021300e+000 -7.8375700e+000  5.9436500e+000 -5.6426200e+000
  2.5043800e+000  7.5326000e-001 -1.0601500e+000  2.9192000e+000 -2.1175000e+000
  6.3787100e+000  4.5251700e+000 -3.5285000e+000  9.2318000e-001 -3.7549000e+000
  6.0955000e+000  4.0412300e+000  2.0976000e-001 -2.7007400e+000 -3.3251000e-001
  1.5921720e+001  4.8295600e+000 -3.4000200e+000 -6.2827000e-001 -3.1550500e+000
  2.4340720e+001  7.4100000e+000 -4.6995900e+000 -2.9436000e+000 -3.5608800e+000
  8.4802300e+000 -1.9111500e+000  1.0808100e+000  3.1112000e-001 -2.3009200e+000
  1.0981150e+001 -3.8157600e+000 -2.1710300e+000 -5.7705000e-001 -1.9699300e+000
  1.0879600e+000  5.8499100e+000 -2.0254400e+000 -1.9444400e+000 -3.3033000e-001
 -3.4091700e+000  8.0955600e+000  2.5213700e+000 -4.3588700e+000 -2.3240000e-001
  8.8115000e+000  4.1600000e+000 -2.7707300e+000 -3.6856100e+000 -4.7297000e-001
  1.3923690e+001  5.3753900e+000 -4.6515700e+000 -4.2004900e+000 -4.4613800e+000
  1.8142490e+001  1.2115500e+000 -8.2374300e+000 -5.1131000e-001 -4.3287100e+000
  1.6130650e+001  1.7701770e+001 -1.0530300e+001 -4.3428900e+000 -3.8491300e+000
  2.1701770e+001  7.5574100e+000 -1.6116810e+001 -8.1175000e-001 -1.0536980e+001
  1.7663600e+001 -5.5018000e-001 -4.5241800e+000  7.2856000e-001 -4.5538000e-001
  2.4527980e+001 -9.6495400e+000 -1.3880310e+001  6.0320700e+000 -5.9957400e+000
  1.1641100e+000  4.5748200e+000  1.5564000e-001 -1.8719100e+000 -3.0216000e+000
 -3.9447500e+000  4.1701600e+000  4.4946900e+000 -1.4063400e+000 -2.1476700e+000
  7.1434200e+000  1.6681320e+001 -5.4923800e+000 -6.0252100e+000 -7.5898000e+000
  2.2193500e+000  1.2123700e+000  2.2894100e+000 -1.3982300e+000 -3.0724900e+000
  3.9032250e+001  4.0907300e+000 -1.8641470e+001 -5.4305400e+000 -1.4565410e+001
  3.2103796e+002 -3.0421020e+001 -1.3604234e+002  1.5365600e+000 -1.1901820e+002
  1.8666736e+002  1.0601560e+001 -1.0666419e+002 -7.8342800e+000 -1.1158803e+002
  1.5555757e+002 -6.4183980e+001 -8.0804230e+001  3.6428600e+000 -7.5424510e+001
  1.5898913e+002 -4.7603300e+001 -1.7151268e+002 -1.2424871e+002 -1.2302919e+002
  1.4905114e+002 -6.0502980e+001 -6.5441660e+001 -6.0546000e+000 -4.5265240e+001
  1.2732555e+002 -5.9979410e+001 -4.3538930e+001 -1.5554580e+001 -3.4310150e+001
  1.9417225e+002  3.8404140e+001 -1.4189776e+002 -1.1739416e+002 -5.3423420e+001
  3.7857042e+002  1.4546585e+002 -3.0746399e+002 -2.5013787e+002 -1.8460185e+002
  3.2678190e+001 -7.1384900e+000 -1.2490890e+001 -2.0239300e+001 -1.8831500e+000
  7.8544530e+001  1.3491540e+001 -5.0577660e+001 -4.5537980e+001 -3.5037880e+001
 -5.3939900e+000  7.7059300e+000  2.1678410e+001  1.8487670e+001  2.2010440e+001
  9.7676120e+001 -4.9110600e+000 -3.4040580e+001 -4.8697340e+001 -2.2309300e+001
  4.8293220e+001  9.6366700e+000 -2.0225890e+001 -4.0140970e+001 -2.6643690e+001
  2.2406010e+001  3.7258700e+000 -2.1059010e+001  1.5058600e+000 -7.2007900e+000
  5.5715860e+001 -6.0464300e+000 -1.5641600e+000 -2.0358670e+001 -2.0112860e+001
  2.7483080e+001 -3.4838500e+000 -8.5792100e+000 -7.3765300e+000 -8.4862000e+000
  3.1431045e+002 -4.1663920e+001 -1.3843010e+001 -5.2206550e+001  1.1565900e+001
  1.6918482e+002 -1.2860300e+001  2.5791300e+000 -6.8322930e+001  3.6629830e+001
  7.7283300e+001 -1.0685850e+001 -1.3575250e+001 -1.8123950e+001  4.7282000e+000
  4.5549000e+001  1.2571450e+001 -8.5276500e+000 -1.7672970e+001  9.3919400e+000
  2.1032510e+001  6.4732800e+000  4.8393000e+000 -1.2352770e+001  8.4035100e+000
  2.8326390e+001  9.2788600e+000  7.1194500e+000 -7.7389900e+000  6.2733300e+000
  4.7849190e+001  3.5622970e+001  2.2881780e+001 -2.9571430e+001  2.5796290e+001
  7.6733790e+001  4.4077370e+001  1.7011220e+001 -3.1645970e+001  2.2937010e+001
  4.1873000e+001  2.5187050e+001 -6.8229500e+000 -1.9703300e+001  4.5145000e+000
  2.4679810e+001  1.5269300e+001  2.7028490e+001 -6.7564000e-001 -8.0323000e-001
  3.8071180e+001  3.2963350e+001  2.1703270e+001 -1.2909620e+001 -5.5888000e-001
  6.9649660e+001  3.1556090e+001  2.1772500e+001 -8.7159000e+000 -5.7026000e+000
  3.0625340e+001  2.2376830e+001  8.0899800e+000  8.0019500e+000 -5.5271700e+000
  6.7205460e+001  2.7679840e+001  1.9190670e+001  1.1366390e+001 -8.9680000e+000
  3.1365100e+001  2.3319980e+001  1.2747400e+001  5.2051300e+000 -7.6684500e+000
  1.0922142e+002  6.9717660e+001  1.5215120e+001 -2.4680500e+000 -1.1157590e+001
  5.7160300e+001  4.6334840e+001 -1.5465240e+001  6.0355400e+000 -2.6718420e+001
  2.2615700e+001  2.4671040e+001 -3.6905200e+000  7.1959600e+000 -2.3309440e+001
  5.4651780e+001  1.5498540e+001  1.4517400e+000  6.6318900e+000 -1.6455700e+001
  5.7483880e+001  1.0322400e+001  7.5580000e-001  5.8970000e-002 -3.9529300e+000
  1.0990443e+002  1.9396670e+001 -1.0762600e+000  5.8882000e-001 -1.6571770e+001
  1.3805174e+002  1.8195300e+001 -1.1167120e+001  1.2120440e+001 -1.5372840e+001
  2.1964887e+002  4.2571050e+001 -3.0096180e+001  2.8423300e+001 -5.4470580e+001
  3.5631720e+001  6.3960200e+000  1.1039940e+001  3.2548920e+001 -2.9630420e+001
  4.2770508e+002 -1.2806744e+002  5.2285860e+001 -4.5710850e+001 -1.5660966e+002
  2.2675098e+003  2.7774160e+001  1.9859489e+002 -1.0226310e+002 -2.0509558e+002
  7.7288620e+002  4.8371110e+001  2.9085279e+002 -1.2857281e+002 -8.2637690e+001
  3.9214110e+002  6.7519930e+001  2.0468357e+002 -4.3278910e+001 -5.1684460e+001
  1.7260756e+002  4.7203000e+001  1.2103004e+002 -3.1662500e+001  1.6234780e+001
  1.3654100e+002  4.3657900e+001  7.2067200e+001 -1.0764700e+001  1.3549900e+001
  1.2601230e+002  2.6399900e+001  6.7203300e+001 -1.3748300e+001  1.4087200e+001
  3.0025067e+002  7.2278720e+001  1.2887402e+002 -4.8489350e+001  3.3464730e+001
  1.4362876e+002  4.3843800e+001  2.3613090e+001 -3.6944240e+001  3.7063640e+001
  6.8592210e+001  2.2854480e+001  1.0993330e+001 -1.7719270e+001  1.9769570e+001
  5.3697900e+001  2.8768630e+001  3.1854200e+000 -2.4703610e+001  1.3486540e+001
  6.8792600e+001  3.4659800e+001 -3.0470000e+000 -2.4011700e+001  1.2770500e+001
  5.0041650e+002  1.2256700e+002  2.5160800e+001 -1.0576140e+002 -4.8896000e+000
  4.0189370e+002  1.5684440e+002  3.3300400e+001 -9.9114400e+001 -2.8359800e+001
  5.2224600e+001  3.0315200e+001  1.2135100e+001 -2.8274100e+001 -1.0213100e+001
  1.0985850e+002  2.2152800e+001 -2.6404000e+000 -2.6296100e+001 -2.4085900e+001
  8.2541600e+001  2.0853800e+001  2.0357300e+001 -9.0630000e-001 -1.9171200e+001
  7.3000080e+001  7.4674800e+000  3.4364170e+001 -2.5241900e+000 -1.7975700e+000
  2.3870900e+001  1.2892900e+001  1.6096900e+001 -7.1325000e+000  1.8950000e+000
  5.3642800e+001  2.9046000e+001  2.1675600e+001 -1.0288000e+000 -4.4202000e+000
  4.1494100e+001  1.0579500e+001  7.6507000e+000 -1.3856800e+001 -7.0090000e-001
  2.8020000e+001  6.5611000e+000 -7.9070000e-001 -6.6288000e+000 -4.2681000e+000
  3.5280100e+001  8.4424000e+000  4.4910000e-001 -2.1861000e+000  5.7260000e-001
  2.5474600e+001  1.4829100e+001 -4.9790000e+000 -5.2415000e+000 -4.9184000e+000
  2.5626400e+001  1.3944400e+001 -7.2878000e+000 -8.1941000e+000 -5.2398000e+000
  8.0117600e+001  4.8501100e+001  1.4980600e+001 -1.8872100e+001 -1.5005000e+000
