  7.6817700e+000 -1.1676300e+000  2.6139200e+000  4.4667000e-001  2.9301000e+000
  1.7826620e+001 -3.9995100e+000  5.4375000e+000 -5.3402000e-001 -2.3584600e+000
  6.2492000e-001  8.0857000e-001  7.0850000e-001  6.5247000e-001  1.2724700e+000
  1.0936920e+001 -6.5560000e-002  1.9828400e+000  3.1304700e+000  1.3766300e+000
  4.6886200e+000 -8.5002000e-001  2.2372000e-001 -1.4856000e-001 -2.4272000e-001
  3.2793700e+000 -2.9246000e-001  2.6040000e+000 -2.6335000e-001  1.1101600e+000
  3.2603600e+000  2.1196800e+000 -4.1588000e-001  8.8782000e-001  1.3557600e+000
  1.7304860e+001  7.8343100e+000 -1.7816700e+000  1.5414800e+000 -4.7972600e+000
  6.8088000e+000  2.0330000e+000 -2.3570000e-001  1.0892500e+000 -2.1270000e-001
  5.1182700e+000  1.9048000e-001  6.6727000e-001 -1.8476000e-001  1.5268700e+000
  6.4109100e+000 -2.6805700e+000  1.2099300e+000 -2.0036800e+000  1.3544000e-001
  2.0458850e+001  1.0890630e+001  4.2309000e+000 -1.2658100e+000 -1.1669800e+000
  2.4906720e+001  4.2136400e+000 -5.2945000e+000  3.1434000e+000 -6.2144200e+000
  1.6492880e+001 -8.7958000e-001 -4.8024800e+000  3.6300800e+000 -6.6653800e+000
  1.3157200e+001  8.4002900e+000  1.6961800e+000  6.1697600e+000 -5.5282900e+000
  1.9887840e+001  9.5011200e+000 -3.8352100e+000  1.7293900e+000 -9.9293000e+000
  5.9601800e+000  2.1562000e-001  2.2670000e-001  5.3446000e-001 -1.5958000e-001
  1.3157070e+001  7.3263800e+000 -3.9917500e+000  5.4882000e-001 -4.0303600e+000
  1.8569900e+001  7.7261800e+000 -1.9126000e-001 -1.2200200e+000 -2.5886400e+000
  1.0605210e+001  1.5256900e+000  1.8715300e+000 -1.3531700e+000 -2.8986000e+000
  9.7330700e+000  2.2608400e+000 -4.8906600e+000  6.5020000e-001  1.8737000e-001
  5.1727400e+000  4.2092200e+000  2.4022800e+000 -3.9371000e+000  1.2697000e+000
  2.1548530e+001  1.3343090e+001 -3.3600800e+000 -3.0259000e+000 -2.7540000e-001
  1.3342810e+001  2.3595100e+000 -3.7535400e+000 -2.0939900e+000  2.5447000e-001
  2.9042040e+001  1.0310720e+001 -1.8298400e+001 -2.5894700e+000 -1.3601020e+001
  2.2492920e+001  7.6685400e+000 -7.2564500e+000 -5.1397300e+000 -8.7527500e+000
  2.9944160e+001  9.2250000e-002 -4.7217700e+000 -3.1460200e+000 -6.3159300e+000
  1.1716694e+002  3.1480250e+001 -6.9171050e+001  6.4633600e+000 -5.6807300e+001
  2.8985450e+001 -7.5599000e-001 -1.2945650e+001  1.2144900e+000 -1.4218250e+001
  3.0192970e+001  3.7807400e+000 -6.2240600e+000  8.2987000e-001 -7.7396900e+000
  1.5576930e+001  6.3628900e+000 -3.8121100e+000 -1.0358400e+000 -3.7261400e+000
  2.0185340e+001  4.6913600e+000 -2.3796500e+000 -3.1471200e+000 -2.1673000e+000
  4.1106790e+001  5.4333600e+000  4.5930600e+000 -4.0689800e+000  1.5160300e+000
  4.5100750e+001  4.0333200e+000 -3.0146700e+000 -2.7324100e+000 -4.6181200e+000
  1.4106080e+001  5.4022000e+000 -2.1626000e+000 -2.7630600e+000  7.6986000e-001
  1.8619810e+001  1.9675500e+000 -8.9229000e-001 -1.7718900e+000 -8.1451000e-001
  1.6891050e+001  1.0505400e+000 -1.0024800e+001  1.5073400e+000 -2.1562300e+000
  1.7653240e+001 -7.3440000e-001 -1.8795200e+000  1.0431000e-001  7.6958000e-001
  3.2500090e+001 -7.8963000e-001 -1.1170620e+001  3.6290600e+000 -1.4139300e+000
  7.6741940e+001 -8.7168200e+000 -2.5594210e+001  4.1079600e+000 -7.4289000e-001
  3.3648980e+001 -1.1939200e+000 -1.5040720e+001  6.4656200e+000 -8.4235800e+000
  1.0566304e+002 -7.8220000e+000 -2.9072840e+001  9.0321000e+000 -7.1950200e+000
  6.5689000e+001 -1.1506800e+001 -1.0253160e+001  3.0417100e+000 -5.9398000e-001
  6.0569540e+001 -1.7397240e+001 -1.1261380e+001  1.0878000e+000 -7.1256400e+000
  1.7392219e+002 -5.9936230e+001 -3.8809380e+001  1.8825330e+001 -4.9466390e+001
  1.7496048e+002 -7.4311620e+001 -5.1684210e+001  1.7191450e+001 -3.5277940e+001
  7.5792150e+001 -1.1163320e+001 -9.8130000e-001  6.2857600e+000 -1.3364480e+001
  4.4791540e+001 -1.1847230e+001 -9.1129000e-001  3.7473500e+000 -5.6839600e+000
  5.8490040e+001 -1.3499220e+001 -1.7735600e+000  1.1930400e+000 -3.2467000e-001
  4.2251180e+001 -1.7153580e+001  1.6850000e-001  4.1602600e+000  1.6944400e+000
  4.9339860e+001 -6.1918500e+000  1.4293700e+001 -2.3564800e+000  3.7803500e+000
  2.6696870e+001 -6.1362400e+000  4.6280200e+000  1.6052700e+000 -5.5617000e-001
  1.3991040e+001 -3.6830800e+000 -4.2965000e-001  1.0199000e-001 -2.9427000e-001
  2.8828470e+001 -1.0346320e+001 -6.2613900e+000  2.9081500e+000 -3.1197900e+000
  1.9842370e+001 -7.4080200e+000 -1.7299000e+000  2.2667600e+000 -1.1053600e+000
  1.5452580e+001 -5.8191000e+000 -3.8962600e+000  2.4476200e+000 -1.0094000e-001
  1.5370900e+001 -4.4020000e+000 -3.7656500e+000  1.7010200e+000  7.5948000e-001
  2.9070430e+001 -5.7384400e+000 -1.0728790e+001  4.3144100e+000 -8.0348000e-001
  2.4980980e+001 -9.1341400e+000 -8.8480000e+000  4.6478300e+000 -1.0192700e+000
  2.5860980e+001 -7.4492800e+000 -8.8221900e+000  6.3595700e+000 -1.7349800e+000
  4.2172390e+001 -3.2659400e+000 -1.1492660e+001  8.6045500e+000 -6.2809400e+000
  5.5044670e+001  1.0280400e+000 -1.9137980e+001  1.4743080e+001 -7.9880600e+000
  9.3365800e+000 -5.1705000e-001 -3.6026600e+000  2.2366300e+000 -1.5060700e+000
  1.7911300e+001 -1.0152100e+000 -4.0077800e+000  3.5427100e+000 -2.7077800e+000
  2.3497710e+001 -2.9318800e+000 -6.6377100e+000  6.7866800e+000 -5.0016600e+000
  5.1637420e+001  4.8156900e+000 -7.5794900e+000  4.4667100e+000 -6.1188700e+000
  6.9356490e+001  6.3808100e+000 -1.4649310e+001  5.3466000e-001 -6.6372600e+000
  4.5316250e+001 -1.0926730e+001 -7.1616700e+000  4.9815600e+000 -3.1307200e+000
  5.2131760e+001 -3.2246600e+000 -2.2805120e+001  1.0773120e+001 -1.1831280e+001
  6.3588980e+001 -1.4736520e+001 -2.5585750e+001  1.0205270e+001 -1.4287590e+001
  4.6946480e+001 -1.0201940e+001 -1.7275010e+001  4.5984700e+000 -7.5540400e+000
  2.1273160e+001 -3.5367800e+000 -4.3052300e+000  5.5738000e-001 -3.1112900e+000
  4.0950340e+001 -4.5889100e+000 -2.3189090e+001  6.8157900e+000 -1.6494020e+001
  3.0289730e+001 -1.2040340e+001 -1.3791860e+001  4.5580000e+000 -1.0491980e+001
  3.9010880e+001 -1.0628440e+001 -2.4972780e+001  8.0140200e+000 -1.6250740e+001
  2.8010650e+001 -8.6723200e+000 -1.4872270e+001  5.9736700e+000 -8.1509300e+000
  7.4351700e+001 -3.2871380e+001 -1.6800940e+001  2.4504900e+000 -1.0551650e+001
  1.2087685e+002 -5.7434500e+001 -3.2788750e+001  1.2649840e+001 -1.5121020e+001
  4.3743650e+001 -1.8722070e+001 -1.2810840e+001  1.7808700e+000 -4.9183300e+000
  1.4881240e+001 -3.2358200e+000 -2.6845600e+000 -1.6358000e-001 -1.9053200e+000
  2.9751760e+001 -1.1758500e+001 -7.9599000e+000 -1.2982700e+000 -1.7977300e+000
  1.7108940e+001 -8.6545700e+000 -5.7271700e+000 -6.1926000e-001  1.0077300e+000
  3.0978400e+001 -1.2110370e+001 -1.1862310e+001 -2.8073400e+000 -7.3625000e-001
  1.9477640e+001 -5.8212000e+000 -9.9523100e+000 -1.5145000e-001 -3.4807700e+000
  3.7025360e+001 -1.4618490e+001 -1.4827080e+001 -2.9967300e+000 -7.9764400e+000
  2.6600700e+001 -1.4555100e+001 -1.0424740e+001 -1.1719900e+000 -7.0131400e+000
  2.1243000e+001 -1.0595030e+001 -9.1120400e+000  6.7248000e-001 -1.4774900e+000
  1.4871440e+001 -5.2492600e+000 -1.0071520e+001  1.4434000e-001 -5.3112600e+000
  2.1657970e+001 -9.0411800e+000 -2.0723300e+000 -2.0517300e+000 -1.9277700e+000
  3.2042470e+001 -9.8587800e+000 -1.5648660e+001  2.8934600e+000  1.8255000e-001
  4.3458600e+001 -2.5810560e+001 -5.1263300e+000  1.4947900e+000 -1.6248800e+000
  6.7507650e+001 -3.7804330e+001 -1.7244210e+001  1.8085100e+000  2.5996600e+000
  7.8326050e+001 -2.3460260e+001 -2.3680110e+001  1.7130500e+000 -1.4741170e+001
  3.5037330e+001 -1.9717120e+001 -8.8197900e+000 -1.3541800e+000 -1.7534200e+000
  5.1758860e+001 -1.6913680e+001 -1.5916840e+001  7.8953000e-001 -8.9984700e+000
  7.7471580e+001 -4.4282030e+001 -1.2893500e+001  2.1014400e+000 -1.0800000e+001
  6.2016980e+001 -3.2782180e+001 -1.2359770e+001  1.0444480e+001  6.4582000e-001
  5.9788065e+002 -1.6915287e+002 -1.0906860e+002  7.4866000e-001 -3.6467600e+001
  9.9843860e+001 -5.0292070e+001 -2.1783770e+001  5.3736500e+000 -5.9211300e+000
  5.0838440e+001 -3.0502220e+001 -6.2117800e+000  3.0089700e+000 -4.9754000e-001
  3.4673130e+001 -1.9924430e+001 -9.6550600e+000  4.2245500e+000 -4.8376400e+000
  3.0974740e+001 -2.1130350e+001 -9.4825000e+000  5.2642500e+000  3.0670000e-002
  2.8914500e+001 -1.1929200e+001 -5.3242000e+000  2.4655400e+000 -4.0845600e+000
  3.1651440e+001 -1.5703120e+001 -7.2727800e+000  2.3019600e+000 -2.5899200e+000
  2.0774760e+001 -1.1054030e+001 -7.4501200e+000  7.9326900e+000 -5.1455000e+000
  8.6056720e+001 -4.6344370e+001 -2.0000630e+001  1.2089040e+001 -7.9384500e+000
  5.0753020e+001 -2.3648510e+001 -1.1954330e+001  1.0749050e+001 -6.6068700e+000
  3.1083720e+001 -1.8496810e+001 -8.4448200e+000  6.3981000e+000 -5.8095300e+000
  7.7392500e+001 -3.7421800e+000 -3.6111290e+001  2.2680690e+001 -2.6778250e+001
  5.9355790e+001 -2.4976240e+001 -1.7538330e+001  1.2051440e+001 -1.7387510e+001
  5.6912050e+001 -1.0099740e+001 -2.1088380e+001  1.5527710e+001 -1.4861930e+001
  3.8377130e+001 -1.6181610e+001 -1.2130900e+001  6.3003400e+000 -3.3246600e+000
  4.1465690e+001 -8.7301000e+000 -2.4813000e+000  6.8173200e+000 -7.2159600e+000
  4.3061080e+001 -4.0966800e+000 -5.5855800e+000  6.5442000e-001 -5.9064600e+000
  2.5062850e+001 -3.6826000e+000 -1.3434000e+001  3.9309500e+000 -6.1228500e+000
  3.2674080e+001 -4.3382100e+000 -9.6626200e+000  4.2729500e+000 -3.4344600e+000
  1.4075940e+001 -4.8230400e+000 -3.3413800e+000  7.3886000e-001 -8.6868000e-001
  1.1116620e+001 -4.9781900e+000 -4.5057600e+000  5.7386000e-001 -1.5012700e+000
  3.7104250e+001  2.4367300e+000 -3.4444170e+001  5.7156500e+000 -1.9409420e+001
  3.6630180e+001 -6.8243400e+000 -1.3276050e+001  7.8853000e+000 -5.0446000e+000
  1.7312010e+001 -7.9699300e+000 -1.1936700e+001  6.5398800e+000 -6.3341000e+000
  1.2578500e+001 -8.2917000e-001 -7.4885400e+000  8.3703600e+000 -3.6957100e+000
  2.3775120e+001 -2.0618400e+000 -7.6812000e-001 -3.6658700e+000  9.3205000e-001
  2.7158620e+001 -6.9516000e+000 -3.9909000e-001  6.0340000e-001 -1.5641800e+000
  7.8654300e+000 -3.9329500e+000  7.4821000e-001 -7.0078000e-001 -8.9692000e-001
  1.8825350e+001  2.5124000e-001 -7.5310300e+000  1.7314500e+000 -2.8236300e+000
  3.5016600e+000 -3.5800900e+000  2.4387600e+000  1.2738600e+000 -2.8663000e-001
  1.4495330e+001 -9.2884400e+000 -2.8294300e+000  2.6684300e+000 -3.5498000e+000
  4.8624000e+000 -4.0843000e+000 -3.0793000e-001 -4.4761000e-001  4.2473000e-001
  1.2784790e+001 -7.7635100e+000 -2.0663700e+000 -1.9132900e+000  1.4819200e+000
  2.2335890e+001 -1.1031650e+001 -8.2213300e+000  8.9149000e-001 -2.6251000e-001
  2.2907050e+001 -1.2195530e+001 -2.7797000e+000  1.1968100e+000  2.4098700e+000
  3.1861370e+001 -1.2367290e+001 -1.8928710e+001  1.7323500e+000 -3.0642800e+000
  2.7044700e+001 -1.4077680e+001 -8.0037800e+000  7.4365600e+000  6.8602000e-001
  5.7227180e+001 -2.8833440e+001 -1.4972810e+001  1.3901670e+001  1.6497600e+000
  7.5887610e+001 -2.6254080e+001 -2.9967860e+001  1.7821690e+001  1.2982600e+001
  6.6078650e+001 -4.5314840e+001 -1.9447110e+001  1.1712760e+001 -4.4784700e+000
  1.1356432e+002 -3.6388780e+001 -4.1805280e+001  6.9181900e+000 -2.1350900e+001
  3.1418350e+001 -1.7256130e+001 -8.2167900e+000  6.0463700e+000  1.3800100e+000
  3.7494850e+001 -2.5800700e+000 -1.6698970e+001 -9.0874000e-001 -7.1178100e+000
  8.6161060e+001 -2.6496620e+001 -2.9575240e+001  7.5243600e+000 -1.4844800e+001
  5.0401160e+001 -2.2268840e+001 -1.9228890e+001 -1.3965800e+000 -1.0360730e+001
  7.1147870e+001 -2.5199880e+001 -1.1382430e+001 -1.2144540e+001 -1.2260610e+001
  3.6110130e+001 -8.5046000e+000 -2.6933980e+001 -1.9536810e+001 -1.2634990e+001
  4.2563640e+001 -1.5731380e+001 -1.1014760e+001  1.9476000e+000 -5.9771400e+000
  3.6363150e+001 -1.0684010e+001 -1.3346300e+000  6.5919200e+000 -2.7280500e+000
  3.1638350e+001 -8.3544660e+001  3.5392340e+001  4.2382140e+001  1.7278880e+001
  5.9797720e+001 -3.2838750e+001 -3.9200900e+000  3.2218830e+001  1.1865650e+001
  1.7106490e+001 -2.1893490e+001  2.9381410e+001  1.7026700e+001  1.8585750e+001
 -4.9511770e+001 -1.2875160e+001  6.6950640e+001  6.7676320e+001  5.7671820e+001
 -2.0081890e+001 -1.7816070e+001  8.7176410e+001  3.3424870e+001  8.0100240e+001
  4.8886220e+001  9.9635400e+000 -1.6949380e+001 -1.2269640e+001  5.3740000e-001
  1.5028920e+001  1.5095700e+000 -1.3458790e+001  2.6907300e+000  4.8231000e-001
  2.1609210e+001 -7.0044300e+000 -7.5496100e+000  1.6141600e+000  6.8901000e-001
  2.3900860e+001 -4.3744300e+000 -2.3552600e+000  3.7141300e+000 -4.7826600e+000
  6.6133800e+000 -1.0491850e+001  5.6661900e+000  3.2321700e+000  8.6151000e+000
  9.6732950e+001 -4.1862420e+001 -2.1855210e+001  4.7088950e+001 -6.3671000e+000
  7.3827420e+001 -2.6817600e+001  6.9769300e+000 -9.0103000e-001  1.2488530e+001
  5.6295100e+001 -2.0853750e+001 -5.0562500e+000 -2.8295000e-001  6.1276000e+000
  6.1316200e+001 -3.7909500e+000 -1.1250350e+001 -2.2828670e+001  6.2532400e+000
  2.0623910e+001 -3.7253200e+000  1.8532000e+000 -7.8167000e-001  2.3674100e+000
  2.6781090e+001  1.0662660e+001  1.0012500e+000 -9.3629900e+000  6.7100300e+000
  1.0921890e+001 -2.8980300e+000 -4.1672000e-001  3.3481700e+000 -6.7601000e-001
  1.8668190e+001 -2.2855300e+000 -3.4166800e+000  5.7314300e+000 -2.2042900e+000
  1.6795300e+001  8.8631500e+000 -8.1009500e+000 -7.1204000e+000  1.8325000e+000
  3.9322710e+001 -1.5674000e+000 -5.1651100e+000 -1.0593400e+000  1.5186700e+000
  2.5056880e+001  4.3680500e+000 -3.0901300e+000 -1.9722200e+000 -9.9508000e-001
  2.6714860e+001  5.0259900e+000 -4.9672000e+000 -1.8458000e+000  1.8167000e+000
  1.3367440e+001  3.8548300e+000 -1.6027200e+000 -1.5775000e-001 -9.7807000e-001
  2.6862560e+001  1.6649400e+000  4.5100700e+000  6.4985900e+000 -3.1913000e+000
  1.9240600e+001  1.9088000e-001 -2.5608000e+000 -1.7947700e+000  1.2087500e+000
  2.7169520e+001  7.8473600e+000  5.5772000e-001  1.1872500e+000  1.0731000e-001
 -2.1870000e-001 -3.1162600e+000 -1.2864400e+000 -1.6336000e-001  1.6016800e+000
  8.5017000e+000  6.2005400e+000 -2.1588200e+000  4.2826000e-001 -8.9904000e-001
  2.7637680e+001  5.0292400e+000  1.6674000e-001 -1.1218100e+000 -4.4780000e-001
  2.0620180e+001  2.2815000e+000  5.7140000e-001 -8.6683000e-001 -1.3103000e-001
  6.3799730e+001 -8.5193000e-001  1.5983400e+000  5.9247200e+000  8.6273000e-001
  4.4471140e+001  3.5593000e+000 -1.5096200e+000  1.4390400e+000  2.3556000e-001
  5.3218170e+001 -2.3513500e+000 -5.6818800e+000  2.6785000e+000 -2.4886800e+000
  3.8078720e+001  2.1579200e+000 -6.4676600e+000 -3.1363800e+000  1.0886780e+001
  1.8929668e+002 -2.1449840e+001  9.7594560e+001 -2.1937950e+001 -1.3532560e+001
  7.7701675e+002 -6.1222940e+001  8.1124590e+001 -1.7534100e+001 -5.0370880e+001
  1.1959510e+002  2.3722100e+000  3.4282490e+001 -7.3848100e+000  5.5021000e-001
  4.8957000e+001 -1.1559170e+001  2.9529270e+001  1.2050900e+000  1.1230400e+000
  4.5559460e+001  9.3602000e+000  1.5538540e+001 -3.7839000e+000  5.2960800e+000
  4.0033000e+001  1.1027100e+001  1.3647500e+001  2.3584000e+000  3.9032000e+000
  4.0768000e+001  7.3431000e+000  1.4509200e+001 -6.5120000e-001  5.3553000e+000
  1.0697907e+002  1.7882520e+001  3.4688520e+001 -1.4201350e+001  1.2608330e+001
  5.2937160e+001  1.5208400e+001  8.0416900e+000 -9.6440400e+000  1.1197340e+001
  2.5390110e+001  5.7997800e+000  4.6963000e-001 -3.9394700e+000  2.2813700e+000
  2.2009400e+001  4.3882300e+000  2.4525200e+000 -4.0835100e+000  3.8390400e+000
  2.5759000e+001  3.5482000e+000  1.4555000e+000 -1.9434000e+000  2.6547000e+000
  1.7800500e+002  3.4874100e+001  8.5784000e+000 -3.1299700e+001  1.3202000e+000
  9.2358100e+001  2.7389000e+001  1.3579400e+001 -1.7194500e+001  1.4233000e+000
  1.1125500e+001 -6.8220000e-001 -1.0892000e+000  1.2329000e+000  5.9430000e-001
  3.8953600e+001  5.6882000e+000 -4.9079000e+000 -8.9460000e-001 -3.4877000e+000
  1.8762400e+001  3.0020000e-001  1.7616000e+000 -5.2840000e-001  1.6102000e+000
  2.9766380e+001 -1.4447200e+000 -9.3243000e-001  2.5221100e+000 -1.1988700e+000
  2.0213000e+001 -1.5780000e-001  2.6524000e+000 -2.6613000e+000  2.4861000e+000
  4.4851500e+001  1.5428000e+000  1.1411000e+000 -5.0969000e+000  3.6823000e+000
  1.8568300e+001  9.4700000e-002 -2.7618000e+000 -1.4207000e+000  1.0150000e-001
  1.7250300e+001 -2.7646000e+000 -1.6363000e+000 -8.7420000e-001  5.3840000e-001
  3.1103100e+001  7.6672000e+000 -1.7326000e+000  1.4260000e-001 -6.5700000e-001
  1.0101200e+001 -2.1045000e+000 -2.4987000e+000  1.2190000e+000 -8.5350000e-001
  1.6468900e+001  1.8201000e+000 -4.7626000e+000  4.4340000e-001 -7.3350000e-001
  3.1680800e+001 -8.3035000e+000  3.1300000e-001 -2.3864000e+000  1.0094000e+000
