  8.3898700e+000 -1.8492300e+000  1.3798200e+000  2.2197000e-001 -1.0531000e+000
  3.0504820e+001 -4.0126100e+000  2.9849000e+000 -1.6364200e+000 -5.1816600e+000
  2.9149200e+000 -9.2263000e-001  8.8680000e-001  3.3217000e-001 -3.7073000e-001
  7.7737200e+000 -9.7416000e-001  1.1640400e+000  2.8057000e-001 -3.2444700e+000
  5.4012200e+000 -1.1279200e+000  1.0400200e+000  6.9784000e-001 -1.8311200e+000
  9.8958700e+000 -7.9896000e-001  1.0601000e+000 -1.1625500e+000 -2.8210400e+000
  6.1482600e+000 -3.3282000e-001  3.4952000e-001 -7.3208000e-001 -1.8153400e+000
  2.8746360e+001  1.0968310e+001 -1.1160700e+000  2.7438800e+000 -7.6644600e+000
  6.7013000e+000  7.1110000e-001 -4.3100000e-001  1.4619500e+000 -2.6647000e+000
  4.7042700e+000  9.5058000e-001 -6.5030000e-002 -2.8046000e-001 -4.6143000e-001
  1.1337010e+001  1.0623000e-001  1.0113300e+000 -1.2278000e-001 -4.6052600e+000
  1.6085450e+001  8.0742300e+000  2.5671000e+000 -4.3071000e-001 -2.1117800e+000
  3.8886020e+001  4.0121400e+000 -1.0024600e+001  6.6806000e+000 -1.1766720e+001
  1.7920780e+001  3.1050200e+000 -4.7210800e+000  2.0170800e+000 -8.2812800e+000
  1.3565000e+001  5.5941900e+000  1.2855800e+000 -5.5944000e-001 -2.8778900e+000
  2.2432740e+001  4.3384200e+000 -4.4658100e+000  2.3261900e+000 -1.0631700e+001
  6.0648800e+000  8.8582000e-001  8.4830000e-001 -3.3584000e-001  6.6122000e-001
  1.1476770e+001  4.2341800e+000 -2.0453500e+000  1.2433200e+000 -2.9519600e+000
  2.6611900e+001  1.1979880e+001 -7.3118600e+000  1.5711800e+000 -1.0688540e+001
  2.3063010e+001  2.7283900e+000 -2.6777700e+000  3.3881300e+000 -5.8475000e+000
  1.7189170e+001  5.5282400e+000 -7.9403600e+000  9.4690000e-001 -3.8778300e+000
  8.2627400e+000  1.9811200e+000 -1.2203200e+000 -4.3110000e-001 -1.2618000e+000
  1.8336230e+001  6.1294900e+000 -4.4084800e+000 -2.0374000e+000 -1.1666000e+000
  1.4052310e+001  3.6568100e+000 -3.4391400e+000 -1.6866900e+000 -1.4113300e+000
  4.1944640e+001  9.8534200e+000 -2.0945900e+001 -1.4146700e+000 -1.6845520e+001
  2.3179120e+001  6.0933400e+000 -7.3921500e+000 -2.8712300e+000 -5.7121500e+000
  2.3804860e+001 -1.7119500e+000 -7.3889700e+000  1.4550800e+000 -8.2057300e+000
  1.2452044e+002  3.3151150e+001 -7.4116850e+001  6.4583600e+000 -6.0441700e+001
  4.9542550e+001  3.1505100e+000 -1.6221250e+001  9.9749000e-001 -1.8399850e+001
  2.2710070e+001  2.5212400e+000 -2.0298600e+000 -1.2177300e+000 -4.7438900e+000
  1.5939130e+001  9.7821900e+000 -2.3168100e+000 -1.4510400e+000 -4.5040400e+000
  1.5920140e+001  4.1675600e+000 -6.6325000e-001 -3.0087200e+000 -1.4900000e+000
  3.4397290e+001  5.5170600e+000  3.8148600e+000 -2.6743800e+000 -1.7370000e-002
  3.1166650e+001  4.5362200e+000 -2.0638700e+000 -1.1275100e+000 -3.0520200e+000
  1.4136280e+001  1.4480000e-001 -2.5553000e+000 -6.0266000e-001  7.2476000e-001
  1.5360010e+001  2.1711500e+000 -2.5104900e+000  4.3431000e-001 -1.4130100e+000
  1.5626550e+001 -9.0586000e-001 -9.0784000e+000  2.3596400e+000 -2.0258300e+000
  1.7815340e+001 -2.6265000e+000 -3.6931200e+000  2.7556100e+000 -1.3851200e+000
  4.1363990e+001 -1.6507300e+000 -1.4334420e+001  3.6109600e+000 -5.5003000e-001
  6.7456740e+001 -4.8301200e+000 -2.6193910e+001  3.1114600e+000 -4.8136900e+000
  3.9593280e+001  1.2719800e+000 -1.6213620e+001  3.9750200e+000 -8.4950800e+000
  9.3892040e+001  7.1043000e+000 -2.3242540e+001  9.0081000e+000 -3.6966200e+000
  5.6713900e+001 -8.6197000e+000 -1.1893860e+001  5.5750100e+000 -3.6175800e+000
  5.3525140e+001 -1.5874340e+001 -1.1217480e+001  2.1544000e+000 -8.6237400e+000
  1.7996509e+002 -5.5282030e+001 -4.0444280e+001  1.2547530e+001 -4.4616390e+001
  1.6783278e+002 -6.5064820e+001 -4.7266710e+001  2.0740550e+001 -3.7566840e+001
  9.5538350e+001  9.9488000e-001  4.7262000e+000  4.9691600e+000 -1.3720780e+001
  4.4975040e+001 -1.2806230e+001 -3.2651900e+000  2.7633500e+000 -5.3928600e+000
  5.8708840e+001 -1.2492920e+001 -6.9186000e-001 -8.0546000e-001  8.3213000e-001
  4.1550980e+001 -1.6250280e+001 -4.4950000e-001  2.0612600e+000  1.7795400e+000
  3.9435060e+001 -3.5452500e+000  1.1430400e+001 -2.6618800e+000  3.6123500e+000
  2.7166470e+001 -4.0159400e+000  5.3818200e+000 -2.6743000e-001  1.6321300e+000
  1.9426640e+001 -6.3283800e+000 -3.4245000e-001 -1.3117100e+000  1.5512300e+000
  3.2826270e+001 -9.6028200e+000 -4.0256900e+000 -1.0620500e+000  1.0393100e+000
  1.8744270e+001 -6.5688200e+000 -3.0933000e+000  1.8379600e+000 -1.0161600e+000
  1.6589980e+001 -5.2151000e+000 -3.5332600e+000  8.6512000e-001  7.0126000e-001
  1.7367600e+001 -5.2981000e+000 -6.2393500e+000  8.7042000e-001  1.9367800e+000
  3.1712530e+001 -6.9495400e+000 -1.0901990e+001  5.0132100e+000 -2.4708000e-001
  3.1144980e+001 -1.2946840e+001 -1.1385800e+001  5.4371300e+000  8.2433000e-001
  2.3033980e+001 -5.9375800e+000 -7.6488900e+000  4.3340700e+000 -1.6912800e+000
  4.6369990e+001  1.4761660e+001 -1.0105460e+001  6.6490500e+000 -6.4890400e+000
  5.3873370e+001  6.6681400e+000 -1.6394280e+001  1.1283780e+001 -7.0593600e+000
  1.2379480e+001  5.1750000e-002 -2.9139600e+000  1.9763300e+000 -1.0125700e+000
  1.6659700e+001  1.9649000e-001 -1.8326800e+000  2.3731100e+000 -2.5628800e+000
  1.7987910e+001 -1.0751800e+000 -4.8482100e+000  4.3803800e+000 -4.1514600e+000
  3.9323420e+001  9.7731900e+000 -3.3302900e+000  7.6061000e-001 -4.4022700e+000
  6.0167490e+001  1.6500210e+001 -9.6887100e+000 -5.9508400e+000 -5.2273600e+000
  3.6737550e+001 -7.0790300e+000 -4.2564700e+000  1.6451600e+000 -2.7446200e+000
  4.0588760e+001 -1.8294600e+000 -1.9130520e+001  9.6943200e+000 -8.9763800e+000
  4.5662680e+001 -7.5734200e+000 -1.7115950e+001  3.6903700e+000 -8.7968900e+000
  3.6463480e+001 -4.7718400e+000 -1.2226510e+001  1.6263700e+000 -4.6745400e+000
  2.2494360e+001  1.2042000e-001 -4.2274300e+000 -1.0990200e+000 -1.3019900e+000
  5.1007540e+001 -1.2661000e-001 -2.9714690e+001  6.1122900e+000 -1.7169220e+001
  3.4521230e+001 -8.2579400e+000 -1.8291360e+001  3.9267000e+000 -9.9550800e+000
  4.6143780e+001 -9.6893400e+000 -3.2748180e+001  7.7711200e+000 -1.8294640e+001
  2.4859250e+001 -7.2402200e+000 -1.2423870e+001  3.7156700e+000 -6.6957300e+000
  8.5677300e+001 -3.5573380e+001 -1.8200540e+001  3.1319000e-001 -1.1189350e+001
  1.3610235e+002 -4.3502800e+001 -4.0923350e+001  9.9607400e+000 -1.6261720e+001
  4.8327250e+001 -1.7155770e+001 -1.1204240e+001 -2.0730000e-002 -3.1916300e+000
  4.1956940e+001 -2.3345200e+000 -1.0627260e+001 -1.8197800e+000 -3.7795200e+000
  4.9246260e+001 -1.1981600e+001 -2.4300100e+001 -4.2959700e+000 -4.1031300e+000
  2.4192640e+001 -8.9126700e+000 -1.4066670e+001 -1.2983600e+000 -3.0116700e+000
  4.5278400e+001 -1.6558170e+001 -2.4058410e+001 -4.9921400e+000 -5.5878500e+000
  3.1885140e+001 -1.2855700e+001 -1.3413710e+001 -2.7213500e+000 -4.3555700e+000
  3.9010160e+001 -1.0705090e+001 -2.2607480e+001 -3.2517300e+000 -1.5428340e+001
  3.0086100e+001 -1.4156600e+001 -1.4143340e+001 -2.0055900e+000 -1.0612940e+001
  2.4869600e+001 -8.1457300e+000 -1.2103640e+001 -6.0322000e-001 -5.5323900e+000
  1.9357840e+001 -9.0216600e+000 -8.2994200e+000  2.1484000e-001 -6.5195600e+000
  1.9982570e+001 -4.7847800e+000 -6.1157300e+000 -1.8260300e+000 -4.9392700e+000
  2.3852770e+001 -1.0061180e+001 -7.0720600e+000  1.3800600e+000 -6.1110500e+000
  3.4589800e+001 -1.7699960e+001 -3.0054300e+000 -4.0210000e-002 -4.1160800e+000
  4.2780750e+001 -1.9685230e+001 -9.2710100e+000 -9.1539000e-001 -1.2717400e+000
  7.9439350e+001 -1.5600460e+001 -2.7760610e+001  1.9454500e+000 -1.1712170e+001
  3.3916530e+001 -1.4645520e+001 -7.1768900e+000 -1.8180800e+000 -6.2382000e-001
  4.9260260e+001 -1.2383880e+001 -1.5394640e+001 -5.0297000e-001 -7.5558700e+000
  6.2505980e+001 -3.1618430e+001 -7.0050000e+000  1.1824400e+000 -5.8515000e+000
  4.0241180e+001 -2.0953080e+001 -7.1776700e+000  7.0789800e+000 -5.1125800e+000
  7.4550785e+002 -1.5769237e+002 -1.4612000e+002 -9.8183400e+000 -5.4067200e+001
  1.1459926e+002 -4.9448870e+001 -2.2914570e+001  4.9915500e+000 -8.7320300e+000
  6.4278840e+001 -3.3954520e+001 -7.9737800e+000  3.6371700e+000 -3.9981400e+000
  3.2806130e+001 -1.8727930e+001 -8.4125600e+000  2.5308500e+000 -4.8912400e+000
  2.8866840e+001 -1.5834050e+001 -5.6625000e+000  1.7886500e+000 -3.1539300e+000
  2.7989900e+001 -1.1999500e+001 -4.4847000e+000  1.1872400e+000 -4.7524600e+000
  2.6488340e+001 -1.3248620e+001 -5.7637800e+000  1.3515600e+000 -4.4094200e+000
  2.3642760e+001 -1.2640030e+001 -5.1249200e+000  2.4218900e+000 -1.9575000e+000
  6.1233620e+001 -2.5802970e+001 -1.2868930e+001  7.0308400e+000 -5.1198500e+000
  4.4315820e+001 -1.4957410e+001 -1.1602330e+001  7.0503500e+000 -6.3222700e+000
  3.5710120e+001 -1.6666210e+001 -9.3340200e+000  4.0241000e+000 -4.3732300e+000
  1.1975170e+002 -3.1465800e+000 -5.8003690e+001  3.6441790e+001 -5.3192550e+001
  9.6592890e+001 -3.4468540e+001 -3.0124830e+001  2.1322140e+001 -3.8746210e+001
  8.2588950e+001 -1.3133440e+001 -2.3152280e+001  1.8494210e+001 -2.5763330e+001
  5.3015230e+001 -1.7728310e+001 -1.2244900e+001  4.9271400e+000 -6.2762600e+000
  3.9608690e+001 -7.9313000e+000 -3.2893000e+000  5.8670200e+000 -7.4039600e+000
  6.8025080e+001 -1.5385380e+001 -6.0170800e+000  9.3492000e-001 -9.9554600e+000
  2.7915250e+001 -1.4102000e+000 -7.7613000e+000  4.4263500e+000 -6.9201500e+000
  4.2423180e+001 -1.7390100e+000 -1.4132720e+001  3.9730500e+000 -7.9883600e+000
  2.3052240e+001 -5.1440400e+000 -7.1409800e+000  2.6160000e-002 -3.1496800e+000
  1.9086720e+001 -2.2434900e+000 -6.7682600e+000  5.4586000e-001 -3.1427700e+000
  3.2721850e+001 -4.1167000e-001 -1.1843970e+001  2.1555500e+000 -7.7072200e+000
  2.7672980e+001 -5.8778400e+000 -1.7045450e+001  1.2825300e+001 -1.3009200e+001
  1.6365410e+001 -2.8445300e+000 -8.5640000e+000 -1.3042000e-001 -6.0446000e+000
  1.0204300e+001  1.5982300e+000 -4.5025400e+000 -6.0724000e-001 -4.7287100e+000
  2.1237820e+001 -3.6824000e-001 -2.8609200e+000 -8.3747000e-001 -3.6149500e+000
  3.8849920e+001 -1.2404000e+000 -9.2634900e+000 -2.2801000e+000 -1.1094680e+001
  1.6120030e+001 -4.6832500e+000 -4.1733900e+000  1.9002000e-001 -4.7259200e+000
  2.5879350e+001 -4.3699600e+000 -7.1167300e+000 -4.1055000e-001 -6.0720300e+000
  8.8894600e+000 -1.4395900e+000 -8.4434000e-001 -3.2304000e-001 -2.7597300e+000
  1.6830630e+001 -7.0412400e+000 -5.7551300e+000  7.3523000e-001 -5.2918000e+000
  1.1275600e+001 -1.4840000e+000 -5.2514300e+000 -1.2798100e+000 -4.6382700e+000
  1.8904390e+001 -7.9761000e-001 -7.3083700e+000 -3.6137900e+000 -5.8431800e+000
  3.8469190e+001 -1.5273250e+001 -1.2353630e+001  3.1163900e+000 -5.6660100e+000
  2.5297350e+001 -1.8774300e+000 -6.7461000e+000 -2.3246900e+000 -3.3111300e+000
  5.1111770e+001  4.6503100e+000 -3.3432210e+001 -5.3001500e+000 -2.6612380e+001
  1.8600000e+001 -7.8736800e+000 -6.6581800e+000  2.1541600e+000 -2.5001800e+000
  2.9882180e+001 -1.6245140e+001 -1.1437910e+001  4.5899700e+000 -7.0023400e+000
  4.3206310e+001 -1.7228380e+001 -1.6330860e+001  9.2321900e+000 -5.4705000e+000
  4.1491050e+001 -2.3240440e+001 -1.0482610e+001  5.4842600e+000 -6.6652700e+000
  1.1195432e+002 -2.1700480e+001 -4.1303380e+001  1.5549900e+000 -2.4175800e+001
  3.8815450e+001 -1.1240330e+001 -1.2288990e+001  6.0100700e+000 -7.2356900e+000
  4.1553450e+001 -6.0015700e+000 -1.3651070e+001 -7.4984000e-001 -8.4240100e+000
  2.4995136e+002 -4.4795420e+001 -9.3991540e+001  6.3913600e+000 -7.7918400e+001
  1.3293206e+002 -1.3510540e+001 -6.2445190e+001 -8.4547800e+000 -5.8225230e+001
  9.5133870e+001 -3.1915580e+001 -4.5412830e+001 -4.7377400e+000 -3.7721210e+001
  9.7186030e+001 -3.0789300e+001 -8.0776080e+001 -2.9318910e+001 -5.1202790e+001
  6.7284040e+001 -2.2250980e+001 -3.5049060e+001 -2.8880000e-001 -2.3409940e+001
  8.0627350e+001 -4.4092510e+001 -3.4605230e+001 -4.4098800e+000 -1.5680350e+001
  1.5055925e+002 -1.2460606e+002 -4.3824600e+000  6.1591140e+001 -2.3812120e+001
  1.1126672e+002 -1.0848450e+001 -4.0077490e+001 -5.7962700e+000 -1.4577750e+001
  2.9277090e+001 -1.4525490e+001 -1.9801900e+000  1.1810400e+001  7.5769500e+000
  1.4557953e+002 -1.9819860e+001 -9.6182560e+001 -5.3284980e+001 -6.1047980e+001
  1.3006541e+002 -3.4605700e+000 -7.6292990e+001 -1.5748330e+001 -5.0130860e+001
  9.5203920e+001 -3.0030360e+001 -6.0898880e+001 -1.1652740e+001 -4.2367300e+001
  1.4517302e+002 -7.5211300e+000 -1.4956190e+001 -1.1949870e+001 -4.4416290e+001
  8.9820010e+001 -6.6154300e+000 -2.4111410e+001 -1.9773240e+001 -3.6954690e+001
  4.7531260e+001 -7.2067300e+000 -9.2854600e+000  3.4003000e-001 -1.2944960e+001
  7.9993780e+001 -1.1116350e+001 -3.1918110e+001  1.3607700e+000 -2.7426200e+001
  2.9662555e+002 -6.7242620e+001 -4.5099610e+001 -3.7050250e+001  1.0782700e+001
  1.7088262e+002 -2.3014200e+001 -2.7005070e+001 -3.0243030e+001  1.1324230e+001
  1.3596550e+002 -3.5791250e+001 -2.3349250e+001 -2.6385150e+001  7.6229000e+000
  7.3204100e+001 -8.2716500e+000 -2.0495450e+001 -1.4197970e+001  1.5674400e+000
  5.0453010e+001  7.4343800e+000 -1.7599000e+000 -1.4434870e+001  8.8372100e+000
  3.8100690e+001  1.9663960e+001 -2.4822500e+000 -1.2509090e+001  5.8131300e+000
  3.4236990e+001  8.5160700e+000 -3.4892000e-001 -8.2206300e+000  7.4689900e+000
  2.8941890e+001  1.0098670e+001  4.5402200e+000 -4.2541700e+000  3.5301100e+000
  3.5331300e+001  1.7805850e+001 -1.7598050e+001 -1.4988700e+001  4.8376000e+000
  2.9883810e+001  1.9754000e+000 -9.4418100e+000 -2.5864000e-001 -1.6768300e+000
  2.1629280e+001  6.9160500e+000 -3.1535300e+000 -3.4997200e+000  1.3542200e+000
  3.7427560e+001  1.5904090e+001 -3.6469000e+000  1.0098000e+000 -2.3992000e+000
  2.7933640e+001  1.2416730e+001 -7.8182200e+000  3.7302500e+000 -2.2481700e+000
  3.4553860e+001  1.4749040e+001 -2.1548300e+000  2.2943900e+000 -2.6884000e+000
  1.7220700e+001  3.7687800e+000 -4.0569000e+000 -9.7747000e-001 -4.5550000e-002
  4.1233420e+001  1.9822160e+001 -4.4988800e+000 -3.6951500e+000  3.6631000e-001
  3.5513600e+001  2.4528340e+001 -1.4097140e+001 -9.5660000e-002 -7.0832000e-001
  2.0615000e+001  9.6120400e+000 -4.8645200e+000  7.9726000e-001 -1.7131400e+000
  3.5455480e+001  6.0340400e+000 -1.0056600e+000  9.4849000e-001 -1.5142000e+000
  2.3341280e+001  4.5846000e+000 -2.1340000e-001  1.2662700e+000 -1.8311300e+000
  1.0034653e+002  6.1828700e+000  4.9743400e+000  8.2999200e+000 -5.9357000e-001
  8.4845640e+001  1.4890600e+001 -1.3550200e+000  5.3966400e+000 -1.4996400e+000
  1.4128977e+002  3.2410050e+001  8.0542200e+000  1.7236600e+001 -5.4227800e+000
  8.2576420e+001  6.1684200e+000 -1.2387460e+001 -6.0068800e+000  6.1779800e+000
  2.3937348e+002  8.9742600e+000  1.6132326e+002 -3.4054450e+001 -1.0782600e+000
  9.0821435e+002  1.4977060e+001  1.2852019e+002 -2.6292900e+001 -5.5466380e+001
  3.0697860e+002  4.5873210e+001  1.1727269e+002 -3.6503210e+001 -1.2995390e+001
  1.3088690e+002  5.5589930e+001  5.6104270e+001 -5.1131100e+000 -5.8514600e+000
  6.1030160e+001  1.4535400e+001  3.1617940e+001 -8.1635000e+000  6.4457800e+000
  5.1961500e+001  1.2001200e+001  2.2845000e+001 -2.9132000e+000  4.6659000e+000
  3.4520700e+001  5.9876000e+000  1.1908400e+001 -1.8028000e+000  4.5156000e+000
  1.3742067e+002  3.7303320e+001  5.0547520e+001 -1.8380650e+001  1.6792630e+001
  8.0278060e+001  3.2980700e+001  1.2183890e+001 -1.8141240e+001  2.1894040e+001
  2.7949410e+001  9.3193800e+000  8.3403000e-001 -4.5403700e+000  4.5528700e+000
  3.5145400e+001  1.1841530e+001  4.4530200e+000 -4.8293100e+000  8.0804400e+000
  3.4085000e+001  1.1817300e+001 -3.3553000e+000 -1.6767000e+000  4.1782000e+000
  2.4678480e+002  5.3375500e+001  4.6838000e+000 -4.2454200e+001 -1.9544000e+000
  1.3348810e+002  4.9398900e+001  8.4972000e+000 -2.5126600e+001 -7.3398000e+000
  1.7934700e+001  6.7723000e+000 -1.2743000e+000 -2.4608000e+000 -7.0270000e-001
  6.0573300e+001  1.5669400e+001 -1.0969900e+001 -3.4962000e+000 -8.3558000e+000
  2.5523500e+001  4.7749000e+000  1.2404000e+000 -1.0936000e+000 -1.9907000e+000
  3.1842080e+001  1.2769800e+000  3.4470000e-002  2.0825100e+000 -1.7325700e+000
  2.1190400e+001  6.8330000e-001  1.9517000e+000 -3.0381000e+000  1.6492000e+000
  4.3684400e+001  7.1014000e+000  3.2557000e+000 -6.5914000e+000  3.2481000e+000
  2.2634400e+001  4.5818000e+000 -1.4061000e+000 -3.3751000e+000  2.2000000e-003
  2.7871000e+001  4.9819000e+000 -2.7317000e+000 -3.3058000e+000 -2.3937000e+000
  3.2431400e+001  7.9625000e+000 -3.8979000e+000 -3.3831000e+000 -2.7867000e+000
  2.7207300e+001  1.3460900e+001 -9.4750000e+000 -4.8383000e+000 -6.0463000e+000
  2.3627800e+001  4.4710000e+000 -6.7578000e+000 -2.8462000e+000 -3.5493000e+000
  3.8763800e+001 -1.9077000e+000 -6.9168000e+000  9.0830000e-001 -3.1469000e+000
