  9.5409700e+000 -1.1313300e+000  2.2127200e+000  7.4177000e-001 -8.8090000e-001
  3.0670720e+001 -3.1900100e+000  3.9795000e+000 -5.8892000e-001 -5.6119600e+000
  2.8713200e+000  9.8767000e-001  3.3694000e+000 -6.3073000e-001  1.0231700e+000
  8.6571200e+000 -4.0286000e-001  3.1244400e+000  4.9897000e-001 -8.1037000e-001
  8.5963200e+000 -1.4694200e+000  1.5956200e+000 -1.5876000e-001 -2.4822200e+000
  1.0418470e+001  1.2860400e+000  3.1697000e+000 -1.8781500e+000 -6.2244000e-001
  6.5944600e+000  7.5548000e-001  1.3219200e+000 -8.0458000e-001 -2.2729400e+000
  2.8010060e+001  1.3806910e+001  7.3903000e-001  1.1957800e+000 -6.4325600e+000
  1.0480300e+001  2.3947000e+000  1.4581000e+000  8.4295000e-001 -2.2664000e+000
  6.0375700e+000  5.4950800e+000  1.9587700e+000 -1.7866000e-001 -1.6063000e-001
  1.5002910e+001  6.5469300e+000  4.3670300e+000 -2.3218800e+000 -2.6247600e+000
  3.2650450e+001  1.9555930e+001  4.9905000e+000 -1.1931000e-001 -4.7229800e+000
  5.2376620e+001  5.7406400e+000 -1.3457900e+001  8.7837000e+000 -1.8040220e+001
  2.6796980e+001  1.3204200e+000 -4.0984800e+000  5.2537800e+000 -1.1447480e+001
  1.5363400e+001  6.4148900e+000  3.0600800e+000  2.9960600e+000 -3.5892900e+000
  2.7520740e+001  1.1051920e+001 -6.1143100e+000  2.6234900e+000 -1.3034700e+001
  8.1255800e+000  3.1516200e+000 -7.8110000e-001  7.8896000e-001 -1.6681800e+000
  1.7721370e+001  5.5471800e+000 -2.9364500e+000  2.6881200e+000 -6.1985600e+000
  3.4447400e+001  1.7531180e+001 -8.8455600e+000  2.0995800e+000 -1.4809340e+001
  2.1482510e+001  4.9561900e+000 -9.3277000e-001  2.8725300e+000 -5.2902000e+000
  1.4190170e+001  3.8775400e+000 -5.7580600e+000 -4.8870000e-001 -3.1067300e+000
  7.2407400e+000  2.1475200e+000  2.8280000e-002 -1.2424000e+000 -1.4578000e+000
  1.9621530e+001  9.0188900e+000 -4.1041800e+000 -2.8532000e+000 -9.8660000e-001
  2.0184110e+001  6.3084100e+000 -4.1298400e+000 -3.8690900e+000 -2.2038300e+000
  3.7738540e+001  1.0920420e+001 -1.8555100e+001 -2.9267700e+000 -1.4944920e+001
  2.7529720e+001  8.3663400e+000 -4.9410500e+000 -4.2652300e+000 -5.9752500e+000
  3.0718360e+001  2.5374500e+000 -4.7478700e+000 -3.3724200e+000 -6.1461300e+000
  1.4517394e+002  4.2662250e+001 -8.8344850e+001  7.3898600e+000 -7.3652000e+001
  5.0583750e+001  6.1716100e+000 -1.6052050e+001 -9.2901000e-001 -2.0594850e+001
  2.5160470e+001  5.6804400e+000 -1.7530600e+000 -1.5131300e+000 -5.8594900e+000
  1.7946330e+001  1.0461890e+001 -1.2422100e+000 -2.4004400e+000 -3.2962400e+000
  1.7467040e+001  4.8509600e+000  1.2745000e-001 -3.8716200e+000 -2.2195000e+000
  4.8919990e+001  8.5884600e+000  9.7753600e+000 -6.0394800e+000  6.4129300e+000
  4.1141450e+001  7.8631200e+000 -7.8837000e-001 -3.5249100e+000 -3.4094200e+000
  1.1372080e+001  3.5585000e+000 -2.0830000e-001 -1.4166600e+000  5.4996000e-001
  1.6655810e+001  2.6844500e+000 -2.8557900e+000  2.6251000e-001 -1.2818100e+000
  1.5452950e+001 -1.0592600e+000 -5.5674000e+000  2.8734000e-001 -2.8853000e-001
  1.7648540e+001 -1.4692000e+000 -3.1693200e+000  6.9511000e-001  4.5578000e-001
  3.2504990e+001  1.3477700e+000 -9.6037200e+000  2.2187600e+000  2.9858700e+000
  7.0493440e+001 -1.3995200e+000 -2.3608110e+001  1.1716600e+000  3.3136100e+000
  3.5831380e+001  2.8552800e+000 -1.3461420e+001  1.6305200e+000 -6.8185800e+000
  1.2312664e+002  6.9980000e+000 -2.6514440e+001  6.5009000e+000 -2.1606200e+000
  7.2087900e+001 -1.6111900e+001 -1.5702160e+001  6.6392100e+000 -3.9175800e+000
  5.8106940e+001 -1.3965440e+001 -9.9013800e+000 -1.9023000e+000 -7.8100400e+000
  1.6311099e+002 -4.7644630e+001 -3.4242380e+001  1.1770730e+001 -3.9808490e+001
  1.6440708e+002 -5.9786620e+001 -4.5364510e+001  1.3506150e+001 -3.3090840e+001
  7.7538150e+001 -6.1956200e+000 -4.6985000e+000  7.4666600e+000 -1.2983180e+001
  5.1898040e+001 -1.0223530e+001 -4.0621900e+000  4.0306500e+000 -6.2654600e+000
  5.8545140e+001 -9.4591200e+000  2.3465400e+000  6.5484000e-001 -2.3137000e-001
  4.0614480e+001 -1.2854780e+001  2.0007000e+000  3.1204600e+000  1.5881400e+000
  4.2435660e+001  3.6902500e+000  1.7358400e+001 -2.2740800e+000  6.2678500e+000
  2.9568970e+001 -3.2579400e+000  7.3724200e+000  1.5079700e+000  1.1938300e+000
  1.5484040e+001 -4.5286800e+000 -1.2315500e+000 -7.9010000e-002  1.2249300e+000
  3.3836070e+001 -8.3609200e+000 -2.8117900e+000  8.8895000e-001  1.4777100e+000
  1.9202170e+001 -4.5342200e+000 -5.7710000e-001  9.2286000e-001 -3.3886000e-001
  1.4255280e+001 -3.7768000e+000 -2.2413600e+000  7.5152000e-001 -3.7764000e-001
  1.8498000e+001 -4.5745000e+000 -4.1420500e+000  1.1003200e+000  8.5678000e-001
  3.2754530e+001 -5.3781400e+000 -9.6760900e+000  4.9944100e+000 -3.2618000e-001
  2.8280980e+001 -1.0331740e+001 -1.0238100e+001  5.8912300e+000 -1.4936700e+000
  2.9537480e+001 -5.0728800e+000 -9.1501900e+000  6.0644700e+000 -1.9978800e+000
  4.8093090e+001  1.7353760e+001 -9.5553600e+000  6.3552500e+000 -7.9354400e+000
  6.6423770e+001  7.8015400e+000 -2.2628080e+001  1.7532380e+001 -1.0016660e+001
  1.5783180e+001 -4.2065000e-001 -3.5141600e+000  2.2453300e+000 -1.2497700e+000
  2.0894100e+001 -2.0909100e+000 -3.2505800e+000  3.5517100e+000 -1.8097800e+000
  2.1248310e+001 -2.7336800e+000 -4.9561100e+000  4.8868800e+000 -3.2336600e+000
  5.3710020e+001  1.2274090e+001 -5.7847900e+000  1.5751100e+000 -6.2098700e+000
  7.8121690e+001  2.4614210e+001 -1.1316810e+001 -8.2882400e+000 -4.5593600e+000
  4.7479750e+001 -1.0357130e+001 -9.2979700e+000  4.8179600e+000 -4.2789200e+000
  4.9716760e+001 -2.1632600e+000 -2.5664320e+001  1.3147020e+001 -1.3821280e+001
  6.1757280e+001 -7.8613200e+000 -3.2257650e+001  1.0553470e+001 -1.8895890e+001
  4.3602180e+001 -7.2242400e+000 -2.2452810e+001  6.7740700e+000 -1.0928040e+001
  2.2489960e+001 -4.4404800e+000 -8.9933300e+000  2.0599800e+000 -3.9433900e+000
  5.4643940e+001  5.1466900e+000 -3.4818290e+001  5.9212900e+000 -1.9499420e+001
  3.5794830e+001 -8.5024400e+000 -2.0230760e+001  4.4370000e+000 -1.1116680e+001
  6.1933480e+001 -1.2459140e+001 -5.1664480e+001  1.6254120e+001 -2.9201940e+001
  3.8369450e+001 -1.1525420e+001 -2.1223770e+001  7.1748700e+000 -1.3342830e+001
  7.4768600e+001 -2.9471280e+001 -1.9365940e+001  1.0545900e+000 -1.3286450e+001
  1.0682465e+002 -2.6439800e+001 -3.0617550e+001  7.3957400e+000 -1.7181120e+001
  6.1750850e+001 -1.4892570e+001 -1.8622940e+001  2.0822700e+000 -1.0182230e+001
  3.0134640e+001  1.1296800e+000 -7.6053600e+000 -2.9241800e+000 -9.6712000e-001
  3.2161360e+001 -7.3196000e+000 -1.2730100e+001 -3.0073700e+000 -1.6379300e+000
  1.5306040e+001 -5.1383700e+000 -6.2178700e+000 -2.0287600e+000 -2.3527000e-001
  3.8643800e+001 -9.1585700e+000 -1.9231610e+001 -4.8508400e+000 -3.5778500e+000
  2.6637640e+001 -9.2965000e+000 -8.3010100e+000 -4.3624500e+000 -1.4566700e+000
  4.0361460e+001 -1.0842890e+001 -2.1089480e+001 -6.9540300e+000 -1.2366540e+001
  2.5155700e+001 -1.0671300e+001 -1.1014140e+001 -2.8463900e+000 -6.9610400e+000
  2.2398500e+001 -5.8608300e+000 -1.1287540e+001 -1.4246200e+000 -5.4679900e+000
  1.2522440e+001 -4.3187600e+000 -6.5351200e+000  1.9140000e-002 -4.1845600e+000
  1.6927770e+001 -3.1908800e+000 -4.7296300e+000 -1.5815300e+000 -2.2264700e+000
  2.0105370e+001 -6.1080800e+000 -3.8468600e+000 -6.6774000e-001 -1.0085500e+000
  2.6672400e+001 -9.3592600e+000 -5.9863000e-001 -1.5035100e+000 -9.1178000e-001
  2.9421250e+001 -1.4100330e+001 -7.3531100e+000 -2.6260900e+000 -1.3882400e+000
  5.4895850e+001 -1.2747860e+001 -1.5725910e+001  1.1371500e+000 -3.6320700e+000
  2.2673530e+001 -9.5621200e+000 -3.7151900e+000 -8.2158000e-001  7.5228000e-001
  4.2992860e+001 -6.9740800e+000 -1.2667740e+001 -2.4867000e-001 -2.8890700e+000
  5.2339580e+001 -2.6798130e+001 -2.9820000e+000  6.5244000e-001 -1.6382000e+000
  3.2627080e+001 -1.4391280e+001 -6.2568700e+000  4.3647800e+000 -2.3412800e+000
  7.0391265e+002 -7.8164170e+001 -1.5387210e+002 -2.6400440e+001 -6.3184300e+001
  8.6609560e+001 -3.1536170e+001 -1.8798370e+001  3.4963500e+000 -6.4311300e+000
  5.0654540e+001 -2.2238020e+001 -6.5768800e+000  1.9520700e+000 -4.3227400e+000
  2.8402630e+001 -1.4605230e+001 -7.2157600e+000  1.6861500e+000 -4.1321400e+000
  2.3083840e+001 -1.3112750e+001 -5.0658000e+000  2.2826500e+000 -1.8649300e+000
  2.2849800e+001 -9.2598000e+000 -3.0143000e+000  6.6594000e-001 -3.3981600e+000
  2.2786840e+001 -1.0863520e+001 -5.3175800e+000  9.6786000e-001 -3.3739200e+000
  2.3240660e+001 -1.2480430e+001 -3.6837200e+000  2.3112900e+000 -1.3781000e+000
  5.9132420e+001 -2.2259970e+001 -1.1013630e+001  4.8839400e+000 -4.2673500e+000
  3.3945720e+001 -1.4047110e+001 -8.3927300e+000  4.4126500e+000 -3.5936700e+000
  2.6535220e+001 -1.2019110e+001 -4.8553200e+000  2.1962000e+000 -2.2723300e+000
  9.5794600e+001 -8.2608000e-001 -4.3069090e+001  2.4044890e+001 -3.6101350e+001
  6.3366090e+001 -1.6905940e+001 -1.9240030e+001  9.4575400e+000 -2.2636710e+001
  6.2881650e+001 -5.2728400e+000 -1.9012480e+001  1.3942410e+001 -1.7276630e+001
  4.5997430e+001 -1.4107610e+001 -7.3886000e+000  3.4067400e+000 -2.9323600e+000
  3.5426890e+001 -7.0856000e+000 -2.6411000e+000  2.2978200e+000 -5.6273600e+000
  4.7777180e+001 -3.3851800e+000  2.2776200e+000 -3.3241800e+000 -3.6264600e+000
  2.1084850e+001  2.6301000e+000  9.6350000e+000 -1.4443500e+000  1.0766500e+000
  2.3600780e+001  3.1626900e+000 -3.8239200e+000  2.3255000e-001 -1.1408600e+000
  2.3158140e+001 -4.1885400e+000 -6.8040800e+000 -2.1477400e+000 -2.4659800e+000
  1.3121820e+001 -2.7249000e-001 -1.0702600e+000 -2.2074400e+000 -2.3497000e-001
  2.0820750e+001 -2.0772700e+000  1.0063000e-001 -1.1563500e+000  1.0660800e+000
  1.2116580e+001 -3.3702400e+000  3.6538500e+000 -2.2299000e+000  2.3593000e+000
  1.2293710e+001 -1.3689300e+000 -4.0761000e+000 -7.6772000e-001 -1.9298000e+000
  1.0504600e+001  2.6473300e+000 -1.6928400e+000 -2.7922400e+000 -1.7149100e+000
  2.5808720e+001  1.6047600e+000 -2.3690200e+000 -5.7873700e+000 -2.2969500e+000
  3.6084920e+001  4.8866000e+000 -8.2286900e+000 -6.5215000e+000 -9.2150800e+000
  1.5470630e+001 -4.5547500e+000 -2.2020900e+000 -1.3660800e+000 -3.5862200e+000
  2.8950850e+001 -2.9637600e+000 -9.0340300e+000 -4.7050000e-002 -5.7770300e+000
  1.2493760e+001 -1.6567900e+000  4.0600000e-003 -2.6896400e+000 -1.9887300e+000
  1.4269730e+001 -4.2552400e+000 -3.2081300e+000 -1.6422700e+000 -2.6891000e+000
  2.0695400e+001  2.0470000e+000 -9.0553300e+000 -2.0758100e+000 -1.2260370e+001
  2.7368190e+001  2.5733900e+000 -1.6223170e+001 -5.8732900e+000 -1.4390880e+001
  3.7562490e+001 -1.0138250e+001 -1.7333430e+001  2.6949000e-001 -8.4920100e+000
  2.0987450e+001 -7.1543000e-001 -8.4798000e+000 -3.0863900e+000 -4.0893300e+000
  4.5310870e+001  4.2812100e+000 -3.2342710e+001 -4.5419500e+000 -2.2227880e+001
  1.8071700e+001 -3.7296800e+000 -7.1066800e+000  2.7266600e+000 -4.8261800e+000
  3.2185980e+001 -1.2774840e+001 -1.5237410e+001  5.5920700e+000 -8.4776400e+000
  4.5236310e+001 -1.3982580e+001 -1.9266460e+001  9.5565900e+000 -8.8265000e+000
  4.2865950e+001 -2.3505340e+001 -1.2814110e+001  5.3120600e+000 -9.4831700e+000
  1.2701452e+002 -1.3976180e+001 -5.4854380e+001 -2.6574100e+000 -3.5710000e+001
  4.8544950e+001 -8.0453300e+000 -1.9879190e+001  4.6964700e+000 -1.6238390e+001
  4.2987350e+001  3.1422300e+000 -2.0680370e+001 -3.0161400e+000 -1.4028410e+001
  1.8896456e+002 -2.0913020e+001 -6.3836640e+001  1.4013600e+000 -5.6087600e+001
  9.9036660e+001  1.4748860e+001 -4.9743590e+001 -1.2931800e+000 -5.2386930e+001
  7.9393170e+001 -2.3699980e+001 -2.9809130e+001 -6.1646400e+000 -3.2742610e+001
  2.6739930e+001 -4.8614000e+000  7.5985200e+000  6.7098900e+000  1.3916100e+000
  4.3489340e+001 -1.3129080e+001 -1.7700560e+001 -3.4795000e+000 -1.1585640e+001
  4.7873050e+001 -6.3071000e-001 -1.6172230e+001 -7.8774800e+000 -1.2064950e+001
  1.4777245e+002 -1.3590160e+001 -7.2566860e+001 -4.3692660e+001 -2.6509920e+001
  2.4564352e+002  3.9047350e+001 -1.6043649e+002 -1.0745127e+002 -9.5531950e+001
  5.7901690e+001  3.0015100e+000 -5.5414890e+001 -3.6981400e+001 -4.2232450e+001
  2.1565383e+002 -9.1375600e+000 -1.6127146e+002 -1.3832748e+002 -1.2523118e+002
  1.6231861e+002 -2.2589970e+001 -1.3140399e+002 -5.4408430e+001 -9.7403360e+001
  1.5599062e+002 -2.9755760e+001 -1.0515278e+002 -5.2059240e+001 -7.4489600e+001
  1.5366532e+002  1.1538370e+001 -3.4200190e+001 -3.1607770e+001 -5.4845990e+001
  1.1595081e+002  9.3453700e+000 -4.9234510e+001 -4.3361440e+001 -6.2772490e+001
  8.2995160e+001 -6.8192300e+000 -1.8492260e+001 -9.9616700e+000 -3.2939660e+001
  1.1097088e+002 -1.7060250e+001 -4.7852810e+001 -1.6915330e+001 -5.3007800e+001
  3.1218635e+002 -5.1402720e+001 -5.0037910e+001 -7.2672450e+001  1.4805800e+001
  2.4121242e+002 -1.6150300e+001 -2.7221170e+001 -9.0919830e+001  4.5315430e+001
  1.3627340e+002 -3.2296250e+001 -2.2317450e+001 -3.4808650e+001  1.1918600e+001
  8.1785400e+001 -5.5198500e+000 -1.9757750e+001 -2.5662770e+001  5.7848400e+000
  5.4217010e+001  1.4655480e+001 -8.2430000e-001 -2.8797670e+001  1.8811310e+001
  4.5889490e+001  2.5019760e+001 -7.5415000e-001 -2.0339990e+001  1.1602130e+001
  4.9310690e+001  2.2304370e+001  5.1452800e+000 -2.7701230e+001  2.3541990e+001
  4.4359890e+001  2.3856970e+001  7.8460200e+000 -2.0454970e+001  1.4461010e+001
  4.3481300e+001  2.4931750e+001 -2.2120750e+001 -2.3100700e+001  9.2828000e+000
  3.0468010e+001  8.8669000e+000 -3.9587100e+000 -4.9133400e+000  7.0887000e-001
  3.2437380e+001  1.5076550e+001 -1.8930300e+000 -7.0510200e+000  8.6122000e-001
  4.0265960e+001  1.5989590e+001  1.2138000e+000 -5.2406000e+000 -4.8970000e-001
  2.6622340e+001  1.5347130e+001 -3.8707200e+000  2.1587500e+000 -2.8652700e+000
  3.8985160e+001  1.7738340e+001  2.6064700e+000  2.6587900e+000 -2.1116000e+000
  2.9854300e+001  1.0449080e+001  1.1760000e+000 -2.7517000e-001 -9.5665000e-001
  6.9115120e+001  3.8927660e+001  3.1722000e-001 -3.6454500e+000 -2.2731900e+000
  4.9290700e+001  3.6859540e+001 -1.4531540e+001  2.1420400e+000 -1.0470320e+001
  2.4726100e+001  2.1431640e+001 -6.7986200e+000  1.6104600e+000 -8.0272400e+000
  4.1605280e+001  9.6474400e+000 -4.9666000e-001  2.2438900e+000 -7.0595000e+000
  3.3473780e+001  6.8263000e+000 -4.4880000e-001  1.0860700e+000 -3.1015300e+000
  1.0187253e+002  3.7628700e+000  2.6675400e+000  6.8315200e+000 -4.6837000e-001
  1.0949954e+002  1.7951800e+001 -8.5830200e+000  1.4261400e+000 -1.1113740e+001
  1.5691137e+002  1.9778350e+001 -1.1375780e+001  1.4233100e+001 -2.3972080e+001
  7.6302620e+001  9.1069200e+000 -7.9201600e+000  4.8158200e+000 -4.6690200e+000
  2.9326508e+002 -3.6643640e+001  1.2026356e+002 -3.9968450e+001 -6.0588660e+001
  1.3880912e+003 -6.8011400e+000  1.5484389e+002 -6.2632800e+001 -1.0751068e+002
  5.6683490e+002  6.3391910e+001  2.5051909e+002 -9.4215610e+001 -4.3261390e+001
  2.8569030e+002  9.7615430e+001  1.4999517e+002 -2.6150210e+001 -2.6214660e+001
  1.2312846e+002  3.7501300e+001  7.6076740e+001 -1.8353600e+001  1.5191880e+001
  1.0840560e+002  3.8328600e+001  5.6994500e+001 -1.1518800e+001  1.2572200e+001
  7.7980700e+001  1.5805100e+001  3.2436100e+001 -4.8180000e+000  9.0122000e+000
  2.3728817e+002  7.1927420e+001  9.5434320e+001 -3.5454550e+001  2.8867630e+001
  1.1888946e+002  4.8687800e+001  2.1327190e+001 -3.0394740e+001  3.1888840e+001
  5.2531610e+001  1.6984980e+001  6.5922300e+000 -1.3027770e+001  1.1863470e+001
  6.0506900e+001  2.4895330e+001  3.9089200e+000 -1.9310410e+001  1.2910640e+001
  6.5276200e+001  2.8816300e+001 -2.3682000e+000 -1.7645600e+001  1.3056900e+001
  3.9894780e+002  9.6219200e+001  6.9833000e+000 -7.3597700e+001 -5.2686000e+000
  2.7965310e+002  1.1058800e+002  1.7181900e+001 -5.8823300e+001 -1.9257400e+001
  4.5791400e+001  1.9623200e+001  1.8686000e+000 -1.2841900e+001 -4.7397000e+000
  9.9399300e+001  2.3255100e+001 -9.3300000e+000 -1.4861300e+001 -1.2898000e+001
  5.3030900e+001  1.3340100e+001  3.1676000e+000  3.4200000e-001 -1.1760500e+001
  4.6979580e+001  5.1164800e+000  5.2161700e+000  2.8146100e+000 -4.9782700e+000
  3.3852900e+001  4.5887000e+000  6.4154000e+000 -5.7735000e+000  3.4510000e-001
  6.1318300e+001  2.0135300e+001  1.1981500e+001 -7.9135000e+000  6.2000000e-003
  2.6644800e+001  7.3745000e+000  1.7665000e+000 -5.8942000e+000  4.1940000e-001
  3.0570000e+001  9.1224000e+000 -2.4153000e+000 -5.1845000e+000 -4.2538000e+000
  4.2296100e+001  9.9945000e+000 -2.8554000e+000 -4.3653000e+000 -2.9090000e+000
  2.8277800e+001  1.5260000e+001 -6.6101000e+000 -5.8336000e+000 -5.1323000e+000
  2.4073200e+001  5.9885000e+000 -3.2052000e+000 -3.2360000e+000 -3.1667000e+000
  6.5793500e+001  1.6337000e+001  2.8577000e+000 -1.1252800e+001 -2.4249000e+000
