  7.5278700e+000 -8.7373000e-001  1.7785200e+000  3.9427000e-001 -1.4414000e+000
  2.8386320e+001 -2.3834100e+000  3.0691000e+000 -6.5762000e-001 -5.3110600e+000
  3.8624200e+000  1.1863700e+000  2.1971000e+000 -6.5993000e-001  3.6047000e-001
  5.5612200e+000  9.9104000e-001  2.7603400e+000 -4.6123000e-001 -4.7357000e-001
  6.7871200e+000 -2.3122000e-001  1.8622200e+000  1.1259400e+000 -1.6728200e+000
  5.2189700e+000  1.4469400e+000  2.8938000e+000 -1.2388500e+000  1.4160000e-002
  6.8355600e+000  7.1828000e-001  8.1132000e-001 -6.4448000e-001 -3.6254000e-001
  3.5571960e+001  1.7411610e+001 -3.6437000e-001  2.0887800e+000 -7.0251600e+000
  9.4418000e+000  2.5027000e+000  4.9400000e-002  1.4632500e+000 -1.8418000e+000
  5.9182700e+000  5.9474800e+000  2.9320700e+000 -6.6260000e-002  5.5007000e-001
  1.8782410e+001  9.7904300e+000  7.2774300e+000 -3.3354800e+000 -2.0693600e+000
  3.2711450e+001  1.8546030e+001  5.8608000e+000 -2.3756100e+000 -3.9668800e+000
  6.0976220e+001  4.2524400e+000 -1.7189700e+001  1.0691300e+001 -2.3784720e+001
  2.3740280e+001  5.3834200e+000 -6.3239800e+000  7.7319800e+000 -1.2350180e+001
  1.2864600e+001  5.7954900e+000  3.7042800e+000 -3.8564000e-001 -6.0539000e-001
  2.0001040e+001  7.9925200e+000 -4.7238100e+000  1.7275900e+000 -9.5200000e+000
  1.1835980e+001  4.6122200e+000  2.0335000e+000 -1.6374000e-001 -1.9204800e+000
  2.1281770e+001  6.5620800e+000 -4.6854500e+000  3.4883200e+000 -8.2663600e+000
  2.4724100e+001  1.7291080e+001 -5.1961600e+000  8.8308000e-001 -9.9500400e+000
  2.3527410e+001  6.0380900e+000 -2.6040700e+000  3.9662300e+000 -7.4730000e+000
  1.6191370e+001  7.4032400e+000 -8.2750600e+000 -3.4820000e-001 -3.0913300e+000
  6.8223400e+000  2.2884200e+000 -1.0704200e+000 -8.8730000e-001 -2.4540000e+000
  1.9403430e+001  1.1144990e+001 -3.6171800e+000 -2.5968000e+000 -1.9185000e+000
  1.8074410e+001  6.1847100e+000 -3.5005400e+000 -3.6356900e+000 -2.2913000e-001
  4.0710940e+001  9.6426200e+000 -1.9021000e+001 -3.8858700e+000 -1.5676620e+001
  2.6455220e+001  1.0891140e+001 -5.8425500e+000 -4.1652300e+000 -5.3302500e+000
  2.9043060e+001  3.1790500e+000 -3.5788700e+000 -3.1992200e+000 -6.3020300e+000
  1.1931864e+002  3.4215250e+001 -6.8894650e+001  6.1191600e+000 -5.5897900e+001
  4.1775550e+001  9.6042100e+000 -1.4765250e+001  2.1378900e+000 -1.8718550e+001
  2.4485170e+001  6.3996400e+000 -3.5965600e+000 -1.2815300e+000 -8.0994900e+000
  1.9451230e+001  1.2605990e+001 -1.8977100e+000 -2.9396400e+000 -5.4129400e+000
  1.3926940e+001  5.5724600e+000 -1.6605000e-001 -3.4083200e+000 -1.5097000e+000
  4.4242990e+001  8.4386600e+000  8.2403600e+000 -5.1587800e+000  7.3922300e+000
  3.6998350e+001  9.9863200e+000 -1.1769700e+000 -2.6722100e+000 -2.3405200e+000
  1.4983480e+001  3.0680000e+000 -1.8869000e+000  2.4324000e-001  1.8806000e-001
  1.3160110e+001  3.2503500e+000 -9.3569000e-001 -1.5755900e+000  3.1019000e-001
  1.1379550e+001  8.8024000e-001 -5.7376000e+000  1.0540000e-002 -1.1139300e+000
  1.2370740e+001  4.7620000e-001 -6.4662000e-001 -1.2781900e+000  2.6700800e+000
  3.3551390e+001  3.5027700e+000 -9.8302200e+000  1.3750600e+000  2.2931700e+000
  5.5007140e+001  7.4572800e+000 -1.8444610e+001  1.1270600e+000  2.9050100e+000
  3.0165080e+001  4.9024800e+000 -1.0503120e+001  1.2363200e+000 -5.5424800e+000
  1.0194154e+002  1.6684000e+001 -2.0622640e+001  7.7194000e+000 -3.1172000e-001
  4.7852800e+001  8.0181000e+000 -2.6258600e+000 -1.2319900e+000  3.2995200e+000
  3.4531440e+001 -5.8735400e+000 -4.4656800e+000 -2.8186000e+000 -3.0597400e+000
  1.2403139e+002 -2.7783630e+001 -1.9623580e+001  6.4165300e+000 -2.8342290e+001
  7.7062280e+001 -2.2175920e+001 -1.6140910e+001  1.1003250e+001 -1.4684840e+001
  7.3011750e+001  1.2264180e+001  1.2724100e+001 -2.1285400e+000 -6.1187800e+000
  4.3481640e+001 -9.6193300e+000 -2.1708900e+000  4.3086500e+000 -5.5276600e+000
  3.8956540e+001 -2.8212200e+000  2.1007400e+000  1.2867400e+000  1.3183300e+000
  2.7960380e+001 -3.6135800e+000  4.7649000e+000 -2.3724000e-001  3.2123400e+000
  4.0459260e+001  7.0004500e+000  1.7519300e+001 -2.2716800e+000  7.0763500e+000
  2.7585470e+001 -2.4081400e+000  7.8657200e+000  8.8237000e-001  2.0060300e+000
  1.3592540e+001 -3.8545800e+000  5.0805000e-001 -9.2711000e-001  2.3780300e+000
  2.2674170e+001 -7.5542000e-001  2.3605100e+000 -2.5515500e+000  4.4790100e+000
  1.3299770e+001 -2.5566200e+000 -1.1847000e+000  1.1500600e+000 -3.1176000e-001
  9.1198800e+000 -1.6995000e+000 -1.2535600e+000  4.8802000e-001  5.7916000e-001
  1.1004600e+001 -1.8617000e+000 -1.6495500e+000 -9.1768000e-001  1.3818800e+000
  2.1631530e+001 -1.7647400e+000 -5.2630900e+000  2.5704100e+000  1.0720000e-002
  1.7019880e+001 -5.2399400e+000 -5.6820000e+000  2.9433300e+000  2.0330000e-002
  1.8331580e+001 -1.0543800e+000 -5.7967900e+000  3.9123700e+000 -1.2674800e+000
  4.3812790e+001  3.4529160e+001 -5.4155600e+000  3.3638500e+000 -6.3158400e+000
  5.6572370e+001  1.0344240e+001 -1.6434080e+001  1.2337980e+001 -7.8368600e+000
  1.2032880e+001  1.3887500e+000 -2.0761600e+000  1.7012300e+000 -4.7777000e-001
  1.7639900e+001  3.2769000e-001 -2.3380800e+000  3.1351100e+000 -1.9195800e+000
  1.3278610e+001  4.3872000e-001 -2.3958100e+000  2.6465800e+000 -3.1987600e+000
  4.7770020e+001  2.1587790e+001 -2.0967900e+000 -1.7536900e+000 -5.4466700e+000
  6.8706290e+001  3.5640810e+001 -1.0870210e+001 -1.1531040e+001 -5.9493600e+000
  2.4353450e+001 -1.9843300e+000 -2.8488700e+000  3.2536000e-001 -1.6551200e+000
  3.7192260e+001  2.2327400e+000 -1.7269020e+001  9.3914200e+000 -8.9560800e+000
  3.2363680e+001  4.9680000e-002 -1.2496150e+001  2.5877700e+000 -5.7134900e+000
  2.4715580e+001  5.5581600e+000 -4.8347100e+000 -2.3511300e+000 -4.2144000e-001
  1.8832060e+001 -2.1752800e+000 -3.6984300e+000  1.7093800e+000 -1.7564900e+000
  3.6537640e+001  8.1749900e+000 -2.0464790e+001  1.9857900e+000 -1.0167920e+001
  2.4938930e+001 -5.4762400e+000 -1.1717760e+001  2.1917000e+000 -6.1629800e+000
  3.1252180e+001 -1.0143400e+000 -2.7943080e+001  6.8058200e+000 -1.4208640e+001
  2.4046350e+001 -4.7083200e+000 -1.3621070e+001  5.2489700e+000 -7.1650300e+000
  4.5168800e+001 -8.2216800e+000 -1.5233040e+001  1.6512900e+000 -6.5475500e+000
  7.6348150e+001 -1.1350300e+001 -2.6647050e+001  3.9071400e+000 -1.0471020e+001
  2.6176550e+001 -3.7095700e+000 -5.4650400e+000 -1.7976300e+000 -1.3253300e+000
  2.6485040e+001  3.8758800e+000 -8.2766600e+000 -2.2869800e+000 -1.3526200e+000
  2.9791460e+001 -2.5598000e+000 -1.3875300e+001 -3.9332700e+000 -1.9606300e+000
  1.2217740e+001 -1.9602700e+000 -5.7496700e+000 -2.0518600e+000 -5.2957000e-001
  2.9708000e+001 -6.1937700e+000 -1.6696110e+001 -3.0929400e+000 -4.0044500e+000
  2.3830640e+001 -5.6096000e+000 -7.7253100e+000 -1.7474500e+000 -2.0395700e+000
  2.3304660e+001 -1.9787900e+000 -1.3544480e+001 -3.3012300e+000 -7.9263400e+000
  1.5431800e+001 -5.7142000e+000 -7.1171400e+000 -1.3548900e+000 -5.7215400e+000
  1.4968000e+001 -1.1963300e+000 -9.2782400e+000 -2.5013200e+000 -5.1050900e+000
  8.8077400e+000 -3.2326600e+000 -3.3371200e+000 -8.6660000e-002 -1.2900600e+000
  1.2361270e+001 -1.0508000e-001 -3.5524300e+000 -1.3989300e+000 -2.5889700e+000
  1.2790170e+001 -4.5266800e+000 -1.6930600e+000  6.6396000e-001 -1.6330500e+000
  2.4727900e+001 -7.8333600e+000  9.5377000e-001 -1.1291100e+000  6.9102000e-001
  2.6779850e+001 -9.6102300e+000 -5.3806100e+000 -1.5170900e+000 -1.3399400e+000
  5.2786950e+001 -6.6603600e+000 -1.7687210e+001  2.6816500e+000 -8.8411700e+000
  2.2105830e+001 -8.2743200e+000 -2.5436900e+000 -8.1668000e-001  2.7207800e+000
  3.1639260e+001 -5.3736800e+000 -9.0914400e+000 -1.2605700e+000 -2.2072700e+000
  3.2454680e+001 -1.4081730e+001  6.6710000e-001 -3.5166000e-001  3.0680000e-001
  2.8456480e+001 -1.0394980e+001 -3.7837700e+000  4.5500800e+000 -1.2854800e+000
  7.0281525e+002 -6.1634370e+001 -1.4253830e+002 -2.7732840e+001 -5.9108800e+001
  7.1137160e+001 -2.3833670e+001 -1.4977570e+001  5.5387500e+000 -1.4614300e+000
  3.7503840e+001 -1.3688220e+001 -4.8364800e+000  1.5892700e+000 -3.2408400e+000
  2.1766530e+001 -1.0560930e+001 -4.6244600e+000  2.2024500e+000 -3.2038400e+000
  1.9149940e+001 -5.9932500e+000 -6.1620000e+000  1.9278500e+000 -3.6508300e+000
  1.9866200e+001 -5.5175000e+000 -3.6678000e+000  4.7274000e-001 -3.3110600e+000
  1.4207840e+001 -4.2627200e+000 -3.9800800e+000  6.6486000e-001 -2.1345200e+000
  1.2603760e+001 -5.6527300e+000 -1.8507200e+000  2.1036900e+000 -6.1740000e-001
  5.7468720e+001 -2.1294970e+001 -1.1459930e+001  6.6648400e+000 -6.4831500e+000
  3.2546320e+001 -7.8645100e+000 -8.3990300e+000  5.6156500e+000 -5.5547700e+000
  1.8665620e+001 -6.8968100e+000 -4.1438200e+000  1.4467000e+000 -2.2672300e+000
  9.9801900e+001  7.7481200e+000 -4.5462890e+001  2.4632490e+001 -4.0323850e+001
  4.7663390e+001 -4.7952400e+000 -1.5619530e+001  7.7030400e+000 -1.9546610e+001
  6.5351850e+001  3.5452600e+000 -1.6085680e+001  1.2194110e+001 -1.7085230e+001
  2.5678330e+001 -8.6451000e-001 -2.5830000e+000  1.7871400e+000 -3.6726600e+000
  2.7107790e+001  1.1560000e-001 -3.0875000e+000  8.6702000e-001 -5.2290600e+000
  5.4582480e+001 -3.5028800e+000 -5.0840800e+000 -1.9110800e+000 -7.9062600e+000
  1.6587950e+001  7.0441000e+000  4.5061000e+000  7.8315000e-001  6.0675000e-001
  2.9603580e+001  9.3076900e+000 -9.7996200e+000  2.1572500e+000 -3.9109600e+000
  1.7935440e+001 -9.3740000e-002 -5.1495800e+000 -7.4454000e-001 -1.0834800e+000
  1.5786920e+001  2.3851100e+000 -4.4407600e+000 -5.6124000e-001 -1.6192700e+000
  1.9942650e+001  1.0592300e+000 -3.5770000e-002  2.2115000e-001 -9.1332000e-001
  1.9035680e+001 -1.3714400e+000 -2.9586500e+000  5.3679000e+000 -5.3521000e+000
  1.1579310e+001  8.3237000e-001 -7.6405000e+000  1.1386800e+000 -5.3769000e+000
  7.7746000e+000  4.8770300e+000 -2.8178400e+000 -1.4459400e+000 -3.9379100e+000
  1.9157320e+001  4.0099600e+000 -5.0287200e+000 -1.5256700e+000 -4.4172500e+000
  2.3464520e+001  6.2197000e+000 -8.2081900e+000 -2.1519000e+000 -6.7724800e+000
  9.2796300e+000 -1.5609500e+000 -8.6739000e-001 -6.6198000e-001 -2.7157200e+000
  1.6677750e+001  3.7608400e+000 -5.5076300e+000  4.2450000e-002 -4.3787300e+000
  8.3603600e+000 -4.3949000e-001  7.1016000e-001 -7.6894000e-001 -1.1088300e+000
  9.3275300e+000 -3.2917400e+000  1.5063700e+000 -1.8535700e+000 -1.2586000e+000
  9.5935000e+000  2.0305000e+000 -3.4718300e+000 -8.8001000e-001 -3.3282700e+000
  7.7866900e+000  5.1877900e+000 -2.5950700e+000 -2.4067900e+000 -3.4081800e+000
  2.2126590e+001 -7.0217500e+000 -5.2585300e+000  1.9652900e+000 -1.8648100e+000
  1.4778150e+001  2.0671700e+000 -2.9752000e+000 -1.6744900e+000 -2.2740300e+000
  2.8304570e+001  9.9857100e+000 -1.9764310e+001 -4.7724500e+000 -1.4515880e+001
  1.0468800e+001  6.2322000e-001 -4.7912800e+000  3.7396000e-001 -2.8352800e+000
  1.8911180e+001 -7.7585400e+000 -7.1678100e+000  2.5188700e+000 -3.8933400e+000
  2.1023310e+001 -2.0983800e+000 -8.9157600e+000  4.6127900e+000 -3.2633000e+000
  2.1433450e+001 -9.2906400e+000 -3.5721100e+000  1.1658600e+000 -4.9049700e+000
  7.0395820e+001 -6.2255800e+000 -2.3687480e+001 -1.9970100e+000 -1.6516500e+001
  2.0344450e+001 -9.0153000e-001 -5.5726900e+000  1.0196700e+000 -6.4906900e+000
  2.5965050e+001  7.4470300e+000 -8.2395700e+000 -2.6702400e+000 -4.4083100e+000
  1.3046096e+002  1.0082280e+001 -4.5411940e+001 -3.2443400e+000 -4.5536600e+001
  9.0262360e+001  4.1227960e+001 -4.5170090e+001 -9.1829800e+000 -5.0926430e+001
  3.0723570e+001 -5.5889800e+000 -1.1888630e+001  2.1868600e+000 -8.7698100e+000
  1.2362430e+001  7.6830000e-001  1.2136120e+001  1.0187190e+001  5.5685100e+000
  3.3267040e+001 -8.0431800e+000 -1.0180560e+001 -1.6623000e+000 -6.4285400e+000
  1.8770650e+001 -1.1271910e+001  4.0771700e+000 -1.2286800e+000  2.5502500e+000
  5.1887050e+001 -3.5608760e+001  9.0560400e+000  2.2281640e+001  8.8352800e+000
  7.0509520e+001  4.5535000e-001 -2.3706890e+001 -1.9054870e+001 -1.4513150e+001
  1.4747590e+001  1.0323010e+001  1.3868410e+001  2.0820000e-001  5.1850000e-002
  8.5095730e+001  8.3812400e+000 -6.5557360e+001 -5.2013780e+001 -4.6530580e+001
  7.7262910e+001  4.6216300e+000 -4.4705190e+001 -1.4105530e+001 -2.1283560e+001
  7.4923320e+001  1.0899640e+001 -4.5903880e+001 -2.3209040e+001 -2.2216800e+001
  1.5666992e+002  2.6371470e+001 -1.0178090e+001 -2.3198070e+001 -3.7701490e+001
  1.0247821e+002  1.4547070e+001 -3.3495710e+001 -3.4622140e+001 -4.3666190e+001
  5.9618560e+001  5.8262700e+000 -1.1677860e+001 -4.2431700e+000 -1.7121260e+001
  7.1175580e+001  4.6052500e+000 -1.9210610e+001 -1.0352730e+001 -2.4971200e+001
  3.0716195e+002 -4.3567920e+001 -3.0021710e+001 -6.0073950e+001  1.5507100e+001
  1.9457792e+002 -1.0958000e+001 -1.8786970e+001 -6.8038530e+001  2.6756030e+001
  1.1668660e+002 -2.3546350e+001 -1.7590750e+001 -2.4056250e+001  8.1926000e+000
  7.4830100e+001  1.7833500e+000 -1.5177650e+001 -2.0637370e+001  3.1127400e+000
  3.8170210e+001  6.9745800e+000  1.8885000e+000 -1.5251370e+001  1.0712710e+001
  4.4207890e+001  2.1495360e+001 -3.0119500e+000 -1.2958490e+001  5.3561300e+000
  4.0259390e+001  2.7319470e+001  7.7369800e+000 -2.2351330e+001  2.1885290e+001
  3.5203990e+001  2.2165770e+001  7.3831200e+000 -1.1842170e+001  8.4427100e+000
  3.4311500e+001  2.1318050e+001 -1.6117250e+001 -1.6395200e+001  6.6478000e+000
  3.0778010e+001  1.2839700e+001 -4.4515100e+000 -6.8617400e+000  8.3817000e-001
  3.2159980e+001  1.8194150e+001 -1.7683300e+000 -5.9153200e+000  1.4190200e+000
  3.8275460e+001  1.5712190e+001 -1.4261000e+000 -3.2834000e+000 -9.8340000e-001
  2.0719640e+001  8.6576300e+000 -2.3461200e+000  3.8707500e+000 -2.2236700e+000
  2.5953860e+001  1.0039940e+001 -4.2413000e-001  1.3546900e+000 -1.7690000e-001
  1.3740900e+001 -5.0162000e-001 -1.0895000e+000 -7.6870000e-002  1.2884500e+000
  2.3086820e+001  7.3885600e+000 -1.6620800e+000 -4.4085000e-001 -3.2339000e-001
  3.8083700e+001  2.4876640e+001 -1.3258040e+001  8.7324000e-001 -1.7827200e+000
  2.0246300e+001  1.1987540e+001 -3.6926200e+000  5.5706000e-001 -3.6207400e+000
  3.6468080e+001  1.0791740e+001 -7.4296000e-001  2.6536900e+000 -5.1572000e+000
  3.3263580e+001  9.3436000e+000 -1.2203000e+000  2.8288700e+000 -3.0437300e+000
  7.8536430e+001  1.0520370e+001  8.4802400e+000  9.0440200e+000  1.3918300e+000
  8.0311440e+001  2.0677700e+001  5.0659800e+000  5.5258400e+000  1.1661600e+000
  1.5095307e+002  3.2505350e+001  8.0520200e+000  1.9280000e+001 -1.2450180e+001
  8.2650420e+001  9.2273200e+000 -9.9400600e+000 -6.6004800e+000  4.6558800e+000
  2.8917548e+002  4.0363060e+001  2.2283566e+002 -5.7757150e+001 -1.9998600e+000
  1.0728104e+003  1.3163786e+002  2.3168259e+002 -9.0080000e+001 -9.8102580e+001
  6.4379810e+002  1.3728231e+002  3.1309389e+002 -8.8937010e+001 -1.9858690e+001
  3.5874800e+002  1.5247683e+002  1.8382357e+002 -2.6775310e+001 -2.2583560e+001
  1.4303286e+002  5.1022400e+001  9.9701840e+001 -3.1978400e+001  2.4632480e+001
  1.2644370e+002  6.0492700e+001  7.5339700e+001 -2.1569300e+001  2.0313900e+001
  6.6568100e+001  1.6068100e+001  3.0517800e+001 -4.7877000e+000  9.4047000e+000
  2.3543307e+002  8.2883320e+001  9.2240820e+001 -3.0491450e+001  3.1137330e+001
  1.5168506e+002  7.5561800e+001  3.0641390e+001 -4.1165640e+001  4.3506140e+001
  4.4436010e+001  1.7069280e+001  4.3985300e+000 -9.2476700e+000  8.9524700e+000
  5.2754400e+001  2.3713830e+001  5.4709200e+000 -1.1989110e+001  1.2549640e+001
  5.5605300e+001  2.1174100e+001 -4.5166000e+000 -6.6064000e+000  8.6100000e+000
  3.8813430e+002  9.8717000e+001  4.3472000e+000 -6.6280600e+001 -2.5013000e+000
  2.5889300e+002  1.1023090e+002  2.7668500e+001 -5.7316700e+001 -1.1329800e+001
  4.0720300e+001  2.0607100e+001  1.9907000e+000 -1.2764500e+001 -3.0040000e-001
  9.7379800e+001  3.0385500e+001 -1.2478200e+001 -1.1015100e+001 -6.4451000e+000
  4.6584200e+001  1.1732700e+001  1.3770000e-001 -1.9342000e+000 -7.9891000e+000
  3.8159780e+001  7.3754800e+000  8.8037000e-001  1.9712100e+000 -2.1223700e+000
  3.6247800e+001  8.0302000e+000  7.0260000e+000 -6.9703000e+000  2.8637000e+000
  7.5100600e+001  2.2950700e+001  1.3204300e+001 -1.3624500e+001  4.9303000e+000
  3.0205800e+001  1.0304700e+001 -3.5611000e+000 -4.8368000e+000 -7.1850000e-001
  3.8457100e+001  1.0591700e+001 -7.6876000e+000 -4.1407000e+000 -4.5135000e+000
  4.5635700e+001  1.3706800e+001 -8.8316000e+000 -7.6847000e+000 -5.5391000e+000
  3.2226100e+001  1.8816400e+001 -1.0068400e+001 -5.3933000e+000 -7.1903000e+000
  2.6951900e+001  1.2265700e+001 -8.3532000e+000 -4.8458000e+000 -4.7408000e+000
  5.7185400e+001  3.0142000e+000 -9.1934000e+000 -3.8012000e+000 -5.6949000e+000
