  7.3095700e+000 -1.9986300e+000  2.6260200e+000  7.2017000e-001  3.7150000e-001
  1.5043520e+001 -7.5861000e-001  5.0540000e-001  6.1880000e-002 -4.8026600e+000
  2.2292200e+000 -9.8630000e-002  3.7570000e+000 -3.0336300e+000  1.3237700e+000
  9.5470200e+000 -1.0035600e+000  1.4112400e+000  1.0435700e+000 -1.4475700e+000
  5.4872200e+000 -1.8622000e-001 -5.3288000e-001  1.4197400e+000 -1.5951200e+000
  7.8977700e+000  4.9694000e-001  4.4220000e-001 -4.0865000e-001 -3.0754000e-001
  5.3778600e+000  8.4148000e-001 -8.6880000e-002  7.9442000e-001 -1.2251400e+000
  2.4901660e+001  1.3007010e+001 -1.4753700e+000  1.0582800e+000 -3.7305600e+000
  9.8010000e+000  2.8246000e+000 -6.8510000e-001  1.2733500e+000 -1.9770000e+000
  3.6084700e+000  5.6288800e+000  3.9218700e+000  2.8874000e-001  7.1117000e-001
  1.7074010e+001  9.7550300e+000  5.8284300e+000 -3.6632800e+000 -3.4420600e+000
  3.7554450e+001  2.3048030e+001  6.8848000e+000 -1.5014100e+000 -2.8572800e+000
  5.2404820e+001  8.5267400e+000 -1.6046700e+001  1.0309300e+001 -2.0023420e+001
  2.8896180e+001  4.3324200e+000 -1.1608380e+001  7.9964800e+000 -1.7095380e+001
  1.6678600e+001  1.0278090e+001  2.9017800e+000  3.4015600e+000 -5.7356900e+000
  2.7170440e+001  1.6853120e+001 -5.5650100e+000  1.8051900e+000 -1.6447000e+001
  1.0746680e+001  3.0290200e+000  1.2932000e+000  1.5076000e-001 -1.3228000e-001
  3.1731470e+001  1.6880380e+001 -1.0736050e+001  6.1019200e+000 -1.4655160e+001
  5.5551200e+001  2.7524280e+001 -1.8353060e+001  7.0564800e+000 -2.9828840e+001
  3.2689110e+001  7.0312900e+000 -3.1491700e+000  5.4896300e+000 -9.7116000e+000
  2.3552170e+001  8.4800400e+000 -1.3829260e+001  1.4060000e+000 -7.7329300e+000
  1.1699240e+001  3.9080200e+000 -3.8902000e-001 -2.0048000e+000 -1.5626000e+000
  2.4526430e+001  1.1857890e+001 -7.4892800e+000 -1.9713000e+000 -2.4539000e+000
  2.9576010e+001  8.5416100e+000 -6.1007400e+000 -4.2382900e+000 -3.8957300e+000
  6.6219340e+001  1.7536220e+001 -3.5311000e+001 -4.3206700e+000 -2.9719620e+001
  3.7394920e+001  1.1541640e+001 -1.3560550e+001 -4.9274300e+000 -1.3730450e+001
  3.8921160e+001  3.4889500e+000 -1.4393770e+001 -9.4352000e-001 -1.6133830e+001
  1.8825074e+002  5.4744150e+001 -1.1777855e+002  1.0857460e+001 -9.8897300e+001
  6.8326450e+001  1.5970910e+001 -2.6915650e+001  1.9721900e+000 -3.4373050e+001
  3.1902670e+001  9.8495400e+000 -9.7407600e+000 -8.1113000e-001 -1.4135490e+001
  1.8679030e+001  1.1735390e+001 -4.0012100e+000 -2.0096400e+000 -5.1767400e+000
  2.1303040e+001  7.3199600e+000 -3.3264500e+000 -3.3525200e+000 -4.4580000e+000
  4.3901890e+001  7.3362600e+000  6.8327600e+000 -4.8016800e+000  2.5808300e+000
  3.7884550e+001  8.7075200e+000 -2.2796700e+000 -1.5066100e+000 -5.9960200e+000
  1.4130280e+001  4.6896000e+000 -7.7520000e-001 -1.6802600e+000 -1.5204000e-001
  1.5309910e+001  2.9902500e+000 -1.4220900e+000 -1.8590000e-002 -1.1750100e+000
  1.4223350e+001  1.1714000e-001 -5.7464000e+000  3.5464000e-001 -2.0487300e+000
  1.3800540e+001  8.0400000e-001 -2.7011200e+000  7.9211000e-001 -8.0722000e-001
  3.2702990e+001  3.0391700e+000 -1.0974020e+001  2.2356600e+000  7.4857000e-001
  6.3951440e+001  1.4310580e+001 -2.2393110e+001 -4.5494000e-001  3.6492100e+000
  4.0917680e+001  8.5100800e+000 -1.6875920e+001  3.5543200e+000 -8.7869800e+000
  1.1803574e+002  1.3240600e+001 -2.7279240e+001  7.6706000e+000 -3.2263200e+000
  5.9369100e+001 -5.6791000e+000 -1.0408660e+001  1.8187100e+000 -1.2435800e+000
  5.9455840e+001 -1.0535240e+001 -8.1372800e+000 -4.8403000e+000 -7.2966400e+000
  1.6994759e+002 -3.8524230e+001 -2.9282080e+001  8.3742300e+000 -3.6065890e+001
  1.5597428e+002 -4.7365520e+001 -3.9363310e+001  1.2691950e+001 -3.1498840e+001
  8.8867350e+001  4.0707800e+000  2.4318000e+000  6.7046600e+000 -1.3473180e+001
  4.3161440e+001 -8.7978300e+000 -1.0541900e+000  2.2080500e+000 -3.3742600e+000
  6.2583140e+001 -7.0830200e+000  4.1635400e+000 -4.0976000e-001 -1.6570000e-002
  3.8517580e+001 -8.7937800e+000  2.3455000e+000  2.1026600e+000  2.0547400e+000
  4.2370060e+001  1.4371500e+000  1.5788500e+001 -1.5508800e+000  4.5321500e+000
  2.3095570e+001 -1.6141400e+000  6.1900200e+000 -2.1523000e-001  2.5365300e+000
  1.5536340e+001 -2.7591800e+000  3.7225000e-001 -9.3961000e-001  2.3697300e+000
  2.8186370e+001 -2.5851200e+000 -6.4529000e-001 -3.4505000e-001  3.1207100e+000
  1.3448770e+001 -2.2820200e+000 -1.2676000e+000  8.4726000e-001 -2.2486000e-001
  1.3258580e+001 -4.6960000e-001 -2.1848600e+000  1.3094200e+000 -5.9284000e-001
  1.4311100e+001 -2.6164000e+000 -3.4622500e+000  1.0700200e+000  9.9358000e-001
  2.7823830e+001 -2.8920400e+000 -8.2079900e+000  4.2684100e+000 -2.9728000e-001
  2.3094580e+001 -5.1744400e+000 -7.7238000e+000  4.3342300e+000  4.6073000e-001
  2.2979180e+001  5.1602000e-001 -6.5260900e+000  4.4688700e+000 -1.7997800e+000
  5.1584790e+001  3.1606460e+001 -9.3456600e+000  5.0833500e+000 -9.5091400e+000
  6.1659470e+001  1.2210140e+001 -1.9896680e+001  1.4301180e+001 -9.1581600e+000
  1.3680980e+001  1.9610500e+000 -3.0964600e+000  2.1431300e+000 -1.3622700e+000
  1.9251400e+001  1.8798900e+000 -2.1768800e+000  2.6446100e+000 -3.0180800e+000
  1.8897810e+001  3.4772000e-001 -3.7650100e+000  4.1095800e+000 -2.8390600e+000
  6.0705020e+001  2.4896790e+001 -4.4478900e+000 -1.0160900e+000 -7.0118700e+000
  8.8333790e+001  4.4515710e+001 -1.4152110e+001 -1.4637740e+001 -7.1807600e+000
  3.5513450e+001 -2.0737300e+000 -6.2710700e+000  1.3597600e+000 -4.4601200e+000
  5.3306860e+001 -6.7960000e-002 -2.7368320e+001  1.3490520e+001 -1.4922580e+001
  5.6799980e+001 -8.8742000e-001 -2.7774650e+001  5.8860700e+000 -1.5682890e+001
  3.3139980e+001  1.6220600e+000 -1.6905310e+001  2.8803700e+000 -8.4575400e+000
  2.2033060e+001  7.9382000e-001 -6.9189300e+000  9.9980000e-002 -2.9169900e+000
  5.9069940e+001  1.1064290e+001 -3.6652490e+001  4.0892900e+000 -1.9090920e+001
  3.2131030e+001 -5.8278400e+000 -1.6463260e+001  3.0405000e+000 -9.1604800e+000
  5.0006180e+001 -2.6225400e+000 -4.4457280e+001  1.2593220e+001 -2.3288840e+001
  2.4071050e+001 -3.8450200e+000 -1.2683670e+001  4.6041700e+000 -7.9060300e+000
  5.7976200e+001 -1.1830980e+001 -1.9525440e+001  1.7089900e+000 -1.0743450e+001
  9.8787750e+001 -1.8227900e+001 -3.2283650e+001  7.7774400e+000 -1.3817220e+001
  5.0376450e+001 -8.8678700e+000 -1.6078940e+001  3.7437000e-001 -7.1478300e+000
  3.3144240e+001  3.4699800e+000 -1.0199060e+001 -3.5985800e+000 -2.8248200e+000
  4.0931260e+001 -7.2958000e+000 -2.1287800e+001 -3.4908700e+000 -5.0245300e+000
  2.0908940e+001 -1.9236700e+000 -1.4700370e+001 -2.0202600e+000 -4.4446700e+000
  4.4562000e+001 -8.3634700e+000 -2.4625810e+001 -4.8965400e+000 -5.8503500e+000
  2.9281240e+001 -7.6162000e+000 -1.2294510e+001 -3.0144500e+000 -4.3065700e+000
  4.3468860e+001 -7.8698900e+000 -2.6684580e+001 -5.3008300e+000 -1.7045140e+001
  2.6911000e+001 -9.7358000e+000 -1.2590540e+001 -2.9720900e+000 -8.8618400e+000
  2.6568000e+001 -4.2701300e+000 -1.4536240e+001 -2.6353200e+000 -8.6474900e+000
  1.6597840e+001 -6.0029600e+000 -9.1773200e+000 -3.2256000e-001 -6.6648600e+000
  1.9168570e+001 -1.7874800e+000 -5.9989300e+000 -1.9493300e+000 -4.5820700e+000
  2.4049970e+001 -7.5465800e+000 -8.3670600e+000  5.1566000e-001 -3.9738500e+000
  3.0747100e+001 -1.2864860e+001 -3.3198300e+000 -4.4141000e-001 -3.2832800e+000
  4.0907350e+001 -1.9026430e+001 -1.0130810e+001 -2.2868900e+000 -2.0897400e+000
  7.4142950e+001 -1.2131660e+001 -2.5613610e+001  1.3619500e+000 -1.1498870e+001
  2.8123130e+001 -1.2362720e+001 -5.8782900e+000 -1.1297800e+000  3.3480000e-002
  5.4615960e+001 -1.1313680e+001 -1.8156240e+001 -4.1217000e-001 -6.2556700e+000
  5.4348280e+001 -2.4018930e+001 -6.1079000e+000  1.8891400e+000 -5.2772000e+000
  3.2802080e+001 -1.3226880e+001 -9.0910700e+000  5.4169800e+000 -4.2462800e+000
  6.6531795e+002 -1.0168637e+002 -1.4138300e+002 -1.4955640e+001 -5.4786400e+001
  8.4914560e+001 -3.4220270e+001 -2.1299670e+001  3.9146500e+000 -9.5749300e+000
  4.9989740e+001 -2.2528820e+001 -6.8836800e+000  2.2068700e+000 -4.3164400e+000
  2.5783130e+001 -1.3685330e+001 -7.8129600e+000  2.1282500e+000 -4.5007400e+000
  2.0384340e+001 -1.0394950e+001 -6.0640000e+000  2.1867500e+000 -3.1604300e+000
  2.0057600e+001 -6.9190000e+000 -4.1422000e+000  1.1385400e+000 -4.0030600e+000
  2.0238340e+001 -9.2943200e+000 -4.5928800e+000  1.1034600e+000 -3.4136200e+000
  1.5919660e+001 -8.1898300e+000 -2.3731200e+000  1.2158900e+000 -5.6280000e-001
  4.1346220e+001 -1.2904770e+001 -8.1072300e+000  5.0238400e+000 -4.4563500e+000
  2.8408220e+001 -6.5835100e+000 -7.8409300e+000  4.0656500e+000 -3.6203700e+000
  2.1139120e+001 -8.4166100e+000 -6.0935200e+000  3.2536000e+000 -3.1965300e+000
  9.0372600e+001  2.6693200e+000 -4.3068090e+001  2.3603390e+001 -3.5658850e+001
  4.5698590e+001 -1.4645040e+001 -1.2144930e+001  8.2780400e+000 -1.6215010e+001
  5.9784250e+001  2.3451600e+000 -2.0463880e+001  1.2998510e+001 -1.8457630e+001
  3.6525130e+001 -8.5755100e+000 -9.7232000e+000  3.2492400e+000 -3.7109600e+000
  2.3061990e+001 -2.2016000e+000 -2.0545000e+000  2.0790200e+000 -4.1828600e+000
  4.4759280e+001 -8.0708000e-001 -4.7490800e+000 -2.2883800e+000 -6.4116600e+000
  2.1020650e+001  2.1815000e+000 -4.4345000e+000  1.3441500e+000 -3.9135500e+000
  2.6564680e+001  3.1770900e+000 -6.7834200e+000  1.0721500e+000 -2.6204600e+000
  1.5113740e+001 -2.2388400e+000 -4.8894800e+000 -7.3440000e-002 -2.1301800e+000
  1.2414020e+001  2.9194100e+000 -5.3084600e+000 -5.4504000e-001 -1.9340700e+000
  2.0953550e+001  1.1860300e+000 -4.9748700e+000  1.0985500e+000 -3.6642200e+000
  1.5720980e+001 -3.2541400e+000 -5.3305500e+000  4.2311000e+000 -4.2432000e+000
  1.1176910e+001 -3.9853000e-001 -4.5588000e+000 -8.7352000e-001 -2.9111000e+000
  1.0766800e+001  3.9494300e+000 -5.1249400e+000 -9.4344000e-001 -4.2594100e+000
  2.0085320e+001  2.0834600e+000 -2.5229200e+000 -3.4141700e+000 -2.6964500e+000
  2.4252520e+001  2.0485000e+000 -5.6389900e+000 -1.6922000e+000 -6.3676800e+000
  1.1056530e+001 -2.7297500e+000 -2.4429900e+000 -1.6568000e-001 -2.4181200e+000
  2.0038250e+001 -5.5756000e-001 -5.9509300e+000  1.5995000e-001 -4.2249300e+000
  1.0576560e+001 -1.1978900e+000 -2.1829400e+000  3.5956000e-001 -3.0424300e+000
  1.1038330e+001 -3.3685400e+000 -3.5901300e+000  5.1733000e-001 -3.6779000e+000
  1.4663200e+001  3.7763000e+000 -6.4241300e+000 -1.5006100e+000 -5.9212700e+000
  1.5379490e+001  2.3058900e+000 -9.1280700e+000 -2.9470900e+000 -5.7954800e+000
  2.7015490e+001 -5.5176500e+000 -1.0917030e+001  4.6289000e-001 -5.4780100e+000
  2.3482850e+001  1.6235700e+000 -8.3174000e+000 -2.4244900e+000 -4.9764300e+000
  4.8927170e+001  8.2243100e+000 -3.5873210e+001 -4.8919500e+000 -2.5803980e+001
  1.8663500e+001 -5.6392800e+000 -8.7393800e+000  1.3118600e+000 -5.0524800e+000
  2.5425780e+001 -6.0753400e+000 -1.3703210e+001  2.7087700e+000 -9.0624400e+000
  5.0729810e+001 -1.3518680e+001 -2.2137260e+001  9.3884900e+000 -1.1876700e+001
  3.0291150e+001 -1.5543340e+001 -9.7868100e+000  4.8423600e+000 -6.1378700e+000
  1.1463252e+002 -1.3730180e+001 -4.3263180e+001 -5.5521000e-001 -2.7740000e+001
  3.8167950e+001 -4.3316300e+000 -1.4007090e+001  3.4267700e+000 -1.2121490e+001
  4.0784550e+001  4.1695300e+000 -1.9391970e+001 -3.0911400e+000 -1.4168610e+001
  1.9022126e+002 -1.5991820e+001 -6.8782440e+001 -1.1596400e+000 -6.3541800e+001
  1.2317326e+002  1.5005560e+001 -6.3077890e+001 -8.3198800e+000 -7.1420830e+001
  6.8816170e+001 -1.9658380e+001 -3.3543130e+001 -5.0404400e+000 -3.1503710e+001
  6.7546230e+001 -8.6722000e+000 -5.1947180e+001 -2.6280510e+001 -3.0194590e+001
  5.7977840e+001 -1.2915880e+001 -3.1774960e+001 -5.6162000e+000 -2.1636440e+001
  6.6681450e+001 -1.5853110e+001 -3.7834530e+001 -2.1005180e+001 -1.9414050e+001
  1.4530165e+002  3.5571400e+000 -8.5614060e+001 -5.7132460e+001 -3.9963420e+001
  2.1807852e+002  8.5183050e+001 -1.4606989e+002 -1.3262407e+002 -7.2031150e+001
  4.6133290e+001  1.1547100e+000 -3.8819290e+001 -3.3155700e+001 -2.9577850e+001
  1.4654763e+002 -8.8306000e-001 -1.1565286e+002 -9.1829080e+001 -8.0259980e+001
  1.4239921e+002 -1.3219270e+001 -1.0298549e+002 -4.8359330e+001 -7.2819060e+001
  1.2055812e+002 -1.9562060e+001 -7.6880480e+001 -3.4522240e+001 -5.3130200e+001
  1.2210002e+002  4.9707700e+000 -2.0051790e+001 -2.1175870e+001 -3.9807890e+001
  7.6441110e+001  3.5930700e+000 -2.6651410e+001 -2.5922240e+001 -3.9841790e+001
  7.7414660e+001 -2.0013930e+001 -1.1665060e+001 -2.1116570e+001 -2.7724260e+001
  1.0552668e+002 -1.7969350e+001 -3.0685810e+001 -2.4202930e+001 -4.4235300e+001
  3.0060075e+002 -4.4024920e+001 -4.8647810e+001 -7.4721550e+001  7.7371000e+000
  1.9649702e+002 -2.1415700e+001 -2.3364170e+001 -6.8559230e+001  2.8372930e+001
  1.2119860e+002 -2.9709050e+001 -1.5032850e+001 -2.2504950e+001  9.5996000e+000
  7.2885200e+001 -4.5183500e+000 -1.6524950e+001 -2.1837870e+001  5.0380400e+000
  5.3931710e+001  1.7998180e+001  9.6390000e-001 -2.5543470e+001  1.7481510e+001
  3.7324590e+001  2.0172360e+001 -3.0150000e-002 -1.5566890e+001  9.1746300e+000
  3.9559990e+001  1.9352970e+001  3.4416800e+000 -2.0235630e+001  1.7595090e+001
  3.6874090e+001  1.5383070e+001  4.1854200e+000 -1.3780970e+001  1.0205710e+001
  3.5129200e+001  2.1499950e+001 -1.8966750e+001 -1.8589200e+001  6.5241000e+000
  2.7573210e+001  8.0448000e+000 -7.5750100e+000 -3.3893400e+000 -8.6630000e-002
  2.3060580e+001  8.6212500e+000 -4.1271300e+000 -5.8768200e+000  1.3763200e+000
  3.1979060e+001  1.3174790e+001 -2.8655000e+000 -2.3841000e+000 -8.7300000e-001
  1.9382840e+001  9.3594300e+000 -3.2483200e+000 -4.5695000e-001 -1.1288700e+000
  2.4431660e+001  1.2689740e+001 -2.1703000e-001  1.4569000e-001 -1.3597000e+000
  1.9980500e+001  8.0061800e+000 -2.7366000e+000 -2.3810700e+000  8.8185000e-001
  4.2707520e+001  2.2731760e+001 -3.8696800e+000 -4.3476500e+000  1.3971000e-001
  3.6284400e+001  2.6342540e+001 -1.3585640e+001 -2.1891600e+000 -2.2507200e+000
  1.6501200e+001  1.1175840e+001 -4.1037200e+000  3.2996000e-001 -2.2118400e+000
  3.5030780e+001  8.6544400e+000 -1.5536600e+000  6.4469000e-001 -3.6690000e+000
  2.3841680e+001  6.0212000e+000 -7.7920000e-001  2.9717000e-001 -1.7086300e+000
  7.2398330e+001  6.0825700e+000  2.6696400e+000  4.2535200e+000 -6.5257000e-001
  8.1380740e+001  1.6330500e+001 -3.4090200e+000  1.1971400e+000 -2.4775400e+000
  1.2782667e+002  2.1280750e+001 -3.3348800e+000  7.8756000e+000 -1.0271880e+001
  7.6820220e+001  9.8652200e+000 -1.0527360e+001 -5.3004800e+000  3.8965800e+000
  2.4555988e+002 -4.4014400e+000  1.4614146e+002 -3.9821350e+001 -2.0641360e+001
  1.0288683e+003  3.3565960e+001  1.5773599e+002 -6.0445200e+001 -7.2386380e+001
  3.8770490e+002  6.3214910e+001  1.6144969e+002 -5.6850010e+001 -2.1692290e+001
  1.6890040e+002  6.8215430e+001  8.7616670e+001 -1.6126810e+001 -1.4196360e+001
  8.3098260e+001  2.8173400e+001  4.5061440e+001 -1.2340400e+001  9.8118800e+000
  7.6180600e+001  3.3265700e+001  3.6245100e+001 -8.6126000e+000  9.8329000e+000
  4.6958800e+001  1.1018200e+001  1.7054400e+001 -4.2652000e+000  5.5515000e+000
  1.6112847e+002  5.0458420e+001  6.0710620e+001 -2.2874950e+001  1.8328530e+001
  1.0045856e+002  4.6372100e+001  1.9521890e+001 -2.6100840e+001  2.7504540e+001
  3.9633910e+001  1.3658080e+001  3.9361300e+000 -8.3110700e+000  7.6995700e+000
  5.1479900e+001  2.2375230e+001  4.5712200e+000 -1.2296710e+001  1.1296040e+001
  4.4658000e+001  1.8396100e+001 -1.5216000e+000 -8.3046000e+000  7.0734000e+000
  3.1857400e+002  7.5312000e+001  1.0062300e+001 -5.8746000e+001 -8.7620000e-001
  2.1137940e+002  8.5471900e+001  1.6713300e+001 -4.4836800e+001 -1.1847600e+001
  2.8377500e+001  1.4684500e+001  7.3120000e-001 -7.6745000e+000 -1.7611000e+000
  7.6384000e+001  1.9563400e+001 -8.9138000e+000 -9.7373000e+000 -9.7772000e+000
  3.4977700e+001  1.1219600e+001  2.0124000e+000 -1.2285000e+000 -5.1309000e+000
  3.5652680e+001  3.7072800e+000  3.3952700e+000  9.2501000e-001 -2.2965700e+000
  2.8260700e+001  3.3585000e+000  3.7008000e+000 -5.0159000e+000  8.9670000e-001
  5.5351500e+001  1.4367100e+001  5.3858000e+000 -7.7022000e+000  1.9609000e+000
  2.3937800e+001  8.2734000e+000 -4.7470000e-001 -4.2948000e+000 -5.1770000e-001
  3.1721400e+001  7.4178000e+000 -2.5747000e+000 -4.8174000e+000 -2.7517000e+000
  4.4180400e+001  1.4781100e+001 -7.1354000e+000 -6.5646000e+000 -4.8183000e+000
  3.1553500e+001  1.8235900e+001 -1.0178800e+001 -7.4332000e+000 -6.7929000e+000
  2.3766600e+001  7.9502000e+000 -7.0785000e+000 -4.2147000e+000 -4.3311000e+000
  5.3993700e+001  4.5820000e+000 -4.0383000e+000 -6.3295000e+000 -1.9148000e+000
