  8.3238700e+000 -2.3057300e+000  2.3463200e+000  3.3557000e-001 -1.0616000e+000
  2.5822120e+001  1.8573900e+000  2.9533000e+000 -3.4280200e+000 -6.4195600e+000
  1.7792200e+000  3.8687000e-001  4.9970000e-001 -4.1783000e-001  4.0247000e-001
  7.8049200e+000 -1.9376000e-001  2.7901400e+000 -9.4203000e-001 -2.5697000e-001
  3.2995200e+000 -2.5020000e-002  2.8522000e-001  9.0740000e-002 -2.1502000e-001
  7.5796700e+000  3.0394000e-001  2.1846000e+000 -8.7245000e-001 -2.0247400e+000
  5.7674600e+000  3.5551800e+000  7.0602000e-001 -6.6818000e-001  4.1696000e-001
  1.6028860e+001  9.8754100e+000 -8.3097000e-001  1.2354800e+000 -4.0723600e+000
  7.6838000e+000  2.9132000e+000 -3.0910000e-001  1.6395000e-001 -1.9632000e+000
  4.9896700e+000  5.4653800e+000  1.4474700e+000 -2.0752600e+000 -1.1756300e+000
  1.6158510e+001  1.4305830e+001  4.7608300e+000 -4.8304800e+000 -1.6064600e+000
  3.4004350e+001  2.3818730e+001  5.4449000e+000 -3.9141000e-001 -3.5161800e+000
  4.7863620e+001  8.7935400e+000 -1.1102100e+001  6.5499000e+000 -1.5314920e+001
  2.8669180e+001  1.8295200e+000 -8.9064800e+000  4.9298800e+000 -1.4024980e+001
  1.9688300e+001  8.3959900e+000 -9.7832000e-001  2.9573600e+000 -4.1436900e+000
  2.0359140e+001  7.5620200e+000 -1.1910000e-002 -4.8070100e+000 -7.8349000e+000
  8.7875800e+000  6.0439200e+000 -3.0466000e+000  2.7481600e+000 -4.2444800e+000
  2.2034470e+001  1.7305880e+001 -6.6540500e+000  1.3948200e+000 -8.1022600e+000
  4.8876700e+001  3.5062380e+001 -1.2892560e+001  1.2558800e+000 -2.0355440e+001
  3.6751310e+001  1.6886990e+001  8.4173000e-001  1.1884300e+000 -9.4284000e+000
  3.4227170e+001  1.0797540e+001 -1.7175160e+001  7.4640000e-001 -8.9800300e+000
  1.3178540e+001  7.6748200e+000 -1.0690200e+000 -3.6853000e+000 -3.0283000e+000
  4.3214630e+001  1.9612390e+001 -1.2193580e+001 -4.1575000e+000 -4.5179000e+000
  4.2482210e+001  8.9143100e+000 -1.1914740e+001 -8.3780900e+000 -5.0088300e+000
  1.0450754e+002  2.6625620e+001 -5.7720900e+001 -7.7637700e+000 -4.7458320e+001
  4.0161820e+001  1.3708740e+001 -1.6828350e+001 -6.0001300e+000 -1.8159450e+001
  5.4304760e+001  1.2850250e+001 -1.4534070e+001 -4.1398200e+000 -1.8986430e+001
  2.8662244e+002  7.8528350e+001 -1.8341985e+002  1.3340760e+001 -1.5500500e+002
  7.7523150e+001  2.2734710e+001 -3.5347850e+001 -8.5541000e-001 -4.2809250e+001
  4.0596170e+001  1.4328940e+001 -1.4859260e+001 -5.3843000e-001 -2.0494490e+001
  2.5410030e+001  1.5827390e+001 -5.1803100e+000 -3.1997400e+000 -9.3721400e+000
  2.9631740e+001  9.2520600e+000 -8.4275000e-001 -5.1202200e+000 -4.5141000e+000
  6.0053890e+001  1.1130360e+001  7.1249600e+000 -5.4070800e+000  3.3273300e+000
  6.8119950e+001  8.1846200e+000 -2.4519700e+000 -6.4886100e+000 -5.6864200e+000
  1.9579280e+001  4.5977000e+000 -3.9725000e+000 -1.3233600e+000 -5.6914000e-001
  2.5362910e+001  5.5416500e+000 -3.8376900e+000 -1.9278900e+000 -1.3935100e+000
  1.9841350e+001  1.7269400e+000 -8.7828000e+000 -7.5696000e-001 -1.4306300e+000
  1.6728440e+001  2.1342000e+000 -2.4162200e+000 -3.8769000e-001  3.4308800e+000
  4.0446590e+001  5.3245700e+000 -1.3809920e+001  1.7021600e+000  6.5997000e-001
  7.7052640e+001  6.0050800e+000 -2.9874510e+001  1.0088600e+000 -1.6123900e+000
  3.4635880e+001  6.6605800e+000 -1.2231720e+001  2.5672200e+000 -6.5871800e+000
  1.3216884e+002  1.9414200e+001 -2.8500440e+001  9.6712000e+000 -6.7158200e+000
  6.9451300e+001 -5.7300000e-002 -6.9791600e+000  2.5545100e+000  2.3633200e+000
  5.6479840e+001 -8.2853400e+000 -6.7719800e+000 -6.7042000e+000 -7.8126400e+000
  1.3438199e+002 -2.1254330e+001 -1.5851180e+001 -1.4677000e-001 -2.3697490e+001
  9.7134580e+001 -1.5049020e+001 -1.2564910e+001  3.0747500e+000 -1.8878540e+001
  1.0256805e+002  2.7545980e+001  2.3286700e+001  4.1152600e+000 -1.2499880e+001
  2.9333240e+001 -8.4943000e-001  6.3321000e-001  2.2185000e-001 -3.2121600e+000
  5.8961140e+001 -2.0377200e+000  6.8994400e+000 -2.4607600e+000  9.7413000e-001
  3.3559580e+001 -4.0328800e+000  5.5626000e+000  5.7206000e-001  3.9838400e+000
  4.8931360e+001  1.1619750e+001  2.8988000e+001 -7.8198800e+000  1.3382050e+001
  2.9177870e+001 -2.6230400e+000  8.7475200e+000 -8.8753000e-001  3.0592300e+000
  2.0031340e+001 -7.0319800e+000 -4.7750000e-002 -1.5737100e+000  2.9944300e+000
  3.0327970e+001 -1.4320200e+000  3.9331000e-001 -3.4375500e+000  2.3929100e+000
  1.4489170e+001 -3.0317200e+000  4.4350000e-001  3.1926000e-001  9.4314000e-001
  8.9029800e+000 -8.2870000e-001 -9.9226000e-001 -7.9480000e-002 -7.8394000e-001
  1.5234500e+001 -1.8089000e+000 -3.8553500e+000 -9.3680000e-002  4.3098000e-001
  2.8549730e+001  5.2056000e-001 -6.1957900e+000  1.8650100e+000  2.0472000e-001
  2.3090580e+001 -2.5095400e+000 -6.5152000e+000  2.6107300e+000  2.1718300e+000
  2.2006580e+001  1.1831200e+000 -4.5827900e+000  2.0774700e+000  4.5862000e-001
  6.8621090e+001  5.0166160e+001 -9.7908600e+000  3.6911500e+000 -8.9421400e+000
  8.2751770e+001  1.6580940e+001 -2.8102080e+001  2.0664780e+001 -1.5056960e+001
  1.5937880e+001  1.7577500e+000 -3.2942600e+000  1.4838300e+000 -1.0381700e+000
  2.2505300e+001  2.0831900e+000 -3.8752800e+000  2.5474100e+000 -2.4820800e+000
  2.6122010e+001  1.1778200e+000 -4.2776100e+000  4.3118800e+000 -2.4724600e+000
  7.5185920e+001  3.5358590e+001 -4.1290900e+000 -2.6698900e+000 -8.3586700e+000
  9.7618290e+001  5.1783210e+001 -1.3833610e+001 -1.8047040e+001 -6.6529600e+000
  4.4945350e+001 -5.9483000e-001 -5.4082700e+000 -2.6524400e+000 -6.7906200e+000
  4.9868160e+001 -3.1815600e+000 -2.6333020e+001  1.3974120e+001 -1.4832780e+001
  6.4968380e+001 -1.1821200e+000 -2.5422250e+001  1.3323700e+000 -1.2774590e+001
  4.0971680e+001  1.2545600e+000 -1.9298710e+001  2.4974700e+000 -7.8650400e+000
  1.9081160e+001  3.0232000e-001 -3.6200300e+000 -1.6863200e+000 -1.6248900e+000
  4.1454240e+001  1.7662290e+001 -2.2752490e+001 -9.4651000e-001 -1.0617120e+001
  2.3791530e+001 -6.9534000e-001 -1.1411560e+001  1.2274000e+000 -6.1479800e+000
  2.9621880e+001  8.7986000e-001 -2.4044680e+001  6.5705200e+000 -1.2574540e+001
  1.2388850e+001  5.1908000e-001 -4.9643700e+000  5.2197000e-001 -3.4387300e+000
  5.1466700e+001 -1.0210280e+001 -1.5252340e+001 -3.2321000e-001 -8.5377500e+000
  7.5674650e+001 -6.9635000e+000 -2.4311550e+001  3.9766400e+000 -8.5654200e+000
  3.4105550e+001  9.4643000e-001 -7.5356400e+000 -2.3555300e+000 -2.5242300e+000
  3.0656740e+001  4.4415800e+000 -8.0673600e+000 -4.4692800e+000 -2.4825200e+000
  2.6199760e+001  1.5110000e+000 -1.6286500e+001 -2.1129700e+000 -3.5763300e+000
  1.7649340e+001 -2.4625700e+000 -1.1997570e+001 -3.8096000e-001 -4.7468700e+000
  2.5618500e+001 -2.6230700e+000 -1.4146910e+001 -1.6279400e+000 -3.9774500e+000
  2.0863040e+001 -3.0558000e+000 -8.8499100e+000 -3.5857500e+000 -3.1370700e+000
  3.0429160e+001 -3.8204900e+000 -1.8511880e+001 -3.7413300e+000 -1.2313440e+001
  2.1688600e+001 -5.1983000e+000 -1.3385840e+001 -2.8051900e+000 -9.8767400e+000
  1.3282200e+001 -2.3378300e+000 -6.0446400e+000 -1.7418200e+000 -3.5019900e+000
  1.1351540e+001 -3.9897600e+000 -7.4081200e+000  2.0564000e-001 -4.8936600e+000
  1.1295070e+001  9.0222000e-001 -2.2685300e+000 -1.5868300e+000 -1.9846700e+000
  1.2753670e+001 -3.8142800e+000 -2.0359600e+000  8.0516000e-001  3.9765000e-001
  2.1626900e+001  1.8226400e+000  5.5927000e-001 -3.9676100e+000 -7.6808000e-001
  2.0850750e+001 -9.4532300e+000 -4.6720100e+000 -3.0451900e+000 -4.7984000e-001
  4.4868850e+001  2.0924000e-001 -2.0160410e+001  1.6537500e+000 -1.2293070e+001
  8.6208300e+000  3.7288000e-001 -3.2058900e+000 -1.3858000e-001 -1.1730200e+000
  3.1461460e+001 -4.5436800e+000 -9.4790400e+000 -7.0717000e-001 -5.2724700e+000
  2.4960580e+001 -6.1169300e+000 -3.3860000e-001  6.5634000e-001 -2.0234000e+000
  2.2185480e+001 -7.7834800e+000 -3.4648700e+000  1.7523800e+000 -3.1246800e+000
  5.3283245e+002 -7.7945570e+001 -1.4019210e+002 -1.4008840e+001 -7.3351000e+001
  5.0242560e+001 -1.6900370e+001 -8.1117700e+000  4.1965000e-001 -2.6555300e+000
  2.0117940e+001 -3.4835200e+000 -2.4408800e+000  2.0457000e-001 -1.9560400e+000
  4.8538300e+000 -2.3383300e+000 -1.2453600e+000 -1.8155000e-001 -3.8104000e-001
  4.6387400e+000  5.6905000e-001 -7.3010000e-001 -4.4045000e-001 -1.2910300e+000
  8.3029000e+000 -1.4411000e+000 -1.6711000e+000 -2.0696000e-001 -1.2345600e+000
  3.4621400e+000 -1.2537200e+000 -1.2756800e+000 -3.8984000e-001 -1.2041200e+000
  2.5979600e+000 -6.0343000e-001 -3.4842000e-001 -6.3691000e-001 -1.6260000e-001
  1.7766320e+001  7.6478300e+000 -7.4533000e-001 -7.9886000e-001 -3.4591500e+000
  1.2276420e+001  2.9960900e+000 -3.3904300e+000  3.3905000e-001 -2.6089700e+000
  7.9927200e+000 -7.8871000e-001 -1.8901200e+000 -6.2360000e-001 -1.1541300e+000
  5.6401700e+001  1.4659820e+001 -2.5574190e+001  1.0957390e+001 -2.5827150e+001
  1.7938490e+001  9.9753600e+000 -3.9496300e+000 -4.2788600e+000 -4.2449100e+000
  3.6030050e+001  1.4520260e+001 -6.6323800e+000  4.0242100e+000 -8.8138300e+000
  1.1135730e+001  2.9972900e+000 -2.8255000e+000 -1.8260600e+000 -2.1883600e+000
  1.5466890e+001  1.0745000e+000  7.4980000e-001  1.8874200e+000 -3.3101600e+000
  2.4360380e+001  1.4738200e+000 -1.8091800e+000 -3.3238800e+000 -1.6750600e+000
  4.3747500e+000  4.7344000e+000  4.4688000e+000 -8.9355000e-001  3.3685500e+000
  1.2423080e+001  1.5050890e+001 -3.3760200e+000 -2.9127500e+000  1.2659400e+000
  5.4526400e+000  2.5045600e+000 -1.7928800e+000  1.3610600e+000 -2.0249800e+000
  5.1758200e+000  6.0901100e+000 -2.8637600e+000 -1.0393400e+000  6.3433000e-001
  8.8269500e+000  5.5210300e+000 -2.8881700e+000  6.2545000e-001 -3.0455200e+000
  3.8751800e+000  1.8282600e+000 -5.4567500e+000  3.8226000e+000 -5.4730000e+000
  5.1752100e+000  4.7396700e+000 -3.5015000e+000 -1.2609200e+000 -1.7236000e+000
  6.3285000e+000  5.9804300e+000 -2.5331400e+000 -2.1959400e+000 -4.3511000e-001
  7.7324200e+000  7.2594600e+000 -2.7572000e-001 -3.0214700e+000 -2.9015000e-001
  1.9015720e+001  7.4069000e+000 -4.9628900e+000 -4.3371000e+000 -4.2940800e+000
  9.3170300e+000 -5.4665000e-001 -9.0349000e-001 -3.1457800e+000  1.8968000e-001
  8.4077500e+000  3.6195400e+000 -1.2876300e+000  4.8575000e-001 -6.3030000e-002
  4.7481600e+000  6.0594100e+000 -1.3430400e+000 -2.6874000e-001 -7.9443000e-001
  3.7515300e+000  9.7866000e-001 -7.4513000e-001  2.3509300e+000 -1.9048000e+000
  2.8910000e+000  2.0972000e+000 -2.0048300e+000 -3.0010000e-002 -2.2006700e+000
  7.3415900e+000  1.0114990e+001 -4.9839700e+000 -5.0539900e+000 -1.5493800e+000
  1.4404190e+001 -1.2426500e+000 -5.5103300e+000  1.9238900e+000 -4.5845100e+000
  1.3708950e+001 -4.8023000e-001 -1.2853000e+000 -2.9827900e+000 -2.7472300e+000
  4.6734170e+001  1.0797010e+001 -3.0933310e+001 -5.8971500e+000 -2.2593780e+001
  4.5407000e+000  5.6600200e+000 -4.6551800e+000 -1.8491400e+000 -5.2341800e+000
  2.6461980e+001 -1.0326440e+001 -8.3123100e+000  1.7139700e+000 -3.6356400e+000
  1.7050610e+001  6.4314200e+000 -8.8498600e+000  5.9417900e+000  5.9583000e+000
  2.4317350e+001 -4.3655400e+000 -7.4440100e+000  3.3406000e-001 -6.8370700e+000
  6.4513120e+001 -1.3068000e-001 -2.4074480e+001 -4.4587100e+000 -1.5643400e+001
  1.7025150e+001  2.6084700e+000 -8.9384900e+000  1.2198700e+000 -7.5441900e+000
  2.5887450e+001  2.1432300e+000 -9.9455700e+000 -1.7256400e+000 -6.2849100e+000
  1.0010506e+002  1.0230380e+001 -3.6201040e+001 -4.2971400e+000 -3.5277700e+001
  9.6630460e+001  6.2931660e+001 -5.4772590e+001 -6.2054800e+000 -6.5243230e+001
  2.9767870e+001  2.3815200e+000 -1.6085030e+001  4.5360000e-002 -1.6338410e+001
  1.6020230e+001  9.1650000e+000 -4.1313800e+000  2.8878900e+000 -9.3069000e-001
  3.0294540e+001 -6.4385800e+000 -1.2671960e+001  1.5042000e+000 -1.0325740e+001
  1.1902550e+001  3.4028900e+000 -4.6177300e+000 -2.8537800e+000 -4.5935500e+000
  3.2881050e+001  1.0650540e+001 -9.2003600e+000 -1.0940560e+001 -3.3663200e+000
  7.3126520e+001  2.0447750e+001 -4.2762990e+001 -4.8466370e+001 -2.0051050e+001
  1.6040690e+001  4.4786100e+000 -7.6867900e+000 -8.2578000e+000 -5.5105500e+000
  5.9702330e+001 -2.6400600e+000 -4.1078260e+001 -3.9063480e+001 -3.7232380e+001
  6.3885410e+001  5.0073300e+000 -4.5286090e+001 -1.8588230e+001 -2.7884560e+001
  3.8071520e+001 -3.6234600e+000 -2.0540180e+001 -1.0269540e+001 -1.4243400e+001
  6.5910420e+001  2.0560700e+000 -1.1907900e+000 -9.2736700e+000 -1.7289590e+001
  3.7530210e+001  9.2892700e+000 -1.1944710e+001 -1.1986140e+001 -1.7132490e+001
  1.6730560e+001  4.5596700e+000 -3.1357600e+000 -3.2534700e+000 -4.0449600e+000
  3.0845680e+001  3.7188500e+000 -1.2453210e+001 -4.1588300e+000 -1.2019600e+001
  1.3184765e+002 -1.5654020e+001 -1.4237810e+001 -1.9385850e+001  2.5871000e+000
  8.4780920e+001 -3.6188000e+000 -3.7953700e+000 -2.6213930e+001  1.2549630e+001
  4.0252100e+001 -8.3278500e+000 -2.4598500e+000 -4.4795500e+000  1.5265000e+000
  2.7703400e+001 -1.5925500e+000 -2.2697500e+000 -9.4525700e+000  2.0571400e+000
  2.2414710e+001  1.2338580e+001  1.8991000e+000 -1.2073270e+001  8.4503100e+000
  1.6602790e+001  1.2275060e+001  1.4798500e+000 -6.9668900e+000  4.8242300e+000
  1.8613790e+001  1.2302370e+001  3.8548800e+000 -9.3493300e+000  8.4998900e+000
  2.2223890e+001  1.1668170e+001  8.2076200e+000 -4.2712700e+000  3.8897100e+000
  1.2803700e+001  9.6633500e+000 -4.9053500e+000 -5.4051000e+000  1.1373000e+000
  2.4066510e+001  7.4954000e+000 -4.5691100e+000 -1.5081400e+000 -1.6150300e+000
  2.6923480e+001  1.3979950e+001  3.4039700e+000 -4.9103200e+000 -7.0188000e-001
  3.7389360e+001  1.8977190e+001 -5.6740000e-001 -3.9637000e+000 -1.3915000e+000
  2.6319240e+001  1.1964630e+001 -6.0033200e+000  1.6851500e+000 -2.0150700e+000
  3.0044460e+001  1.9388640e+001  7.0257000e-001 -1.1981000e-001 -5.5300000e-002
  1.5496200e+001  6.3062800e+000 -3.0328000e+000 -8.5487000e-001  1.8023500e+000
  5.5520120e+001  3.2930960e+001 -4.4349800e+000 -5.6317500e+000 -1.3921900e+000
  5.1045400e+001  3.9612340e+001 -1.6834840e+001 -1.0142600e+000 -8.7344200e+000
  1.7527400e+001  1.3244540e+001 -2.2360200e+000 -1.0738400e+000 -4.7299400e+000
  4.0234680e+001  6.8602400e+000  7.0040000e-002  1.0838900e+000 -2.3405000e+000
  3.4418980e+001  8.7140000e+000  1.2137000e+000 -1.0167300e+000 -2.5892300e+000
  1.3231203e+002  2.2212570e+001  1.1373240e+001  4.7942200e+000 -1.6268700e+000
  1.2944114e+002  2.6450500e+001 -4.0832000e-001  4.9554400e+000 -7.9674000e-001
  2.1151037e+002  4.5083450e+001  1.5527120e+001  2.5438600e+001 -8.8251800e+000
  1.0779752e+002  7.0340200e+000 -1.0169960e+001 -9.6485800e+000  8.5297800e+000
  4.2451978e+002  1.1945060e+001  2.8815356e+002 -7.7540250e+001 -2.9818760e+001
  1.5903232e+003  1.8835466e+002  3.2797819e+002 -1.0543330e+002 -1.3542308e+002
  7.4098220e+002  1.2294331e+002  3.5344719e+002 -1.1549511e+002 -4.9956490e+001
  4.5339930e+002  1.5213573e+002  2.8873207e+002 -4.4304710e+001 -3.9989360e+001
  1.5480676e+002  4.4437900e+001  1.1731584e+002 -4.2814700e+001  2.1122880e+001
  1.2936830e+002  6.0709700e+001  7.4367000e+001 -2.2103100e+001  1.7419500e+001
  6.5605900e+001  1.1205700e+001  3.1027200e+001 -9.9249000e+000  7.5847000e+000
  2.5841957e+002  7.6876820e+001  1.0478832e+002 -3.8865350e+001  3.2442030e+001
  1.2715416e+002  5.3012100e+001  2.5555490e+001 -3.3912140e+001  3.4881940e+001
  4.8631210e+001  1.7424980e+001  1.0017030e+001 -1.3037970e+001  1.2955270e+001
  6.4308200e+001  1.9570530e+001  1.1220320e+001 -1.6806110e+001  1.4357840e+001
  5.7223000e+001  2.4143300e+001  5.2530000e-001 -1.4595800e+001  1.1661800e+001
  4.0663010e+002  1.0310850e+002  2.1316300e+001 -8.2237000e+001  1.5018000e+000
  2.8542790e+002  1.1517340e+002  2.9753500e+001 -6.8747100e+001 -1.4284500e+001
  4.4450100e+001  1.9892800e+001  5.4499000e+000 -1.6391800e+001 -1.7543000e+000
  1.0204320e+002  2.4411000e+001 -1.0095900e+001 -1.4138800e+001 -1.2056400e+001
  5.0037300e+001  1.0613900e+001  7.4785000e+000 -2.2748000e+000 -7.9216000e+000
  4.0715980e+001  2.1562800e+000  8.1660700e+000 -2.0426900e+000 -5.8647000e-001
  3.0463800e+001  4.9216000e+000  4.1753000e+000 -5.5177000e+000  3.5100000e-001
  6.5062800e+001  1.6060300e+001  8.8653000e+000 -1.0762700e+001  4.1305000e+000
  2.5680800e+001  6.2773000e+000  1.7269000e+000 -7.8447000e+000  1.3370000e+000
  3.3913700e+001  7.4225000e+000 -3.0827000e+000 -6.3528000e+000 -1.9520000e+000
  3.1603900e+001  1.1894000e+001 -5.1257000e+000 -4.4124000e+000 -2.5260000e+000
  2.6226600e+001  1.5159000e+001 -7.4245000e+000 -8.4517000e+000 -6.6697000e+000
  2.3046000e+001  7.0360000e+000 -5.0237000e+000 -4.3517000e+000 -4.2675000e+000
  5.3222000e+001  4.2148000e+000 -5.7410000e+000 -7.5307000e+000 -4.0007000e+000
