  9.8110700e+000 -1.1763000e-001  2.6653200e+000 -1.2430000e-002 -7.6020000e-001
  4.4737620e+001 -1.6620100e+000  7.4203000e+000 -4.4631200e+000 -6.8614600e+000
  3.7851200e+000  2.2802700e+000  3.3490000e+000 -2.4070300e+000  2.3325700e+000
  5.8241200e+000  2.5304000e-001  3.2388400e+000  1.7687000e-001  1.4153300e+000
  8.4767200e+000 -3.1109200e+000  1.0495200e+000  1.5468400e+000 -2.1534200e+000
  9.7008700e+000  1.4830400e+000  3.0067000e+000 -3.1552500e+000  4.4836000e-001
  3.3155600e+000  2.7260800e+000  1.1887200e+000 -3.5498000e-001 -7.2234000e-001
  3.5861060e+001  1.6009010e+001 -2.1019700e+000  2.3286800e+000 -7.0764600e+000
  1.3432600e+001  3.4528000e+000  5.4800000e-002  1.5151500e+000  1.6054000e+000
  1.0262170e+001  1.4993980e+001  1.6165700e+000  1.7004000e-001  8.4570000e-002
  2.7875410e+001  2.0122030e+001  1.1970730e+001 -4.6680800e+000  2.5804000e-001
  5.8537050e+001  3.4816630e+001  9.3453000e+000 -3.5525100e+000 -7.1231800e+000
  8.6178820e+001  8.0645400e+000 -2.5019300e+001  1.5581400e+001 -3.4787220e+001
  5.7153380e+001  1.5390200e+000 -2.0710680e+001  2.0905880e+001 -3.2854080e+001
  2.0769100e+001  4.3825900e+000 -2.3550200e+000  5.4625600e+000 -1.0134690e+001
  4.4639840e+001  2.1328620e+001 -1.1785510e+001  6.1954900e+000 -2.5111700e+001
  9.9799800e+000  4.1074200e+000 -4.2500000e-001  3.1358600e+000 -7.3843800e+000
  2.8326370e+001  1.0551680e+001 -7.1271500e+000  5.6071200e+000 -1.3226860e+001
  5.0348500e+001  2.2288080e+001 -1.9376860e+001  1.0320480e+001 -3.1106940e+001
  1.6023610e+001  9.3488900e+000  3.0755300e+000 -4.2097000e-001 -7.7617000e+000
  1.9203570e+001  5.8301400e+000 -1.2496560e+001  1.9254000e+000 -6.3872300e+000
  9.4933400e+000  2.8380200e+000 -7.5862000e-001 -1.6270000e-001 -4.0956000e+000
  2.1049230e+001  8.2479900e+000 -5.1757800e+000 -2.0722000e+000 -3.1545000e+000
  2.2299110e+001  8.4501100e+000 -4.5992400e+000 -3.3852900e+000 -3.0336300e+000
  5.7187440e+001  1.4512120e+001 -2.3970600e+001 -7.0860700e+000 -2.2735720e+001
  4.0228620e+001  1.3386040e+001 -9.6999500e+000 -7.0348300e+000 -1.0907850e+001
  5.0705260e+001  3.6601500e+000 -6.6113700e+000 -8.9196200e+000 -1.0543030e+001
  2.0064444e+002  4.9554850e+001 -1.2215705e+002  1.1285360e+001 -1.0051290e+002
  6.6992750e+001  1.7679010e+001 -2.5759250e+001  6.1849000e-001 -3.4377750e+001
  4.0331570e+001  1.3870340e+001 -6.1494600e+000 -4.0615300e+000 -1.5950590e+001
  2.9375430e+001  2.3843090e+001 -2.2727100e+000 -3.5932400e+000 -9.5913400e+000
  2.8297540e+001  8.6523600e+000 -1.4150500e+000 -5.0560200e+000 -4.8611000e+000
  5.5805490e+001  8.6790600e+000  5.9082600e+000 -3.6517800e+000  4.3503000e-001
  4.9460350e+001  9.4460200e+000 -1.1401700e+000 -4.3571100e+000 -7.8062200e+000
  2.5063180e+001  1.0116100e+001  5.4374000e+000 -1.0161560e+001  3.9909600e+000
  1.8945810e+001  4.1552500e+000 -5.5549000e-001 -2.6647900e+000 -1.5711000e-001
  1.6632750e+001 -2.8987600e+000 -6.2377000e+000 -4.7376000e-001 -1.1778300e+000
  1.6567640e+001  4.3110000e-001 -1.0117200e+000 -1.2509000e-001  2.3919800e+000
  4.3384290e+001  1.3783700e+000 -1.2912520e+001  6.2376000e-001  1.8428700e+000
  8.3096640e+001  2.2944800e+000 -2.9545010e+001  3.8772600e+000 -5.3749000e-001
  5.5777580e+001 -1.8819200e+000 -1.4501420e+001 -6.4628000e-001 -7.9720800e+000
  1.5217534e+002  1.3347000e+001 -3.0213340e+001  9.8901000e+000 -1.7227200e+000
  5.4840500e+001 -6.8777000e+000 -7.0067600e+000  2.7284100e+000  1.2701200e+000
  4.7303140e+001 -1.5303840e+001 -7.7628800e+000  1.5800000e-002 -5.1293400e+000
  1.4910719e+002 -3.4917630e+001 -1.9008180e+001  3.6389300e+000 -2.4260790e+001
  1.2071318e+002 -4.3805820e+001 -2.3623210e+001  5.5690500e+000 -1.8623740e+001
  8.6906850e+001  3.1554800e+000  1.1457200e+001  4.6274600e+000 -1.0056880e+001
  6.2753240e+001 -1.1266830e+001 -3.9927900e+000  1.4094500e+000 -4.2817600e+000
  7.7127840e+001 -1.0191520e+001  4.9163400e+000 -2.6696000e-001  4.7133000e-001
  4.1720180e+001 -1.3298680e+001  1.6100000e+000  4.4120600e+000  1.6908400e+000
  4.7051360e+001  3.3643500e+000  1.6500400e+001 -1.5844800e+000  6.4822500e+000
  3.2021070e+001 -2.7469400e+000  8.9896200e+000  7.3457000e-001  2.3116300e+000
  2.2980740e+001 -7.4543800e+000  1.1865500e+000 -1.3851100e+000  3.5570300e+000
  3.6741970e+001 -7.1396200e+000 -1.8612900e+000  5.2355000e-001  2.7168100e+000
  1.9806570e+001 -4.7692200e+000 -1.2145000e+000  1.5152600e+000 -3.3216000e-001
  1.7296480e+001 -3.7350000e+000 -2.7500600e+000  1.6272200e+000  6.7460000e-002
  1.7814700e+001 -2.9471000e+000 -3.2948500e+000  2.6182000e-001  1.6773800e+000
  4.1606830e+001 -7.0485400e+000 -1.1338590e+001  6.2021100e+000  1.2712000e-001
  3.3375380e+001 -9.0038400e+000 -9.7138000e+000  4.8914300e+000  1.2300300e+000
  3.6416380e+001 -6.9093800e+000 -1.1151390e+001  7.1000700e+000 -6.6478000e-001
  6.9773090e+001 -1.6066400e+000 -2.1215560e+001  1.4188450e+001 -8.9394400e+000
  9.4274470e+001  4.4599400e+000 -3.5449980e+001  2.6075880e+001 -1.6207960e+001
  2.8828980e+001 -1.7277500e+000 -7.1328600e+000  4.4025300e+000 -2.8712700e+000
  2.9834400e+001 -2.0136100e+000 -4.0474800e+000  5.4556100e+000 -3.0669800e+000
  3.2018510e+001 -6.4425800e+000 -8.1417100e+000  9.8745800e+000 -5.3554600e+000
  6.4931820e+001  9.9608900e+000 -1.0030890e+001  2.9150100e+000 -9.6858700e+000
  1.1823059e+002 -8.4870900e+000 -1.3497410e+001 -5.5140400e+000 -1.1842600e+000
  6.7455850e+001 -2.4655130e+001 -1.5551070e+001  9.2333600e+000 -6.4828200e+000
  6.2600260e+001 -9.9625600e+000 -3.0519820e+001  1.7344220e+001 -1.8359780e+001
  8.8459680e+001 -2.0409420e+001 -4.2043350e+001  1.6437570e+001 -2.3860890e+001
  5.3121780e+001 -8.0695400e+000 -2.4182710e+001  7.0288700e+000 -9.5216400e+000
  2.9074260e+001 -4.0258800e+000 -8.5977300e+000  5.1438000e-001 -4.7332900e+000
  6.6883940e+001  3.0380900e+000 -4.0706290e+001  6.7984900e+000 -2.1628720e+001
  3.4790130e+001 -9.1980400e+000 -1.9873660e+001  5.0824000e+000 -1.0337680e+001
  5.8060280e+001 -1.0686540e+001 -4.5115380e+001  1.2730020e+001 -2.5157440e+001
  3.0040150e+001 -6.6949200e+000 -1.3668970e+001  5.5039700e+000 -7.7550300e+000
  8.6734400e+001 -3.7479280e+001 -2.1284440e+001  1.8904900e+000 -1.1068750e+001
  1.2613445e+002 -4.6069800e+001 -4.0184250e+001  1.1586640e+001 -1.5115520e+001
  5.2316550e+001 -1.1583370e+001 -1.6781340e+001 -4.5373000e-001 -5.5457300e+000
  3.3241140e+001  3.2872800e+000 -1.0765660e+001 -3.1830800e+000 -2.0718200e+000
  4.8157460e+001 -1.0402200e+001 -2.5113600e+001 -4.7614700e+000 -5.4526300e+000
  1.9420840e+001 -8.0598700e+000 -9.9657700e+000 -6.6356000e-001 -1.8854700e+000
  4.4573200e+001 -1.7598770e+001 -2.1366910e+001 -5.4200400e+000 -4.7719500e+000
  3.1435540e+001 -1.4503700e+001 -1.0717310e+001 -1.4650500e+000 -1.7619700e+000
  4.8006560e+001 -1.5059690e+001 -2.8125480e+001 -4.5044300e+000 -1.7706940e+001
  3.7104600e+001 -1.6886600e+001 -1.7182340e+001 -2.8820900e+000 -1.3429040e+001
  3.6635700e+001 -1.3353530e+001 -1.7613840e+001  4.5358000e-001 -8.1801900e+000
  2.2906740e+001 -7.7831600e+000 -1.1679320e+001  7.0404000e-001 -7.6027600e+000
  2.3404170e+001 -3.9943800e+000 -8.1968300e+000 -1.4843300e+000 -6.3793700e+000
  2.7273170e+001 -1.0811280e+001 -9.0736600e+000 -3.5794000e-001 -7.1062500e+000
  3.0185600e+001 -1.6706160e+001 -3.8443300e+000  1.7536900e+000 -2.0692800e+000
  3.8608550e+001 -1.9862530e+001 -7.4980100e+000 -3.2465900e+000 -8.8594000e-001
  6.5831350e+001 -1.7823860e+001 -2.1226710e+001  1.6510500e+000 -7.0568700e+000
  3.1001630e+001 -1.5705820e+001 -5.1795900e+000 -1.0122800e+000  6.6088000e-001
  3.1239360e+001 -4.7987800e+000 -8.8455400e+000 -1.1137700e+000 -1.9827700e+000
  3.8061280e+001 -1.7477930e+001 -5.1516000e+000  3.6111400e+000 -5.5061000e+000
  3.0516680e+001 -1.5517380e+001 -3.3194700e+000  3.9102800e+000 -1.3398000e-001
  5.8928595e+002 -1.3016477e+002 -1.0220710e+002 -1.1348240e+001 -3.2263800e+001
  9.8241560e+001 -4.1505870e+001 -1.6052270e+001  2.2863500e+000 -5.7903300e+000
  5.7022540e+001 -2.9657620e+001 -6.6645800e+000  3.2576700e+000 -4.0700400e+000
  3.1616930e+001 -1.8812030e+001 -7.4230600e+000  2.4414500e+000 -4.2555400e+000
  3.0668440e+001 -1.7739650e+001 -7.1386000e+000  3.4399500e+000 -3.4391300e+000
  2.7077700e+001 -1.0402500e+001 -4.6498000e+000  1.1744400e+000 -3.9722600e+000
  2.1910940e+001 -1.1866820e+001 -4.9517800e+000  5.3156000e-001 -2.2473200e+000
  1.8809860e+001 -1.1835130e+001 -2.0265200e+000 -1.9281000e-001  4.3350000e-001
  6.0375720e+001 -2.5997370e+001 -1.2603930e+001  6.0050400e+000 -4.8987500e+000
  3.6626920e+001 -1.2317910e+001 -1.1064530e+001  5.1618500e+000 -5.8494700e+000
  3.3897320e+001 -1.6360210e+001 -7.6638200e+000  3.1510000e+000 -3.5139300e+000
  1.1171770e+002  2.6286200e+000 -5.3178490e+001  3.3102590e+001 -4.9895250e+001
  7.1607890e+001 -2.8974940e+001 -2.1334230e+001  1.6728040e+001 -2.6036710e+001
  7.0371850e+001 -1.2452740e+001 -1.6434280e+001  1.5063110e+001 -2.1576630e+001
  2.9766830e+001 -7.8030100e+000 -7.6875000e+000  3.2594400e+000 -2.8957600e+000
  3.0222190e+001 -6.8331000e+000 -3.3359000e+000  3.1103200e+000 -4.2713600e+000
  5.1160180e+001 -9.8731800e+000 -2.7748000e-001 -1.9384800e+000 -5.7249600e+000
  2.1556250e+001  5.0986000e+000 -6.6000000e-002 -1.5133500e+000 -2.0066500e+000
  1.9033280e+001 -3.0871000e-001 -1.8398200e+000  2.1813500e+000 -1.3930600e+000
  1.8039240e+001 -1.6467400e+000 -6.1437800e+000 -1.0629400e+000 -3.3006800e+000
  1.0661520e+001 -1.3097900e+000 -1.2439600e+000  6.9386000e-001 -1.2838700e+000
  1.8592250e+001 -5.3552700e+000 -1.0665700e+000  1.7915000e-001 -2.1732000e-001
  1.4317880e+001 -4.4389400e+000  1.4135000e-001  9.6230000e-001 -8.2740000e-001
  9.9570100e+000 -3.0408300e+000 -2.2111000e+000 -1.2840200e+000 -7.0400000e-001
  6.5142000e+000 -1.6883700e+000 -4.5224000e-001 -5.1824000e-001 -6.3031000e-001
  2.0886520e+001  2.4057600e+000 -2.9653200e+000 -2.7932700e+000 -3.4546500e+000
  2.5800020e+001 -4.2270000e-001 -4.0909900e+000 -8.5130000e-001 -4.7043800e+000
  1.3634830e+001 -6.7375500e+000  5.1881000e-001 -1.2602800e+000 -1.1421200e+000
  1.9778350e+001 -3.7114600e+000 -4.9375300e+000 -6.4435000e-001 -3.1343300e+000
  1.0987660e+001 -1.8335900e+000  3.4636000e-001 -3.5428400e+000 -1.8135300e+000
  1.8160830e+001 -8.9783400e+000 -1.9995300e+000 -1.2026700e+000 -2.4392000e+000
  1.6550400e+001  9.8600000e-001 -5.6794300e+000 -1.5775100e+000 -7.5499700e+000
  1.7656590e+001  2.3589900e+000 -7.0265700e+000 -5.7870900e+000 -4.8310800e+000
  3.6054190e+001 -1.5099250e+001 -9.8144300e+000  1.1390900e+000 -4.3811000e-001
  2.3808450e+001 -8.4828300e+000 -4.6942000e+000 -9.2119000e-001 -2.2100300e+000
  4.3752070e+001  6.2541000e-001 -2.9846710e+001 -3.0349500e+000 -2.1994880e+001
  1.0670300e+001 -7.1357800e+000  1.5958200e+000  9.1786000e-001  4.6547200e+000
  4.5991780e+001 -2.5236740e+001 -1.6444110e+001  6.6380700e+000 -6.7639400e+000
  3.7628010e+001 -1.7135980e+001 -1.1899160e+001  2.1806900e+000 -1.9236000e+000
  6.0413450e+001 -3.8940540e+001 -1.7616910e+001  9.4182600e+000 -1.1573570e+001
  1.5261572e+002 -3.1437880e+001 -6.1203380e+001  1.9399000e-001 -3.4303200e+001
  3.9432450e+001 -1.0670430e+001 -9.0634900e+000  5.6936700e+000 -1.0342190e+001
  3.7527650e+001 -4.0691700e+000 -9.2165700e+000 -8.5254000e-001 -4.5948100e+000
  2.1151116e+002 -2.5907020e+001 -7.3769140e+001 -1.1350400e+000 -6.3905400e+001
  1.0178446e+002  8.8826000e-001 -4.1257990e+001 -8.5910800e+000 -5.0519730e+001
  5.8716270e+001 -2.6009380e+001 -1.8728030e+001 -1.3554400e+000 -1.3389510e+001
  1.4920230e+001 -8.7351000e+000  2.5660920e+001  1.8598790e+001  1.2147110e+001
  4.2790640e+001 -1.4096680e+001 -1.7386760e+001 -1.1560000e+000 -8.5093400e+000
  5.8887550e+001 -3.6644410e+001 -6.7996300e+000  3.0043200e+000 -5.4699500e+000
  7.2165250e+001 -1.0938006e+002  3.4889440e+001  6.0787840e+001  1.1269280e+001
  8.4560120e+001 -7.8184500e+000 -2.7121690e+001 -1.2039870e+001 -1.7771250e+001
  1.7603690e+001 -8.8213900e+000 -2.7616900e+000 -6.8310000e-001  2.6577500e+000
  1.2807423e+002 -1.7238460e+001 -8.8518160e+001 -5.3599380e+001 -4.8405480e+001
  1.4316731e+002 -2.3448670e+001 -6.3671790e+001 -2.2085430e+001 -3.2353160e+001
  1.0750282e+002 -2.8262560e+001 -5.4959980e+001 -2.8221340e+001 -3.7514600e+001
  2.1239432e+002  1.2818870e+001 -9.0383900e+000 -2.7142670e+001 -5.0083090e+001
  8.8330010e+001  9.8307000e-001 -2.9106410e+001 -2.9064640e+001 -3.9784690e+001
  6.8203960e+001 -1.3484730e+001 -6.9911600e+000 -7.1312700e+000 -1.5144460e+001
  8.8675780e+001 -1.1874750e+001 -3.6127610e+001 -9.8333000e-001 -3.1151000e+001
  2.9474625e+002 -6.5139120e+001 -5.2859110e+001 -3.1167050e+001  7.0334000e+000
  2.1165422e+002 -2.7707100e+001 -7.7904700e+000 -6.9190330e+001  3.7692930e+001
  1.3528790e+002 -3.4855050e+001 -1.9265250e+001 -2.5800650e+001  9.3199000e+000
  8.4455700e+001 -6.2477500e+000 -1.4068350e+001 -2.4788370e+001  3.4068400e+000
  5.1311510e+001  9.1047800e+000  2.4237000e+000 -2.1711870e+001  1.5209810e+001
  3.7434990e+001  1.6452660e+001  1.1308500e+000 -1.1809690e+001  7.2644300e+000
  3.6317090e+001  6.9191700e+000  3.6338800e+000 -1.4549630e+001  1.4147990e+001
  3.4656490e+001  1.2650170e+001  5.5962200e+000 -1.3103570e+001  1.0094910e+001
  3.4125500e+001  1.2824450e+001 -1.2814250e+001 -1.2033900e+001  3.1253000e+000
  2.4442210e+001  7.9362000e+000 -3.5651100e+000 -1.9216400e+000 -3.5903000e-001
  2.8376080e+001  5.8423500e+000 -3.6733000e-001 -5.3432200e+000 -3.3608000e-001
  3.5876960e+001  1.4376090e+001 -1.4269000e+000 -3.5937000e+000  7.4820000e-001
  2.0848940e+001  8.3270300e+000 -5.8431200e+000 -2.0987500e+000 -6.7327000e-001
  2.6522260e+001  6.0880400e+000 -2.2633000e-001  3.4038900e+000 -2.1013000e+000
  2.0617700e+001  5.1290800e+000 -1.3561000e+000 -1.2753700e+000  5.5500000e-003
  4.7578820e+001  2.3716260e+001 -7.5998000e-001 -4.1719500e+000 -9.3749000e-001
  4.0432400e+001  2.6512640e+001 -1.2988540e+001 -3.5986000e-001 -5.3661200e+000
  1.5275300e+001  8.0148400e+000 -4.0967200e+000 -7.4054000e-001 -9.6874000e-001
  3.2886080e+001  5.3096400e+000 -1.2478600e+000  1.0972900e+000 -3.8922000e+000
  2.4687480e+001 -2.5030000e-001  1.3101000e+000  9.2857000e-001  1.2867000e-001
  7.7253430e+001 -6.0381300e+000  6.5394000e-001  5.4597200e+000  1.8148300e+000
  7.9407140e+001  1.2256800e+001 -5.3471200e+000  2.8715400e+000  2.0636000e-001
  1.1647617e+002  1.6024250e+001 -1.1353800e+000  6.0481000e+000 -1.2599280e+001
  7.6833420e+001 -9.9528000e-001 -6.6776600e+000 -2.5648000e-001  2.0367800e+000
  2.7612028e+002 -1.4075240e+001  1.6136956e+002 -3.7037150e+001 -1.9439160e+001
  1.0996868e+003 -3.6248240e+001  1.0532119e+002 -2.4316300e+001 -6.7519280e+001
  4.0619790e+002  3.9048210e+001  1.7308629e+002 -6.1347610e+001 -2.4781890e+001
  2.1150250e+002  6.3288430e+001  1.1565987e+002 -9.7603100e+000 -1.7976860e+001
  8.1912360e+001  2.1315300e+001  4.4982340e+001 -9.4425000e+000  9.1541800e+000
  7.8959200e+001  3.0096700e+001  3.6365000e+001 -6.7705000e+000  1.0596200e+001
  5.6839200e+001  8.7569000e+000  2.3392700e+001 -7.0993000e+000  6.4359000e+000
  1.9060247e+002  5.7874220e+001  7.2764620e+001 -2.7410950e+001  2.1224230e+001
  1.0892046e+002  4.2385000e+001  1.9164190e+001 -2.8082740e+001  2.8455240e+001
  4.1075610e+001  9.7741800e+000  3.3369300e+000 -7.4453700e+000  6.6046700e+000
  4.9291700e+001  1.2876430e+001  3.6471200e+000 -9.9747100e+000  9.4686400e+000
  4.5050500e+001  1.5450300e+001 -8.3160000e-001 -7.9452000e+000  7.2081000e+000
  3.3185030e+002  7.1772200e+001  6.2523000e+000 -5.8801400e+001 -8.5040000e-001
  1.8800270e+002  6.4695200e+001  1.6239700e+001 -3.7776800e+001 -7.8629000e+000
  3.0435200e+001  9.4974000e+000 -4.6900000e-002 -5.8293000e+000 -1.7938000e+000
  7.7276100e+001  1.6983500e+001 -1.0020200e+001 -9.3188000e+000 -1.0550500e+001
  3.7702200e+001  9.4562000e+000 -1.0880000e+000  1.4351000e+000 -9.1691000e+000
  3.6680880e+001  2.4407800e+000  4.2795700e+000  2.0525100e+000 -3.2200700e+000
  2.6636800e+001  1.6175000e+000  3.9970000e+000 -3.8123000e+000  1.7639000e+000
  5.1018500e+001  1.1132700e+001  7.1891000e+000 -7.7446000e+000  1.7174000e+000
  2.8231700e+001  5.7479000e+000  2.7870000e-001 -3.4036000e+000  9.9130000e-001
  3.0291100e+001  6.8328000e+000 -3.0196000e+000 -3.3294000e+000 -2.5783000e+000
  4.0316500e+001  9.5940000e+000 -1.4936000e+000 -3.8895000e+000 -2.4529000e+000
  3.1354400e+001  1.3607300e+001 -6.6454000e+000 -5.4235000e+000 -5.0386000e+000
  1.9528200e+001  3.3682000e+000 -4.6016000e+000 -3.2718000e+000 -3.0397000e+000
  5.0095400e+001  6.2200000e-001 -1.8533000e+000 -3.9211000e+000  3.7880000e-001
