  7.6013700e+000 -1.4381300e+000  2.3097200e+000  4.0037000e-001 -7.1420000e-001
  2.4428520e+001 -1.6158100e+000  4.0493000e+000 -1.3143200e+000 -3.9138600e+000
  2.3795200e+000  1.3227000e-001  2.0939000e+000 -5.2163000e-001  1.5675700e+000
  4.2173200e+000 -9.1386000e-001  2.3509400e+000 -9.3873000e-001  3.7813000e-001
  5.2907200e+000 -1.2760200e+000  1.5142000e-001  1.3904000e-001 -1.6139200e+000
  7.5942700e+000 -3.8960000e-002  5.7570000e-001 -9.3515000e-001 -1.1467400e+000
  2.5717600e+000  2.1288000e-001 -1.1438000e-001 -5.2778000e-001 -8.5804000e-001
  1.5215160e+001  6.9843100e+000 -5.1987000e-001  1.0658800e+000 -2.3795600e+000
  6.4102000e+000  2.6460000e+000 -1.6060000e-001  1.0118500e+000 -1.2856000e+000
  2.6673700e+000  1.2999800e+000  1.6574700e+000 -6.8600000e-003 -2.5873000e-001
  1.0423210e+001  1.4142300e+000  3.4910300e+000 -1.7896800e+000 -1.7417600e+000
  1.0501150e+001  5.4576300e+000  5.5300000e-001 -7.0810000e-002 -3.3736800e+000
  3.2732320e+001  4.2153400e+000 -7.8915000e+000  5.7778000e+000 -1.0024120e+001
  2.6461980e+001 -3.3768800e+000 -5.5598800e+000  2.7280800e+000 -9.0440800e+000
  1.4916200e+001  5.3988900e+000  2.8744800e+000  7.3156000e-001 -1.8827900e+000
  1.5138540e+001  5.2996200e+000 -3.0652100e+000  4.8690000e-002 -7.5529000e+000
  5.4940800e+000  2.0344200e+000  1.7184000e+000 -2.9754000e-001  2.1867200e+000
  1.4356270e+001  4.1318800e+000  1.3625500e+000  7.5922000e-001 -7.7806000e-001
  2.2643600e+001  1.1689180e+001 -2.9508600e+000 -1.1726200e+000 -5.8983400e+000
  2.5654010e+001  1.0345900e+000  3.2723000e-001  1.0635300e+000 -4.2542000e+000
  2.1308270e+001  1.0417540e+001 -1.0451760e+001  1.2097000e+000 -4.2556300e+000
  6.8684400e+000 -1.2325800e+000 -2.5732000e-001 -1.6132000e+000 -3.5800000e-001
  2.2839030e+001  9.7945900e+000 -4.8437800e+000 -2.2253000e+000 -2.4928000e+000
  1.5913910e+001  4.6950100e+000 -1.7233400e+000 -2.6598900e+000 -1.6123300e+000
  4.7768540e+001  1.0717220e+001 -2.0411600e+001 -3.5021700e+000 -1.8162720e+001
  3.0806220e+001  9.3342400e+000 -8.9338500e+000 -3.8573300e+000 -9.1196500e+000
  3.2233260e+001 -3.4325500e+000 -7.5171700e+000 -1.4765200e+000 -9.3207300e+000
  1.1506934e+002  3.1621050e+001 -6.5286550e+001  5.6176600e+000 -5.4141400e+001
  3.9478450e+001  1.0096100e+000 -1.2968150e+001  1.8606900e+000 -1.6366350e+001
  1.9994270e+001  5.5848400e+000 -2.1511600e+000 -1.8943300e+000 -5.6665900e+000
  9.6426300e+000  4.9698900e+000 -2.1374100e+000  1.2046000e-001 -3.2689400e+000
  1.1656540e+001  4.4454600e+000 -2.9245000e-001 -2.4085200e+000 -2.1917000e+000
  3.0258090e+001  6.7166600e+000  4.4830600e+000 -3.2381800e+000  1.0945300e+000
  2.9066150e+001  4.3829200e+000 -1.7062700e+000 -9.7341000e-001 -3.7735200e+000
  7.1174800e+000 -1.1055000e+000  8.3120000e-001 -6.0756000e-001  1.5851600e+000
  1.0409710e+001  2.1064500e+000 -1.4792900e+000 -8.0049000e-001 -5.6291000e-001
  1.1276950e+001 -2.8265600e+000 -1.9345000e+000 -1.3926000e-001 -1.3232300e+000
  1.5197340e+001 -3.9261000e+000 -3.5651200e+000  3.6309100e+000 -2.6930200e+000
  2.8680690e+001  1.0423700e+000 -7.3858200e+000  2.5437600e+000  1.4645700e+000
  5.5658740e+001 -1.1152200e+000 -1.9013910e+001  2.1813600e+000 -1.7882900e+000
  3.4524480e+001 -3.1982000e-001 -1.3086220e+001  1.2341200e+000 -7.2183800e+000
  9.3079440e+001  3.1857000e+000 -2.2528840e+001  7.7211000e+000 -4.5084200e+000
  4.9952900e+001 -1.1904900e+001 -1.2053860e+001  5.5368100e+000 -3.1191800e+000
  6.6618940e+001 -1.4850140e+001 -1.2046580e+001 -3.4885000e+000 -1.4251640e+001
  2.1145849e+002 -6.6983430e+001 -4.7788380e+001  1.6844130e+001 -5.4268990e+001
  1.6395778e+002 -6.2163020e+001 -4.9022610e+001  1.5437850e+001 -3.6737240e+001
  7.5189450e+001 -4.5282000e-001  1.9286000e+000  2.4192600e+000 -1.1997980e+001
  4.4038040e+001 -1.3290730e+001 -3.6633900e+000  1.9299500e+000 -5.6058600e+000
  6.0788540e+001 -1.1438720e+001 -1.4731600e+000  9.5994000e-001  2.0383000e-001
  5.7503380e+001 -1.8708280e+001  9.1650000e-001  4.7312600e+000  1.9617400e+000
  3.8400360e+001 -2.3154500e+000  1.0060200e+001 -1.9088000e-001  1.9339500e+000
  2.5295970e+001 -4.9451400e+000  5.4373200e+000  7.6077000e-001  2.1544300e+000
  1.5312240e+001 -4.1523800e+000 -9.4995000e-001  1.1469000e-001  1.3518300e+000
  3.0424470e+001 -5.7917200e+000 -3.0416900e+000  5.8565000e-001  1.8680100e+000
  1.5431270e+001 -4.0918200e+000 -1.1020000e+000  1.3715600e+000 -1.9546000e-001
  1.2615280e+001 -2.0058000e+000 -2.9256600e+000  1.3349200e+000 -2.3214000e-001
  1.6354800e+001 -4.4963000e+000 -4.1362500e+000  1.1864200e+000  1.5737800e+000
  2.5739130e+001 -2.9440400e+000 -7.2951900e+000  3.4284100e+000 -2.5978000e-001
  2.6845080e+001 -8.6927400e+000 -8.9269000e+000  5.1412300e+000 -8.1170000e-002
  2.3745080e+001 -4.1019800e+000 -7.8574900e+000  5.5741700e+000 -2.7195800e+000
  4.2000190e+001  1.0565260e+001 -9.3548600e+000  6.0389500e+000 -7.4111400e+000
  4.9598770e+001  4.3424400e+000 -1.6084780e+001  1.1833780e+001 -7.9122600e+000
  1.1755780e+001 -9.3595000e-001 -2.2871600e+000  1.8482300e+000 -1.0189700e+000
  1.6832700e+001 -3.2041000e-001 -1.4359800e+000  2.7488100e+000 -3.3739800e+000
  1.7944210e+001 -1.8890800e+000 -4.5730100e+000  5.3786800e+000 -4.2740600e+000
  5.4858620e+001  9.7975900e+000 -4.0484900e+000  2.4814100e+000 -6.6212700e+000
  6.2826590e+001  1.1969310e+001 -1.1028710e+001 -3.7652400e+000 -7.6192600e+000
  3.9382450e+001 -5.4139300e+000 -4.1764700e+000  1.3863600e+000 -4.7588200e+000
  3.5439360e+001 -5.8916600e+000 -1.3201020e+001  7.9195200e+000 -8.5597800e+000
  4.5501480e+001 -6.3420200e+000 -1.1130350e+001 -6.4583000e-001 -9.3060900e+000
  2.9689180e+001 -8.7473400e+000 -5.6097100e+000  3.1837000e-001 -6.0244000e-001
  2.2907660e+001 -2.4917800e+000 -1.3689300e+000 -1.9709200e+000 -7.5790000e-002
  5.0894740e+001 -1.3289100e+000 -2.3863990e+001  3.4406900e+000 -1.4545220e+001
  3.4444830e+001 -8.1710400e+000 -1.3390360e+001  1.6676000e+000 -8.3920800e+000
  4.8619180e+001 -1.1713040e+001 -3.3674680e+001  8.6754200e+000 -1.9682640e+001
  3.0132050e+001 -7.9954200e+000 -1.3953170e+001  4.4834700e+000 -8.8445300e+000
  7.2952500e+001 -3.1113580e+001 -1.2613040e+001 -1.8116100e+000 -7.7574500e+000
  1.2266995e+002 -3.7286800e+001 -3.2703950e+001  6.5357400e+000 -1.1288120e+001
  5.4221950e+001 -1.6953270e+001 -1.5862940e+001  2.0879700e+000 -3.6618300e+000
  3.8243240e+001 -3.1925200e+000 -7.4894600e+000 -2.4058800e+000 -2.2223200e+000
  3.3641760e+001 -9.6129000e+000 -1.2034000e+001 -2.7824700e+000 -2.7000300e+000
  1.9662840e+001 -5.9233700e+000 -1.0764170e+001  9.1400000e-003 -2.8653700e+000
  2.8676900e+001 -6.9777700e+000 -1.1811910e+001 -4.8197400e+000 -2.4220500e+000
  2.7818240e+001 -8.6618000e+000 -7.5208100e+000 -3.6901500e+000 -1.0552700e+000
  3.9492160e+001 -1.1224990e+001 -1.7878580e+001 -3.3959300e+000 -1.2535640e+001
  2.3405100e+001 -1.0200500e+001 -9.5126400e+000 -1.1922900e+000 -7.5290400e+000
  2.4458300e+001 -7.1295300e+000 -1.0542640e+001 -5.9492000e-001 -4.9468900e+000
  1.6680340e+001 -6.2864600e+000 -6.8424200e+000  5.9614000e-001 -6.0910600e+000
  1.7078370e+001 -3.3241800e+000 -2.7397300e+000 -1.3678300e+000 -2.9798700e+000
  2.2457270e+001 -8.4654800e+000 -6.5447600e+000  1.6468600e+000 -4.7385500e+000
  3.9120000e+001 -1.4938760e+001 -3.4913000e-001 -1.9972100e+000 -2.6166800e+000
  3.7492550e+001 -1.7494730e+001 -8.2117100e+000 -2.1147900e+000 -2.7115400e+000
  5.6315950e+001 -1.1313560e+001 -1.5970110e+001  2.2355000e-001 -8.0261700e+000
  2.3253530e+001 -1.0713620e+001 -4.1640900e+000 -1.8318000e-001 -8.5172000e-001
  3.5237460e+001 -6.3869800e+000 -9.7103400e+000 -1.0320700e+000 -5.1115700e+000
  5.0995280e+001 -2.2604130e+001 -4.0500000e+000  4.8314000e-001 -5.6011000e+000
  3.1441180e+001 -1.3542480e+001 -5.5138700e+000  6.1547800e+000 -4.6879800e+000
  5.5848055e+002 -9.1074370e+001 -9.9920300e+001 -1.6417540e+001 -3.7378900e+001
  6.4578060e+001 -2.4821170e+001 -1.0045270e+001  2.0380500e+000 -4.9775300e+000
  4.3097940e+001 -2.0229320e+001 -5.4004800e+000  2.5430700e+000 -4.3692400e+000
  2.5889630e+001 -1.4478930e+001 -6.0140600e+000  1.6461500e+000 -3.0066400e+000
  1.8971140e+001 -9.5392500e+000 -3.9951000e+000  1.4775500e+000 -2.1715300e+000
  2.1727300e+001 -9.6908000e+000 -2.7984000e+000  4.3014000e-001 -3.4590600e+000
  2.3882440e+001 -1.1667220e+001 -4.1388800e+000  7.9026000e-001 -2.7867200e+000
  1.7728460e+001 -9.2288300e+000 -2.6787200e+000  2.0925900e+000 -4.1510000e-001
  6.4519320e+001 -2.0499670e+001 -1.1756230e+001  8.3947400e+000 -8.8862500e+000
  3.6901920e+001 -1.1847410e+001 -7.7044300e+000  6.5320500e+000 -4.6170700e+000
  3.3249520e+001 -1.6564910e+001 -2.3519200e+000  4.4602000e+000 -3.7614300e+000
  1.0588320e+002  2.2360200e+000 -5.0175090e+001  2.9415190e+001 -4.7903450e+001
  1.1160079e+002 -3.7769240e+001 -2.3474930e+001  1.9077340e+001 -3.8575410e+001
  7.6551550e+001 -1.1047400e+000 -1.3403780e+001  1.3961610e+001 -2.2180830e+001
  4.3126830e+001 -9.8439100e+000 -8.5442000e+000  4.4877400e+000 -5.0902600e+000
  3.8499590e+001 -5.2241000e+000  6.6520000e-001  5.7381200e+000 -5.1944600e+000
  5.9708180e+001 -1.3921080e+001 -6.0908000e-001  2.0170200e+000 -6.3302600e+000
  2.5084450e+001  1.8300000e-002 -1.9788000e+000  1.5245500e+000 -3.2832500e+000
  3.5349880e+001  6.1890000e-002 -6.1905200e+000  2.1644500e+000 -3.3062600e+000
  1.9058840e+001 -3.6390400e+000 -4.5948000e-001  2.2076000e-001 -1.4874800e+000
  1.5051320e+001 -8.8209000e-001 -4.6193600e+000  1.5256000e-001 -2.8300700e+000
  2.5112250e+001 -2.9169700e+000  3.1253300e+000  9.4435000e-001  6.6938000e-001
  3.7078580e+001 -1.5357740e+001  3.3954500e+000  1.0215100e+001 -6.5125000e+000
  9.9870100e+000 -2.3407300e+000 -6.8010000e-001 -1.0482000e-001  4.5400000e-001
  1.4431400e+001 -1.3737700e+000 -1.6127400e+000  1.6727600e+000 -4.7506100e+000
  2.4701120e+001 -3.7735400e+000 -5.0352000e-001 -1.7278700e+000 -2.6843500e+000
  2.9208520e+001 -4.6266000e+000 -2.2495900e+000 -1.0049000e+000 -6.1575800e+000
  1.3408730e+001 -5.4146500e+000 -1.7610900e+000 -8.5580000e-002 -2.9865200e+000
  2.6228950e+001 -8.3167600e+000 -1.4427300e+000 -7.1695000e-001 -5.6017300e+000
  1.6807860e+001 -7.2182900e+000  2.4454600e+000  4.7956000e-001 -3.2903300e+000
  1.6518730e+001 -1.1271240e+001  2.7027700e+000  1.1346300e+000 -4.2833000e+000
  1.3820100e+001 -2.3176000e+000  9.5577000e-001  2.0619000e-001 -2.6698700e+000
  2.2353590e+001 -4.1947100e+000 -7.3058700e+000 -5.4479000e-001 -7.9388800e+000
  4.2568690e+001 -1.5338150e+001 -1.0740130e+001  4.1980900e+000 -5.0391100e+000
  2.9717250e+001 -1.0840030e+001 -2.8777000e+000  1.8198100e+000 -1.4945300e+000
  4.4887870e+001 -7.4662900e+000 -2.2972510e+001 -1.4819500e+000 -1.7151880e+001
  2.8822200e+001 -2.3592780e+001 -4.7798000e-001  7.7346600e+000  2.5144200e+000
  5.4289280e+001 -2.8031540e+001 -1.5451110e+001  9.6564700e+000 -5.6269400e+000
  6.5617210e+001 -3.7273680e+001 -1.3534560e+001  1.5661790e+001 -6.0429000e+000
  5.8368050e+001 -3.7837340e+001 -1.2252210e+001  9.2370600e+000 -6.2294700e+000
  1.1978212e+002 -2.7554480e+001 -4.0119980e+001  3.8968900e+000 -2.3919800e+001
  4.8647450e+001 -1.3057730e+001 -1.2706290e+001  8.7220700e+000 -9.4753900e+000
  4.6606850e+001 -1.1081670e+001 -1.0787870e+001  4.8181600e+000 -8.0153100e+000
  2.5885356e+002 -5.2617620e+001 -8.8574940e+001  9.9927600e+000 -8.1740600e+001
  1.4281516e+002 -1.8221640e+001 -5.8148990e+001  1.0715200e+000 -7.2020030e+001
  9.2302570e+001 -3.6683980e+001 -3.2537230e+001  1.7540600e+000 -3.0652310e+001
  7.2350330e+001 -2.7423200e+001 -3.6661480e+001 -6.8190100e+000 -2.7442990e+001
  7.1580940e+001 -3.5480080e+001 -2.6425760e+001  7.9773000e+000 -2.3591940e+001
  9.0803750e+001 -6.6357610e+001 -1.2584130e+001  9.9546200e+000 -1.2134150e+001
  1.4379105e+002 -1.2082126e+002  8.4024000e-001  5.2279040e+001 -1.5345200e+000
  1.2176142e+002 -4.3374950e+001 -3.2183990e+001  8.4770300e+000 -1.4566850e+001
  4.8078490e+001 -1.8909690e+001 -1.0450590e+001 -7.9110000e+000 -1.1947050e+001
  1.4577413e+002 -2.9845560e+001 -8.2208260e+001 -3.8644780e+001 -5.6795980e+001
  1.4640201e+002 -2.0823270e+001 -8.6898090e+001 -2.4191330e+001 -5.4666260e+001
  8.9901420e+001 -2.4428160e+001 -5.2725880e+001 -1.3466840e+001 -4.3089300e+001
  1.0225632e+002 -2.9862300e+000 -1.2508990e+001 -8.3446700e+000 -2.6137590e+001
  6.5133810e+001 -8.4935300e+000 -2.1923910e+001 -1.4222340e+001 -2.8223090e+001
  7.1924660e+001 -1.6753530e+001 -1.0992260e+001 -1.2442570e+001 -2.1530760e+001
  8.5257280e+001 -1.1056950e+001 -2.8310710e+001 -1.0310330e+001 -3.0863500e+001
  3.0315965e+002 -6.4196220e+001 -3.9860810e+001 -4.0362350e+001  6.1751000e+000
  2.1638552e+002 -3.6462000e+001 -2.9062670e+001 -5.1766230e+001  1.9925730e+001
  1.2139200e+002 -3.5409250e+001 -1.6452050e+001 -2.3053050e+001  8.9087000e+000
  7.2199000e+001 -8.8864500e+000 -1.5206350e+001 -1.6978870e+001  1.4871400e+000
  4.9978610e+001  5.8407800e+000  3.5180000e-001 -1.4729570e+001  1.0125410e+001
  3.1101190e+001  1.3267460e+001 -4.0925000e-001 -8.4255900e+000  4.2637300e+000
  3.2140690e+001  6.9845700e+000  1.4412800e+000 -9.3981300e+000  8.3513900e+000
  3.1041590e+001  1.2459770e+001  5.6894200e+000 -6.3970700e+000  4.4079100e+000
  2.5688300e+001  1.1040450e+001 -9.7465500e+000 -7.5771000e+000  2.2469000e+000
  2.7553710e+001  3.3867000e+000 -5.0197100e+000 -9.6984000e-001 -8.1733000e-001
  2.5150480e+001  3.7556500e+000 -3.5209300e+000 -2.8690200e+000 -1.9808000e-001
  2.9556760e+001  9.6392900e+000 -2.0344000e+000  7.6650000e-001 -1.7435000e+000
  1.9585040e+001  7.7400300e+000 -4.1510200e+000  1.6218500e+000 -1.6373700e+000
  2.6126560e+001  7.5901400e+000 -1.2670300e+000  2.1614900e+000 -1.6683000e+000
  2.0401100e+001  2.2418800e+000 -3.3818000e+000 -7.0997000e-001 -1.1367500e+000
  3.9695520e+001  1.4350560e+001 -6.7168000e-001 -1.1546500e+000 -1.4927900e+000
  2.6933800e+001  1.5634540e+001 -7.4480400e+000  1.3124400e+000 -1.6757200e+000
  1.3382500e+001  5.7018400e+000 -1.2621200e+000  3.2460000e-002  2.2936000e-001
  3.9820180e+001  6.4342400e+000  7.3484000e-001  2.1837900e+000 -3.3770000e+000
  2.7120680e+001  2.3942000e+000  1.4803000e+000  1.8513700e+000 -3.6463000e-001
  1.1309023e+002  1.0479170e+001  9.2059400e+000  9.4449200e+000 -9.1407000e-001
  1.4237944e+002  2.6240200e+001  8.2057800e+000  6.3096400e+000  1.9122600e+000
  2.3118017e+002  3.2529850e+001  1.9537320e+001  2.3798600e+001 -2.6304800e+000
  1.2050062e+002  2.1479200e+000 -6.2656600e+000 -1.3857980e+001  1.0986280e+001
  6.8068578e+002  1.1426600e+000  5.0178976e+002 -1.3193305e+002 -6.2290160e+001
  1.3439011e+003  7.4213460e+001  4.1304389e+002 -1.1609360e+002 -1.1084928e+002
  9.0362210e+002  9.6260810e+001  5.7607419e+002 -1.5978461e+002 -7.6957590e+001
  4.0842240e+002  9.7018330e+001  3.3370507e+002 -4.3567010e+001 -4.5151260e+001
  1.1756866e+002  2.3927300e+001  9.0302640e+001 -4.3532600e+001  1.2079480e+001
  1.0143610e+002  3.0768000e+001  6.0878100e+001 -2.7789000e+001  1.3063900e+001
  5.9371000e+001  6.2046000e+000  3.1165400e+001 -1.7200100e+001  5.4495000e+000
  2.0274717e+002  4.4262420e+001  8.3506920e+001 -4.1991950e+001  2.3649730e+001
  1.2625466e+002  4.6924400e+001  3.0999690e+001 -3.4974940e+001  3.5128440e+001
  5.0352310e+001  7.5417800e+000  2.4008830e+001 -2.0369170e+001  2.1334170e+001
  5.5188200e+001  1.5555630e+001  1.4386120e+001 -1.6801310e+001  1.4960240e+001
  3.9349600e+001  5.8988000e+000  8.9160000e+000 -8.5596000e+000  9.5083000e+000
  4.0546520e+002  9.1717500e+001  4.5337000e+001 -9.1285700e+001  9.0724000e+000
  2.9299020e+002  1.1493110e+002  4.4920300e+001 -7.3217200e+001 -8.4455000e+000
  4.6280200e+001  1.9544300e+001  1.0529300e+001 -1.6995400e+001 -4.1730000e-001
  9.1361900e+001  1.9639400e+001 -2.2300000e-001 -1.5225100e+001 -9.4459000e+000
  4.2549800e+001  6.6876000e+000  1.1869500e+001 -3.7798000e+000 -2.1129000e+000
  4.6022080e+001  1.6702800e+000  1.5314670e+001 -3.2668900e+000  1.3845300e+000
  3.0820400e+001  2.0847000e+000  8.7376000e+000 -7.4930000e+000  2.0784000e+000
  5.7936000e+001  1.4730700e+001  1.3652900e+001 -1.0469700e+001  2.6053000e+000
  2.6032500e+001  6.8885000e+000  6.0672000e+000 -6.9443000e+000  1.8808000e+000
  3.5543300e+001  5.2222000e+000  1.0824000e+000 -6.0474000e+000 -2.5568000e+000
  4.0959000e+001  9.3108000e+000  8.7480000e-001 -7.1920000e+000 -2.3494000e+000
  3.0134100e+001  1.5961800e+001 -5.1618000e+000 -8.5193000e+000 -5.2365000e+000
  2.4310200e+001  6.2449000e+000 -4.9499000e+000 -4.2801000e+000 -3.3542000e+000
  5.5829600e+001  2.0120000e+000  1.3108000e+000 -6.7847000e+000  1.5550000e-001
