  4.9287700e+000 -8.8743000e-001  1.2995200e+000  2.4947000e-001 -5.1830000e-001
  1.1473320e+001 -1.1706100e+000  1.4633000e+000 -3.8022000e-001 -2.1321600e+000
  1.2298200e+000 -2.7593000e-001  4.2060000e-001  3.1270000e-002  6.0367000e-001
  3.2656200e+000 -2.5886000e-001  1.2061400e+000  2.2837000e-001 -1.4817000e-001
  2.8048200e+000 -3.6312000e-001  5.2852000e-001  2.2894000e-001  4.9880000e-002
  2.9537700e+000 -1.3386000e-001  4.8000000e-002 -4.6645000e-001 -3.8204000e-001
  2.6955600e+000  1.0988000e-001 -2.0680000e-002  2.2472000e-001 -3.4334000e-001
  1.3808060e+001  6.7960100e+000 -1.8327000e-001  8.4458000e-001 -2.5126600e+000
  3.8451000e+000  8.3950000e-001 -5.3450000e-001  3.5475000e-001 -6.5350000e-001
  2.3217700e+000 -6.9512000e-001 -2.1833000e-001 -1.8826000e-001 -8.2730000e-002
  6.1949100e+000 -1.8016700e+000  4.0343000e-001  3.6552000e-001 -9.1256000e-001
  7.4178500e+000  3.9853300e+000  8.7630000e-001  7.7990000e-002 -1.3299800e+000
  3.1039620e+001  2.6568400e+000 -7.5397000e+000  3.9103000e+000 -7.4095200e+000
  1.8151580e+001 -2.7442800e+000 -4.6757800e+000  2.3797800e+000 -5.1588800e+000
  4.8433000e+000  7.8409000e-001  4.5368000e-001  1.1560000e-002 -6.0199000e-001
  7.8260400e+000  1.5718200e+000 -9.9331000e-001 -3.1121000e-001 -2.1487000e+000
  2.7780800e+000  2.3642000e-001  7.3660000e-001 -9.3140000e-002 -4.9818000e-001
  8.6795700e+000  2.2297800e+000 -6.2385000e-001  9.4812000e-001 -1.5326600e+000
  1.4345300e+001  6.2372800e+000 -6.4586000e-001 -1.7387200e+000 -1.1325400e+000
  1.0444710e+001 -2.0515100e+000 -7.0547000e-001  5.4373000e-001 -1.2850000e-001
  4.1905700e+000  1.1744400e+000 -2.1837600e+000 -7.9200000e-002 -1.4132300e+000
  5.8204400e+000  8.1362000e-001 -8.5082000e-001  8.8810000e-001 -1.8094000e+000
  1.0054630e+001  4.1804900e+000 -2.9778000e-001 -2.0248000e+000  1.2400000e-002
  1.0276910e+001  3.4620100e+000 -1.2902400e+000 -1.4007900e+000 -5.3643000e-001
  1.8499040e+001  3.6354200e+000 -6.4887000e+000 -3.3511700e+000 -5.9718200e+000
  2.2107320e+001  8.1463400e+000 -3.1581500e+000 -3.3374300e+000 -3.4203500e+000
  2.5158260e+001  1.1176500e+000  1.6344300e+000 -4.7820200e+000  9.3870000e-002
  6.9469140e+001  2.1083050e+001 -3.9906350e+001  3.7658600e+000 -3.2726700e+001
  2.7638450e+001 -1.9767900e+000 -7.3206500e+000  9.6729000e-001 -9.8380500e+000
  1.6238770e+001  2.8089400e+000 -1.8582600e+000 -1.8483000e-001 -3.9211900e+000
  7.5636300e+000  3.9337900e+000  1.8708900e+000 -1.4456400e+000 -2.6474000e-001
  9.5659400e+000  1.9528600e+000  1.4175000e-001 -1.7794200e+000 -1.0855000e+000
  2.0012790e+001  4.8543600e+000  3.4136600e+000 -2.8945800e+000 -1.0085700e+000
  1.7442550e+001  3.7640200e+000  1.1483000e-001 -1.8616100e+000 -1.5956200e+000
  5.5742800e+000 -2.0000000e-002  1.2820000e+000 -2.0021600e+000  1.3179600e+000
  2.3576100e+000  6.1615000e-001  2.5981000e-001 -5.0229000e-001  3.2589000e-001
  5.9893500e+000 -9.8646000e-001  4.6500000e-001 -1.2480600e+000  1.4417000e-001
  8.6357400e+000 -1.6297000e+000  4.0378000e-001  2.6371000e-001  2.2778000e-001
  1.3938390e+001  1.1802700e+000 -4.1150200e+000 -2.1404000e-001  6.5447000e-001
  2.6759840e+001 -1.1162000e-001 -8.4768100e+000  5.4526000e-001  7.6911000e-001
  1.5967080e+001  2.9868000e-001 -2.7642000e-001 -1.0036800e+000  7.2192000e-001
  6.1181940e+001  6.7241000e+000 -1.0230240e+001  2.4433000e+000 -1.3323200e+000
  2.7160000e+001  3.0268000e+000  1.9853400e+000 -4.5352900e+000  3.3750200e+000
  4.3337740e+001 -7.7157400e+000 -4.8415800e+000 -6.3384000e+000 -7.8182400e+000
  9.3665490e+001 -1.8232830e+001 -1.0708080e+001 -1.5457700e+000 -1.5059290e+001
  1.0544158e+002 -3.4478220e+001 -2.5500610e+001  7.4136500e+000 -1.8099440e+001
  5.9430250e+001  2.7230800e+000  1.1720600e+001 -4.9690400e+000 -3.7265800e+000
  2.7327940e+001 -3.8503300e+000 -2.3841900e+000 -1.7941500e+000 -1.0935600e+000
  3.5937740e+001 -3.8951200e+000  2.9596400e+000 -7.7416000e-001  6.2433000e-001
  2.2788680e+001 -6.0676800e+000  2.2074000e+000  6.5956000e-001  1.4179400e+000
  2.3458160e+001 -2.0309500e+000  7.2833000e+000 -8.9638000e-001  1.7165500e+000
  1.1866570e+001 -1.4378400e+000  2.9624200e+000  3.9470000e-002  5.0653000e-001
  8.6184400e+000 -2.3709800e+000  5.8985000e-001 -5.1081000e-001  6.6953000e-001
  1.6084570e+001 -1.6387200e+000  5.2901000e-001 -4.1775000e-001  1.5783100e+000
  8.7223700e+000 -2.3680200e+000 -1.9070000e-001  7.4646000e-001 -2.7216000e-001
  7.8245800e+000 -1.0579000e+000 -8.9016000e-001  3.6672000e-001 -1.8414000e-001
  7.9334000e+000 -6.5180000e-001 -1.4650000e-002 -7.3528000e-001  6.4078000e-001
  1.4692230e+001 -1.4194400e+000 -3.9898900e+000  2.0290100e+000 -3.9838000e-001
  7.3620800e+000 -2.1150400e+000 -2.0499000e+000  7.5753000e-001  1.3603000e-001
  6.5617800e+000 -1.3823800e+000 -1.4982900e+000  7.8357000e-001 -1.9358000e-001
  1.7842190e+001  8.9136600e+000 -2.8792600e+000  1.3789500e+000 -2.9004400e+000
  2.5068670e+001  4.5323400e+000 -6.6622800e+000  4.6067800e+000 -3.3147600e+000
  6.4995800e+000 -3.1315000e-001 -1.3713600e+000  9.0473000e-001 -4.2227000e-001
  1.1744900e+001 -5.7541000e-001 -8.2088000e-001  7.5511000e-001 -1.5203800e+000
  8.0868100e+000 -5.4378000e-001 -6.5811000e-001  6.7208000e-001 -5.8426000e-001
  3.6013920e+001  1.2625790e+001 -1.9395900e+000 -5.5969000e-001 -3.9617700e+000
  6.1636590e+001  1.3597910e+001 -6.9879100e+000 -7.6499400e+000 -2.9436600e+000
  3.1074450e+001 -2.8271300e+000 -1.5330700e+000 -1.7199400e+000 -2.7560200e+000
  2.4395260e+001 -3.1827600e+000 -9.5526200e+000  4.6160200e+000 -5.9366800e+000
  5.1383980e+001 -7.1817200e+000 -1.6223050e+001  1.4021700e+000 -1.2264890e+001
  2.7737780e+001 -3.5697400e+000 -1.0183210e+001  1.1802700e+000 -5.3389400e+000
  1.7504560e+001 -3.8070800e+000 -2.6270300e+000 -2.2963200e+000 -1.3592900e+000
  4.1033640e+001  3.5034900e+000 -2.0980790e+001  3.0075900e+000 -1.4013120e+001
  2.2595230e+001 -6.3896400e+000 -8.4401600e+000  1.3975000e+000 -5.7740800e+000
  2.6465880e+001 -6.1895400e+000 -1.6607980e+001  4.2182200e+000 -1.0202340e+001
  1.7396150e+001 -4.4572200e+000 -7.8125700e+000  2.6365700e+000 -5.6268300e+000
  5.2070800e+001 -2.4492080e+001 -4.7449400e+000 -4.0276100e+000 -3.9317500e+000
  5.1706450e+001 -1.7557300e+001 -9.3933500e+000  2.4866400e+000 -5.5484200e+000
  2.2475950e+001 -6.1979700e+000 -4.4259400e+000  3.9517000e-001 -3.0231300e+000
  1.4260740e+001 -8.6420000e-002 -2.9147600e+000 -1.6347800e+000 -1.2739200e+000
  1.6453960e+001 -4.4943000e+000 -4.6705000e+000 -1.1943700e+000 -6.4663000e-001
  9.5859400e+000 -5.8774700e+000 -2.5633700e+000 -2.0075600e+000 -1.2901700e+000
  1.7343800e+001 -3.0308700e+000 -4.8005100e+000 -3.4501400e+000 -1.0863500e+000
  1.6703740e+001 -6.5254000e+000 -4.8234100e+000 -1.9002500e+000 -1.4774700e+000
  2.0397560e+001 -7.4550900e+000 -5.6277800e+000 -1.8145300e+000 -4.2345400e+000
  1.9205200e+001 -9.5917000e+000 -6.3076400e+000 -1.5412900e+000 -5.5822400e+000
  9.6435000e+000 -3.9093300e+000 -2.3507400e+000 -5.8282000e-001 -1.0079900e+000
  9.6769400e+000 -4.2100600e+000 -2.4876200e+000  2.6164000e-001 -3.3669600e+000
  1.7030570e+001 -5.3955800e+000  3.1264700e+000 -2.1475300e+000 -1.0968700e+000
  1.5702270e+001 -6.9780800e+000 -1.4178600e+000  4.3546000e-001 -1.7986500e+000
  2.5315600e+001 -8.2987600e+000  1.2567000e-001 -1.3435100e+000 -3.4476800e+000
  2.8206250e+001 -1.3110230e+001 -3.8586100e+000 -2.1011900e+000 -9.0074000e-001
  5.0006650e+001 -1.5450060e+001 -5.8971100e+000 -2.6206500e+000 -4.1049700e+000
  1.9710830e+001 -9.1250200e+000 -2.8849900e+000 -2.8528000e-001  1.2358000e-001
  3.0567260e+001 -8.9663800e+000 -6.0803400e+000 -7.3027000e-001 -2.5301700e+000
  5.3199180e+001 -2.5616330e+001 -1.6857000e+000 -1.5506000e-001 -4.7818000e+000
  2.4635880e+001 -1.3095680e+001 -2.4592700e+000  4.3343800e+000 -2.0158800e+000
  4.1911195e+002 -1.4973197e+002 -5.2930100e+001  2.6456000e-001 -1.0547400e+001
  4.9317760e+001 -2.3125170e+001 -6.9387700e+000  7.7345000e-001 -1.9690300e+000
  3.7276440e+001 -2.0331720e+001 -3.1645800e+000  1.3445700e+000 -1.8131400e+000
  1.8494730e+001 -1.0796330e+001 -3.9795600e+000  9.3435000e-001 -1.7125400e+000
  1.4628240e+001 -8.3851500e+000 -2.3851000e+000  1.2346500e+000 -1.0011300e+000
  1.4148400e+001 -6.7431000e+000 -1.5735000e+000  2.1214000e-001 -2.2766600e+000
  1.5358140e+001 -8.3518200e+000 -2.6162800e+000  5.4626000e-001 -1.7919200e+000
  1.3589360e+001 -7.7614300e+000 -1.9504200e+000  7.1899000e-001 -5.0080000e-001
  2.6789320e+001 -1.2560670e+001 -4.2643300e+000  1.9294400e+000 -5.2155000e-001
  2.4193520e+001 -1.0657910e+001 -3.5894300e+000  2.4600500e+000 -1.4324700e+000
  1.9888920e+001 -1.0032710e+001 -9.6242000e-001  5.7020000e-001 -1.1009300e+000
  4.5950200e+001 -1.9217800e+000 -1.7137690e+001  8.5055900e+000 -1.1110450e+001
  3.3693690e+001 -1.8992040e+001 -7.5870300e+000  5.2986400e+000 -8.5369100e+000
  2.6662550e+001 -8.5248400e+000 -4.0606800e+000  4.7289100e+000 -4.8385300e+000
  2.0125430e+001 -9.1184100e+000 -4.0267000e+000  1.6552400e+000 -8.1176000e-001
  1.6440690e+001 -3.9309000e+000 -9.3950000e-001  1.6905200e+000 -2.1861600e+000
  2.3521180e+001 -8.4457800e+000  1.4902000e-001 -9.3948000e-001 -1.2867600e+000
  8.8722500e+000 -5.8299000e+000 -5.2458000e+000  1.1602500e+000 -2.2822500e+000
  1.2619080e+001 -2.9303100e+000 -1.9074200e+000  1.0174500e+000 -5.7216000e-001
  6.8214400e+000 -2.3666400e+000  3.4402000e-001 -7.9054000e-001 -4.9528000e-001
  6.2330200e+000 -3.0892900e+000 -7.3126000e-001  8.3456000e-001 -2.2197000e-001
  1.0851350e+001 -6.5362700e+000  7.4464300e+000 -4.2515000e-001  3.6122800e+000
  1.2813880e+001 -6.4302400e+000  2.9419500e+000  1.3170000e+000  1.2840000e-001
  4.5811100e+000 -1.8218300e+000  9.2900000e-001 -8.6152000e-001  3.8170000e-001
  1.2388500e+001 -6.6024700e+000  1.4107600e+000 -2.8774000e-001 -2.3055100e+000
  2.0275020e+001 -5.4229400e+000 -5.2692000e-001 -2.0483700e+000 -3.0560500e+000
  2.7761120e+001 -6.4919000e+000 -1.9989000e-001 -1.3480000e-001 -5.7068800e+000
  1.3160530e+001 -6.5218500e+000  1.2190100e+000 -1.6927800e+000 -1.8669200e+000
  1.2915450e+001 -7.9675600e+000  2.4360700e+000 -1.1904500e+000 -1.3047300e+000
  8.9293600e+000 -4.3646900e+000  3.7037600e+000 -1.3119400e+000 -3.4273000e-001
  1.1833530e+001 -1.0956140e+001  4.2298700e+000  9.2430000e-002 -1.9030000e-001
  6.1962000e+000 -3.3135000e+000 -5.4033000e-001 -7.3171000e-001 -5.6197000e-001
  5.7533900e+000 -5.5740100e+000  3.8533000e-001 -9.3659000e-001  1.7000200e+000
  2.1594990e+001 -1.1753550e+001 -7.0483000e-001  1.2715900e+000  2.1535900e+000
  1.8655150e+001 -6.0396300e+000  1.1640000e-001 -8.5419000e-001 -2.3563000e-001
  1.9677470e+001 -6.5134900e+000 -6.5637100e+000 -1.1050500e+000 -5.3803800e+000
  1.3703900e+001 -9.1175800e+000 -9.7068000e-001  2.2508600e+000  1.7535200e+000
  1.6646980e+001 -8.9142400e+000 -4.6073100e+000  2.1086700e+000 -1.3881400e+000
  2.5667710e+001 -9.3933800e+000 -5.7686600e+000  3.7831900e+000  4.2440000e-001
  2.7549950e+001 -1.7182340e+001 -4.9721100e+000  3.9082600e+000 -1.9521700e+000
  4.5971920e+001 -1.1560280e+001 -9.5276800e+000  1.0928900e+000 -5.4594000e+000
  1.4718050e+001 -7.2089300e+000 -4.5439000e-001  2.0374700e+000 -3.4229000e-001
  1.6034850e+001 -3.4508700e+000 -1.8511700e+000 -8.8244000e-001  3.4349000e-001
  5.6799560e+001 -1.2229220e+001 -1.5805540e+001  1.9775600e+000 -1.2477300e+001
  7.2353600e+000 -2.5464940e+001  1.3959310e+001 -2.6824800e+000  9.8794700e+000
  1.9663170e+001 -1.6824080e+001  7.8374700e+000  4.2182600e+000  3.3769900e+000
  1.8098730e+001 -1.5989200e+001  9.0942000e-001 -4.1990100e+000  1.3352100e+000
  2.7867440e+001 -9.9465800e+000 -6.4938600e+000 -1.1615000e+000 -4.8860400e+000
  1.7127850e+001 -2.3464010e+001  1.4016370e+001  8.0312200e+000  4.2754500e+000
  4.4216750e+001 -5.4714060e+001  2.5205040e+001  3.1340440e+001  1.8760680e+001
  1.6753420e+001 -2.1947150e+001  1.8491210e+001  4.2060300e+000  1.0018450e+001
  4.3525900e+000 -1.2299890e+001  3.1357510e+001  9.5544000e+000  1.7308150e+001
  4.4160300e+000 -9.7188600e+000  2.5621340e+001  9.6630200e+000  1.8191420e+001
  1.2745910e+001 -1.2021470e+001  4.6793010e+001  5.5424700e+000  4.6800440e+001
  1.8812320e+001 -4.2357600e+000  1.4306620e+001 -1.1485240e+001  4.4714000e+000
  4.7254020e+001  1.8453700e+000 -1.0509900e+000 -2.1598670e+001 -1.8958990e+001
  4.1433710e+001 -2.1775300e+000 -1.7559710e+001 -9.0983400e+000 -1.7228790e+001
  3.2602960e+001 -4.6762300e+000 -2.6686600e+000 -1.6012070e+001 -1.2307760e+001
  4.4087380e+001 -1.1955500e+000 -7.8097100e+000 -1.6249130e+001 -1.9290400e+001
  2.5788965e+002 -5.2713020e+001 -1.1201610e+001 -3.3549250e+001  3.4426000e+000
  1.3136482e+002 -1.4335300e+001  1.3538830e+001 -5.3902030e+001  2.8828530e+001
  8.7912100e+001 -2.0895550e+001 -7.4183500e+000 -1.5855150e+001  8.1060000e+000
  3.7853600e+001 -5.9819500e+000  5.8055000e-001 -1.3937470e+001  4.3224400e+000
  3.0494910e+001 -4.5682000e-001  2.6176000e+000 -6.2830700e+000  5.9939100e+000
  1.8973990e+001  7.3697600e+000  5.0705000e-001 -5.7474900e+000  2.8940300e+000
  1.9709090e+001  9.0020700e+000  4.8735800e+000 -8.0713300e+000  7.4549900e+000
  2.4004590e+001  9.3095700e+000  7.5138200e+000 -4.1527700e+000  3.7812100e+000
  1.3736500e+001  7.8679500e+000 -1.9889500e+000 -4.6093000e+000  1.4234000e+000
  1.6766510e+001  3.7267000e+000  8.3648900e+000  1.6888600e+000 -5.9913000e-001
  2.7549680e+001  8.4685500e+000  3.9187700e+000 -5.0984200e+000 -3.8828000e-001
  2.4203860e+001  7.0925900e+000  4.9941000e+000 -6.1030000e-001 -5.8840000e-001
  2.2611940e+001  9.2147300e+000  2.3495800e+000  1.3049500e+000 -1.5999700e+000
  3.8677760e+001  1.1981840e+001  8.8245700e+000  4.8932900e+000 -8.4110000e-001
  1.6239800e+001  3.4532800e+000  3.8126000e+000  1.2650300e+000 -6.2605000e-001
  3.7484320e+001  1.1232160e+001  4.1555200e+000 -6.7585000e-001 -8.7049000e-001
  1.1355500e+001  4.3274400e+000 -2.9114000e-001  9.6414000e-001 -7.7462000e-001
  8.0212000e+000  3.4294400e+000  7.9848000e-001  1.1384600e+000 -1.4972400e+000
  2.7616180e+001  7.0570400e+000  2.1750400e+000  4.4389000e-001 -2.7889000e+000
  3.3436780e+001  2.6513000e+000  3.1975000e+000 -8.4283000e-001 -3.0913000e-001
  9.7570930e+001  2.4713700e+000  3.7352400e+000  5.7965200e+000 -1.2713700e+000
  5.7289140e+001  7.6041000e+000  2.2228000e-001  3.1445400e+000  4.8446000e-001
  9.6576870e+001  8.0142500e+000  3.9178200e+000  8.4153000e+000 -1.0895800e+000
  4.6042820e+001 -3.4534800e+000 -2.9976000e-001  2.0746200e+000 -1.3359200e+000
  1.8481458e+002 -3.2630340e+001  7.2804060e+001 -2.5284250e+001 -3.0652660e+001
  1.0458480e+003 -9.5046340e+001  8.3656890e+001 -2.1873000e+001 -4.1662480e+001
  2.6303710e+002  3.5633410e+001  1.1621599e+002 -3.8842010e+001 -1.3310190e+001
  1.0180060e+002  2.1544330e+001  4.7095670e+001 -7.3897100e+000 -5.4943600e+000
  6.1731460e+001  1.5746800e+001  3.1047340e+001 -5.8966000e+000  5.8529800e+000
  5.6110600e+001  1.7861300e+001  2.6227000e+001 -3.1908000e+000  5.6879000e+000
  4.1081200e+001  5.7732000e+000  1.5494700e+001 -2.1082000e+000  4.5610000e+000
  1.2800817e+002  3.2316820e+001  4.6098820e+001 -1.7330050e+001  1.2572530e+001
  6.5906160e+001  1.6607200e+001  1.3388590e+001 -1.6166640e+001  1.5491940e+001
  2.2517910e+001  5.6436800e+000  3.8652300e+000 -5.0735700e+000  4.5937700e+000
  2.8398800e+001  5.1960300e+000  5.6935200e+000 -6.3865100e+000  5.3590400e+000
  2.7587300e+001  8.8920000e+000  1.7234000e+000 -6.2296000e+000  3.3106000e+000
  2.1849860e+002  4.3537300e+001  1.8615900e+001 -4.4897500e+001  3.7674000e+000
  1.1516610e+002  3.4919400e+001  1.5634800e+001 -2.3957600e+001 -2.1634000e+000
  7.4813000e+000  2.9311000e+000 -2.3820000e-001 -4.0000000e-001 -4.0240000e-001
  3.2586900e+001  6.1395000e+000  8.3370000e-001 -5.4828000e+000 -2.0429000e+000
  1.8943800e+001  3.8910000e-001  3.7448000e+000 -2.0588000e+000  3.8230000e-001
  2.3188580e+001  8.9478000e-001  7.5454700e+000 -3.7345900e+000 -1.2157000e-001
  1.9930300e+001  8.3150000e-001  4.3601000e+000 -4.0358000e+000  2.5297000e+000
  4.1437500e+001  6.7172000e+000  4.3036000e+000 -5.5932000e+000  3.6490000e+000
  1.6916300e+001  1.2372000e+000  1.3825000e+000 -3.2828000e+000  3.6690000e-001
  2.0647700e+001  1.3385000e+000  2.0212000e+000 -3.2671000e+000  3.6190000e-001
  2.0850900e+001  7.5606000e+000 -3.7779000e+000 -3.4915000e+000 -4.2600000e+000
  7.1618000e+000 -4.0412000e+000  1.4957000e+000 -1.5790000e+000 -1.5852000e+000
  1.4443500e+001 -4.6103000e+000  3.5803000e+000 -1.2258000e+000 -6.1800000e-001
  3.9530900e+001  5.1020000e-001  4.3507000e+000 -7.5117000e+000  4.9500000e-002
