  8.9214700e+000 -2.7999300e+000  1.9107200e+000  1.1775700e+000 -1.4227000e+000
  5.4547620e+001 -1.3106910e+001  1.5991000e+000  1.6905800e+000 -8.9764600e+000
  2.7563200e+000 -3.7243000e-001 -2.5713000e+000  1.5563700e+000 -1.4033000e-001
  8.0786200e+000 -8.5356000e-001  3.1666400e+000 -5.3713000e-001  1.1193300e+000
  4.5362200e+000 -1.1053200e+000 -1.4030800e+000  5.5974000e-001 -1.6709200e+000
  5.2150700e+000 -1.2301600e+000  4.0000000e-003 -1.0135500e+000 -1.1136400e+000
  2.3536600e+000  4.5408000e-001  3.2620000e-002 -8.8798000e-001  3.2646000e-001
  1.6609960e+001  6.5565100e+000 -6.9367000e-001  7.0698000e-001 -2.2193600e+000
  4.0149000e+000 -6.2290000e-001 -1.6530000e-001  6.2835000e-001  3.8760000e-001
  6.2368700e+000 -5.3884200e+000  1.1425700e+000  1.8570400e+000 -8.9703000e-001
  9.5490100e+000  2.1073300e+000  3.8963300e+000  3.9972000e-001 -1.3959600e+000
  1.9918850e+001  4.8699300e+000  9.9573000e+000 -4.2349100e+000  2.0420000e-002
  4.5838420e+001  7.6564000e-001 -9.0644000e+000  6.9763000e+000 -1.1225620e+001
  4.1472180e+001 -1.2844280e+001 -7.5941800e+000  6.3762800e+000 -1.2523480e+001
  1.5193400e+001  8.3509000e-001 -2.0359200e+000  4.6705600e+000 -5.5066900e+000
  2.0056540e+001  4.3549200e+000 -4.3603100e+000  3.3140900e+000 -8.6898000e+000
  5.0910800e+000 -6.3265800e+000  2.8202000e+000 -1.4659400e+000  2.3794200e+000
  3.9955700e+000 -9.1002000e-001  3.9535000e-001  1.5932200e+000 -2.6676000e-001
  1.2540200e+001  3.3437800e+000  3.7682400e+000 -4.6884200e+000  2.3512600e+000
  1.4888910e+001 -5.9840100e+000 -3.7192700e+000  2.8904300e+000 -3.7010000e-001
  3.7963700e+000 -1.1280600e+000  3.5813400e+000  7.5140000e-001 -7.1543000e-001
  9.5197400e+000 -9.8928000e-001  4.1678800e+000  5.7340000e-001 -2.8587000e+000
  1.0706630e+001  3.6066900e+000  1.5350200e+000 -1.3835000e+000 -9.8930000e-001
  1.6241810e+001  2.1419100e+000  3.1486000e-001 -7.1129000e-001 -3.1700300e+000
  2.5167840e+001  3.8543200e+000 -6.4587000e+000 -1.4267700e+000 -5.3239200e+000
  2.0188720e+001  3.7957400e+000 -5.2075000e-001 -1.2950300e+000  4.8455000e-001
  2.3063760e+001 -9.1855000e-001  5.9774300e+000 -4.8965200e+000  2.8468700e+000
  8.3597540e+001  1.7597450e+001 -4.2148550e+001  5.3234600e+000 -3.4416100e+001
  4.2371750e+001 -2.1743900e+000 -1.3170950e+001  3.7438900e+000 -1.6792850e+001
  2.1289870e+001  3.2997400e+000 -8.4806000e-001 -9.6123000e-001 -5.0767900e+000
  1.1712430e+001  6.9477900e+000  1.1460900e+000 -2.4831400e+000 -2.0842400e+000
  1.0860040e+001  1.0355600e+000  1.3220500e+000 -3.6220200e+000 -1.2800000e-001
  2.7982590e+001  2.5762600e+000  4.2813600e+000 -3.5715800e+000  4.3153000e-001
  1.8596050e+001  8.0232000e-001 -5.4870000e-002 -1.6870100e+000 -4.1622000e-001
  1.1332280e+001  1.7460000e+000  1.8523000e+000 -3.5266600e+000  1.9958600e+000
  6.9353100e+000  4.3695000e-001 -8.2159000e-001  8.0931000e-001  1.6639000e-001
  2.2765500e+000 -2.3924600e+000  3.9385000e+000 -7.7296000e-001  8.0377000e-001
  1.5382640e+001 -7.1074000e+000  4.5743800e+000  1.6346100e+000 -1.0119200e+000
  2.2518290e+001 -9.6233000e-001 -4.2542200e+000  1.6948600e+000  1.3803700e+000
  3.7811040e+001 -5.7015200e+000 -9.6404100e+000  1.2280600e+000 -1.7139000e-001
  2.3012580e+001 -2.1487200e+000 -5.3644200e+000 -5.3778000e-001 -1.6026800e+000
  6.1525940e+001 -5.1582000e+000 -9.5020400e+000  1.9437000e+000 -1.4480200e+000
  2.8675000e+001 -1.7348000e+000 -8.6176000e-001 -1.2506900e+000  2.6208200e+000
  4.3822040e+001 -1.2824240e+001 -8.7862800e+000  1.9350000e-001 -7.3985400e+000
  1.0327369e+002 -2.5838330e+001 -1.4296580e+001  6.1249300e+000 -1.9338190e+001
  8.3842780e+001 -2.8393020e+001 -1.6339610e+001  5.3995500e+000 -1.0915440e+001
  4.7663150e+001 -3.5859200e+000  3.1961000e+000  3.9404600e+000 -6.4687800e+000
  2.9241340e+001 -7.9868300e+000 -2.3919900e+000  1.8958500e+000 -3.3730600e+000
  3.2848940e+001 -4.4972200e+000  8.6144000e-001  1.5571400e+000 -7.0570000e-002
  2.3494780e+001 -9.6885800e+000  8.0950000e-001  1.6512600e+000  6.2844000e-001
  2.6803660e+001  1.5869500e+000  1.0780500e+001 -1.2035800e+000  3.8640500e+000
  1.8228170e+001 -3.2576400e+000  3.5627200e+000 -3.7693000e-001  1.5553300e+000
  1.2991440e+001 -5.0758800e+000  3.2225000e-001 -4.6001000e-001  1.3296300e+000
  2.1496270e+001 -6.4672200e+000 -9.9269000e-001 -3.7385000e-001  1.1446100e+000
  7.8904700e+000 -2.7723200e+000  2.8810000e-001  5.2600000e-003  6.7424000e-001
  7.3876800e+000 -1.3300000e+000 -8.8576000e-001  4.3062000e-001  3.3366000e-001
  9.9407000e+000 -2.9495000e+000 -2.4383500e+000  7.8702000e-001  8.1228000e-001
  1.4711230e+001 -3.1153400e+000 -4.2669900e+000  2.6130100e+000 -4.8978000e-001
  1.3359880e+001 -3.6039400e+000 -4.2753000e+000  2.5105300e+000  2.4653000e-001
  1.2674080e+001 -3.6159800e+000 -3.6849900e+000  2.3013700e+000 -8.9938000e-001
  2.4303490e+001  4.7048600e+000 -4.4273600e+000  3.6530500e+000 -3.6849400e+000
  2.8976570e+001  1.7200400e+000 -9.1073800e+000  7.5063800e+000 -3.9809600e+000
  6.8308800e+000 -7.8445000e-001 -2.1210600e+000  1.4035300e+000 -3.5987000e-001
  9.0371000e+000 -1.8213100e+000 -7.2728000e-001  1.4109100e+000  2.5622000e-001
  6.8936100e+000 -1.5924800e+000 -1.8115100e+000  1.9211800e+000 -1.4644600e+000
  2.8740620e+001  7.4537900e+000 -2.1998900e+000  1.4016100e+000 -4.2114700e+000
  3.7673890e+001 -6.2224900e+000 -3.4195100e+000 -9.5340000e-002 -4.9956000e-001
  2.5224250e+001 -6.9533300e+000 -3.5380700e+000  2.1609600e+000 -1.8941200e+000
  3.6529360e+001 -5.4420600e+000 -1.2359120e+001  8.1051200e+000 -9.5681800e+000
  3.4504280e+001 -8.2334200e+000  1.0019500e+000 -3.9159300e+000 -3.5696900e+000
  2.1805580e+001 -3.3807400e+000  4.7039000e-001 -2.1754300e+000  1.4056000e-001
  1.7593760e+001 -1.6416800e+000  2.1317700e+000  4.4808000e-001 -1.4766900e+000
  3.7554840e+001 -6.7060100e+000 -1.5532490e+001  4.6124900e+000 -1.2177120e+001
  2.9320030e+001 -1.0991140e+001 -6.2908600e+000 -8.2100000e-002 -4.6915800e+000
  1.7520780e+001 -6.8318400e+000 -6.4129800e+000  3.9374200e+000 -6.8773400e+000
  2.0563450e+001 -7.5404200e+000 -5.7697700e+000  2.8780700e+000 -5.8044300e+000
  7.3912100e+001 -4.0950380e+001 -9.6783400e+000 -3.0094100e+000 -8.0316500e+000
  1.0705645e+002 -4.4274300e+001 -2.2337050e+001  5.6448400e+000 -1.0013320e+001
  4.4862850e+001 -1.3098570e+001 -9.4002400e+000 -2.9619300e+000 -4.8445300e+000
  2.6533940e+001 -4.5538200e+000 -4.4313600e+000 -3.0062800e+000 -1.4977200e+000
  2.8729060e+001 -1.3200100e+001 -8.6707000e+000 -2.0561700e+000 -2.9619300e+000
  1.3865040e+001 -6.7970700e+000 -1.0689700e+000 -1.1228600e+000 -7.0337000e-001
  3.5855400e+001 -1.5957670e+001 -1.1408110e+001 -3.0974400e+000 -3.2557500e+000
  2.5851940e+001 -1.7854400e+001 -9.5471000e-001 -1.4895000e-001 -2.4309700e+000
  3.2859260e+001 -1.4657290e+001 -1.2681380e+001 -4.3278300e+000 -6.9566400e+000
  2.6440300e+001 -1.3619500e+001 -9.4071400e+000 -9.8529000e-001 -6.9321400e+000
  2.2795400e+001 -1.0569330e+001 -1.0372940e+001 -5.0182000e-001 -4.2223900e+000
  1.5511240e+001 -7.1212600e+000 -4.9464200e+000 -3.3066000e-001 -4.1858600e+000
  1.9532870e+001 -5.9807800e+000 -1.3549300e+000 -2.3485300e+000 -3.1602700e+000
  2.4085870e+001 -1.2058480e+001 -4.6875600e+000  1.4144600e+000 -2.1804500e+000
  3.0351600e+001 -1.4363660e+001 -1.9408300e+000 -1.2370100e+000 -2.4234800e+000
  4.1393450e+001 -2.1494930e+001 -8.5132100e+000 -1.5291900e+000 -2.8794000e-001
  6.1254650e+001 -1.9958260e+001 -1.4326710e+001  8.5050000e-002 -4.7118700e+000
  3.0494330e+001 -1.7204020e+001 -4.9968900e+000 -2.0038000e-001  9.4248000e-001
  3.5186860e+001 -1.3115880e+001 -9.7704400e+000  5.0273000e-001 -4.2715700e+000
  5.7001680e+001 -3.0793630e+001 -4.6372000e+000  1.1797400e+000 -5.2161000e+000
  4.5737480e+001 -2.5753480e+001 -7.7060700e+000  7.8583800e+000 -3.0755800e+000
  6.1644875e+002 -2.4728517e+002 -8.2450600e+001  1.1907460e+001 -1.3220100e+001
  8.5746160e+001 -4.2034470e+001 -1.3799470e+001  3.1602500e+000 -4.9211300e+000
  6.3751440e+001 -3.7247920e+001 -6.1910800e+000  3.1880700e+000 -2.5090400e+000
  2.9788830e+001 -1.7514930e+001 -6.9478600e+000  2.1092500e+000 -3.3729400e+000
  2.6289040e+001 -1.4637850e+001 -5.5632000e+000  4.0354500e+000 -1.9191300e+000
  2.8907500e+001 -1.2306300e+001 -4.0890000e+000  5.8204000e-001 -3.5703600e+000
  3.5192840e+001 -1.7765420e+001 -7.9039800e+000  2.0564600e+000 -3.8425200e+000
  2.6487060e+001 -1.5605730e+001 -5.0469200e+000  2.6734900e+000 -3.5310000e-001
  6.4965220e+001 -2.9672670e+001 -1.3810930e+001  6.4800400e+000 -3.5394500e+000
  5.2665720e+001 -2.0903410e+001 -1.2663230e+001  8.3646500e+000 -4.3785700e+000
  3.3546920e+001 -1.6893310e+001 -6.6620200e+000  4.2623000e+000 -2.0245300e+000
  9.0345700e+001 -9.3936800e+000 -4.0009090e+001  2.4069290e+001 -3.0873050e+001
  6.7155290e+001 -3.0831540e+001 -1.8820630e+001  1.3145040e+001 -2.0086710e+001
  5.9321150e+001 -1.8417540e+001 -1.5191980e+001  1.3616910e+001 -1.5051330e+001
  3.6015930e+001 -1.5842910e+001 -7.6209000e+000  4.0926400e+000 -1.7348600e+000
  2.8128790e+001 -5.2873000e+000 -3.2915000e+000  3.4483200e+000 -5.0020600e+000
  4.0166380e+001 -8.8734800e+000 -3.4429800e+000 -3.3128000e-001 -4.5052600e+000
  1.6063950e+001 -4.3321000e+000 -8.7481000e+000  2.0722500e+000 -4.5476500e+000
  1.9328380e+001 -4.8902100e+000 -1.1106200e+000  2.2820500e+000 -3.5296000e-001
  1.4417740e+001 -5.6013400e+000 -2.8558800e+000 -3.9714000e-001 -2.0498800e+000
  1.3557420e+001 -4.0492900e+000 -2.0196600e+000  1.5565600e+000 -2.2041700e+000
  1.8827550e+001 -6.2467700e+000  6.7903000e-001  7.2885000e-001 -6.8820000e-002
  2.0285580e+001 -1.1521540e+001 -1.7014500e+000  4.5457000e+000 -3.1107000e+000
  1.1989710e+001 -4.1145300e+000 -1.6926000e+000  1.6518000e-001 -1.1910000e-001
  1.5489800e+001 -3.1380700e+000 -4.3213400e+000  1.4246600e+000 -3.4834100e+000
  1.9822720e+001 -4.6063400e+000 -1.4584200e+000 -8.5277000e-001 -3.0064500e+000
  2.7735320e+001 -1.0453600e+001 -1.4294900e+000  2.4015000e+000 -3.8723800e+000
  1.4169030e+001 -6.2428500e+000 -1.5937900e+000 -7.1048000e-001 -8.2842000e-001
  2.0676850e+001 -8.4041600e+000 -3.6193300e+000  6.7105000e-001 -2.2728300e+000
  1.4821560e+001 -5.2271900e+000 -1.1803400e+000  2.4203600e+000 -3.4611300e+000
  1.5702130e+001 -9.7586400e+000 -2.0280300e+000 -1.3877000e-001 -1.9040000e+000
  1.0310200e+001 -4.9003000e+000  4.4827000e-001 -3.2781000e-001  6.3293000e-001
  1.5057590e+001 -6.2965100e+000 -6.4013700e+000 -1.0380900e+000 -2.4508800e+000
  3.9125990e+001 -2.0261150e+001 -6.5821300e+000  4.3020900e+000  5.7989000e-001
  2.2170550e+001 -6.4483300e+000 -4.6043000e+000  7.7591000e-001 -2.7453300e+000
  4.0482270e+001 -6.8080900e+000 -2.2500410e+001 -1.7860500e+000 -1.3892080e+001
  1.7143300e+001 -1.0983280e+001 -3.6578800e+000  2.4361600e+000  3.0674200e+000
  2.8285880e+001 -1.7349140e+001 -9.9737100e+000  6.4164700e+000  8.7776000e-001
  5.1384210e+001 -2.5393480e+001 -1.6127660e+001  1.0959290e+001 -1.0518000e+000
  4.1469950e+001 -2.7521140e+001 -8.2080100e+000  7.4139600e+000 -2.4914700e+000
  1.0073852e+002 -2.7477680e+001 -3.3637780e+001  4.8918900e+000 -1.5147300e+001
  3.2957250e+001 -1.1392730e+001 -8.5076900e+000  4.1021700e+000 -5.7418900e+000
  3.6153750e+001 -9.3823700e+000 -1.2546970e+001  1.1934600e+000 -4.5899100e+000
  1.8114606e+002 -3.5645820e+001 -6.6221240e+001  8.7724600e+000 -5.1739500e+001
  6.6531060e+001 -2.1525340e+001 -2.1553690e+001 -1.4275800e+000 -2.4285030e+001
  9.6929370e+001 -3.6611680e+001 -3.8932930e+001 -3.4360400e+000 -4.2513610e+001
  7.7713530e+001 -2.8559200e+001 -5.5558680e+001 -2.2710010e+001 -3.3212490e+001
  6.5562240e+001 -2.7318480e+001 -3.4518060e+001  2.0657000e+000 -1.8704840e+001
  7.5952350e+001 -3.6884810e+001 -3.1689030e+001 -1.3388080e+001 -1.1615250e+001
  1.3413755e+002 -2.4933260e+001 -5.9274260e+001 -2.5799460e+001 -2.2669120e+001
  1.9118052e+002  5.3392650e+001 -1.2690669e+002 -1.0048337e+002 -5.8352250e+001
  5.7533990e+001 -3.3683900e+000 -4.2529390e+001 -3.8910900e+001 -3.2829350e+001
  1.5278003e+002 -1.5026860e+001 -1.2290726e+002 -9.6186080e+001 -9.8455980e+001
  1.7385621e+002 -2.4207870e+001 -1.3252429e+002 -4.9343730e+001 -1.0395886e+002
  1.1451712e+002 -1.5701560e+001 -7.0694180e+001 -3.5013940e+001 -4.8708300e+001
  1.0004162e+002 -1.4554930e+001 -5.8840900e+000 -1.8702670e+001 -3.7165590e+001
  5.1181210e+001 -8.2573300e+000 -5.4351100e+000 -1.7833840e+001 -2.1897190e+001
  7.2676260e+001 -1.5080930e+001 -7.1168600e+000 -2.7992570e+001 -2.9226960e+001
  1.2338508e+002 -2.7211150e+001 -2.4413710e+001 -3.7238330e+001 -5.8523700e+001
  3.7014335e+002 -7.8749120e+001 -5.5353510e+001 -8.7923850e+001  2.1693100e+001
  2.1055062e+002 -3.1398000e+001 -2.3155470e+001 -8.6329330e+001  4.1958330e+001
  1.7290480e+002 -5.1460550e+001 -2.1607850e+001 -3.3220950e+001  1.7144100e+001
  8.7734100e+001 -1.1660950e+001 -1.2277950e+001 -2.6065570e+001  5.9959400e+000
  5.3643410e+001  5.9436800e+000  3.9874000e+000 -2.4179870e+001  1.6539210e+001
  2.6184790e+001  7.3271600e+000  9.8025000e-001 -8.2770900e+000  3.4553300e+000
  4.2309590e+001  1.9807970e+001  5.8239800e+000 -2.2230830e+001  1.8010090e+001
  2.6993990e+001  1.1519170e+001  4.2398200e+000 -1.2082170e+001  9.0942100e+000
  2.5991500e+001  1.1315750e+001 -1.0881250e+001 -1.2207800e+001  4.1200000e+000
  2.2225610e+001  2.1658000e+000 -5.3177100e+000 -2.8081400e+000  1.2635700e+000
  1.9407180e+001  3.3263500e+000 -3.5420300e+000 -4.6086200e+000  1.5234200e+000
  2.3718560e+001  6.2965900e+000 -1.1044000e+000 -2.3449000e+000  1.1061000e+000
  1.6439640e+001  5.2449300e+000 -3.2107200e+000 -6.5895000e-001 -3.7907000e-001
  2.2393760e+001  8.7440400e+000  1.6628700e+000  4.4459000e-001 -4.2480000e-001
  1.8236600e+001  4.7221800e+000 -3.1988000e+000 -2.6385700e+000  1.8522500e+000
  3.6388420e+001  1.5650560e+001 -1.3684800e+000 -3.1640500e+000  4.9951000e-001
  2.4971100e+001  1.2724640e+001 -5.5141400e+000 -2.3985600e+000 -8.1432000e-001
  1.3040800e+001  4.1629400e+000 -8.4420000e-002 -6.2544000e-001 -1.3391400e+000
  3.6794780e+001  3.1823400e+000  1.4342400e+000  4.6699000e-001 -2.9011000e+000
  2.5748980e+001  2.8033000e+000  1.5874000e+000  7.0170000e-002 -6.4903000e-001
  8.1397930e+001 -1.8496300e+000  5.2841400e+000  4.7493200e+000  1.9762300e+000
  7.8239440e+001  1.0957000e+001 -1.4368200e+000 -2.1700600e+000 -5.8988400e+000
  1.3022497e+002  1.3494650e+001  6.2313200e+000  2.2520000e-001 -6.6218800e+000
  7.4530520e+001 -1.7311800e+000 -4.5961600e+000 -7.6552800e+000  4.0184800e+000
  2.6709898e+002 -1.8219540e+001  1.5439586e+002 -4.2861750e+001 -1.4948360e+001
  1.1877984e+003 -8.3064840e+001  1.5756289e+002 -4.6551800e+001 -6.0002980e+001
  4.1356650e+002  4.5297610e+001  1.9656719e+002 -6.4256410e+001 -1.7060990e+001
  1.5784090e+002  4.4087030e+001  8.9000470e+001 -1.4962410e+001 -7.6133600e+000
  8.2778760e+001  2.5156700e+001  4.3922840e+001 -1.1701000e+001  1.0671480e+001
  5.7497000e+001  1.8369200e+001  2.7485900e+001 -5.2690000e+000  8.4975000e+000
  4.3623600e+001  7.3050000e+000  1.7386600e+001 -3.7026000e+000  5.0993000e+000
  1.4503297e+002  3.4276120e+001  5.3697720e+001 -1.9799950e+001  1.8484330e+001
  7.8374360e+001  2.7654200e+001  1.5392690e+001 -1.9339140e+001  2.0807440e+001
  2.8702010e+001  6.1044800e+000  3.2305300e+000 -5.5775700e+000  5.0923700e+000
  4.0939700e+001  9.4039300e+000  5.8023200e+000 -8.0931100e+000  8.8741400e+000
  3.8465600e+001  1.2007600e+001  3.7020000e-001 -6.8608000e+000  5.2448000e+000
  2.6765840e+002  5.8299200e+001  1.1415200e+001 -4.9696100e+001  1.3226000e+000
  1.5850790e+002  5.6057900e+001  1.6827200e+001 -3.2582700e+001 -5.3216000e+000
  2.0612700e+001  6.5202000e+000  1.6244000e+000 -4.9558000e+000 -5.0600000e-001
  5.4287900e+001  1.2423300e+001 -2.4450000e+000 -7.6947000e+000 -3.5575000e+000
  2.7186700e+001  1.6002000e+000  5.0934000e+000 -2.9201000e+000  6.7070000e-001
  3.3292580e+001 -9.1722000e-001  3.8282700e+000 -3.3559000e-001 -9.2687000e-001
  2.7507700e+001  1.1828000e+000  3.3854000e+000 -4.6446000e+000  4.9260000e-001
  4.4839300e+001  3.9258000e+000  1.7558000e+000 -5.6811000e+000  4.7026000e+000
  1.8793400e+001  2.0519000e+000  1.0070000e-001 -2.5421000e+000  5.3550000e-001
  3.1131500e+001  4.2902000e+000 -1.7109000e+000 -4.4139000e+000 -2.0890000e+000
  3.4490200e+001  7.1506000e+000 -2.0044000e+000 -3.2005000e+000 -2.5644000e+000
  2.3071300e+001  1.0205500e+001 -7.9666000e+000 -3.6925000e+000 -4.6323000e+000
  1.9281000e+001  1.2438000e+000 -3.6329000e+000 -3.4259000e+000 -3.0628000e+000
  4.4439400e+001 -5.4296000e+000 -2.5479000e+000 -2.1956000e+000 -7.9670000e-001
