  6.9156700e+000 -1.3104300e+000  1.4699200e+000  1.0648700e+000 -7.2580000e-001
  1.5202620e+001 -2.2083100e+000  1.0004000e+000  1.9648000e-001 -2.7723600e+000
  1.4262200e+000 -2.0053300e+000  2.6574000e+000  3.6597000e-001  7.5657000e-001
  5.7101200e+000  2.9474000e-001  1.1456400e+000  1.1369700e+000 -7.9917000e-001
  6.7146200e+000 -1.8228200e+000 -5.5878000e-001  1.3232400e+000 -2.0309200e+000
  4.7680700e+000  8.9624000e-001  8.5120000e-001 -1.5583500e+000 -1.6764000e-001
  6.8147600e+000 -5.1112000e-001  1.2422200e+000  9.5520000e-002 -9.0924000e-001
  2.6110360e+001  8.8408100e+000 -3.8877000e-001  1.2351800e+000 -5.7018600e+000
  5.9913000e+000  5.3720000e-001  1.1260000e-001  1.3016500e+000 -2.6267000e+000
  3.9155700e+000  2.2709800e+000  1.1033700e+000  1.0389400e+000  1.6067000e-001
  7.8940100e+000 -3.8367000e-001  5.2423000e-001  3.2622000e-001 -2.1692600e+000
  1.5028850e+001  2.7251300e+000  4.6675000e+000 -2.9947100e+000 -1.1255800e+000
  3.9334920e+001  3.4282400e+000 -9.4084000e+000  6.1485000e+000 -1.2783420e+001
  2.9538780e+001 -2.3857800e+000 -1.2331980e+001  8.0719800e+000 -1.3065080e+001
  1.2007600e+001  3.5617900e+000  2.7363800e+000  9.1166000e-001 -2.9479000e-001
  2.4274340e+001  7.1846200e+000 -7.1078100e+000  5.0350900e+000 -1.2512400e+001
  5.9488800e+000  4.2192000e-001 -2.9774000e+000  2.1956600e+000 -4.4543800e+000
  1.3324870e+001  3.9772800e+000 -3.3237500e+000  2.3816200e+000 -9.2909600e+000
  2.0666400e+001  8.3271800e+000 -5.3179600e+000  1.2170800e+000 -9.7721400e+000
  2.3467010e+001  5.9591900e+000  1.6363000e-001  3.2611300e+000 -8.6171000e+000
  1.5732570e+001  4.6930400e+000 -1.1447860e+001  4.1789000e+000 -7.5121300e+000
  5.9645400e+000  3.0278200e+000  8.7708000e-001 -1.9347000e+000 -2.7099000e+000
  1.7515230e+001  8.5079900e+000 -5.5193800e+000 -1.1645000e+000 -2.3758000e+000
  1.7969910e+001  4.2933100e+000 -3.9156400e+000 -3.4819000e-001 -8.4103000e-001
  3.4280440e+001  9.9671200e+000 -2.0433100e+001 -1.7212700e+000 -1.6604720e+001
  1.5643320e+001 -2.0816000e-001 -3.5343500e+000 -6.0430000e-002 -2.3606500e+000
  1.9473960e+001  1.6315000e-001 -7.4534700e+000  3.3788000e-001 -6.2603300e+000
  1.3949034e+002  3.6575150e+001 -8.5102150e+001  1.0540660e+001 -7.2821100e+001
  3.4610750e+001  1.5541000e-001 -1.5387150e+001  3.0337900e+000 -1.4742450e+001
  1.9454970e+001 -1.5208600e+000  5.5444000e-001 -3.7830000e-002  7.4051000e-001
  1.2092430e+001  6.6588900e+000 -2.7279100e+000  1.0042600e+000 -1.8046400e+000
  1.7097140e+001  3.6996600e+000 -1.2119500e+000 -3.1537200e+000 -1.9018000e+000
  2.2998990e+001  2.7368600e+000  2.9637600e+000 -2.5967800e+000 -3.7275700e+000
  3.7043750e+001  3.8633200e+000 -5.7432700e+000  1.8276900e+000 -3.9977200e+000
  1.2364580e+001  2.5214000e+000 -4.5834000e+000  1.4425400e+000 -3.8222400e+000
  1.2350010e+001  1.6697500e+000 -1.2196900e+000 -2.4679000e-001 -4.5311000e-001
  1.4345150e+001 -3.3203600e+000 -6.1881000e+000  1.7654400e+000 -2.3062300e+000
  1.5158640e+001 -1.4770000e+000 -4.4139200e+000  2.8102100e+000 -2.1610200e+000
  2.7938390e+001 -2.0313300e+000 -1.1010620e+001  3.0754600e+000 -1.6804300e+000
  5.7797340e+001 -8.3033200e+000 -2.0838710e+001  3.8275600e+000 -2.0051900e+000
  2.4552980e+001 -3.3773200e+000 -9.1092200e+000  2.7781200e+000 -4.4125800e+000
  8.2623440e+001 -2.4713000e+000 -2.6518240e+001  1.1315000e+001 -5.9619200e+000
  6.6734600e+001 -2.1393100e+001 -1.9915060e+001  1.0362910e+001 -6.1138800e+000
  6.8412640e+001 -2.1612340e+001 -1.4915180e+001  3.4783000e+000 -1.0206640e+001
  2.0000129e+002 -7.8587130e+001 -5.7974180e+001  3.0691430e+001 -6.2272690e+001
  2.2975348e+002 -1.0079662e+002 -7.2159010e+001  3.4351450e+001 -5.4889240e+001
  1.2858565e+002 -1.1943920e+001 -4.0858000e+000  1.1180360e+001 -2.4904180e+001
  6.6221340e+001 -1.8540830e+001 -7.3582900e+000  7.7398500e+000 -6.9941600e+000
  6.2225740e+001 -1.5952220e+001 -2.9101600e+000  2.4964400e+000 -1.9893700e+000
  5.5492380e+001 -2.5182680e+001 -1.5667000e+000  5.4939600e+000  3.1031400e+000
  4.5919360e+001 -3.4150500e+000  1.4463300e+001 -1.2504800e+000  5.9576500e+000
  2.2972470e+001 -4.0742400e+000  4.2994200e+000  4.2147000e-001  1.7963300e+000
  2.0262240e+001 -5.9285800e+000  3.3895000e-001 -8.8101000e-001  2.9857300e+000
  3.5114370e+001 -1.5568420e+001 -8.3178900e+000  4.7731500e+000 -2.5986900e+000
  2.0027670e+001 -6.3631200e+000 -3.3312000e+000  3.3072600e+000 -1.4418600e+000
  1.5244580e+001 -3.6646000e+000 -4.0419600e+000  1.8888200e+000 -4.1514000e-001
  1.3629300e+001 -3.1633000e+000 -5.4321500e+000  2.4725200e+000  1.0178000e-001
  2.7932330e+001 -6.4591400e+000 -7.8373900e+000  4.3510100e+000  5.0620000e-002
  2.7080380e+001 -1.0050540e+001 -9.2859000e+000  4.5837300e+000  4.1243000e-001
  2.6969980e+001 -8.4577800e+000 -9.6176900e+000  6.9816700e+000 -1.4156800e+000
  4.4421090e+001  4.1420600e+000 -9.5327600e+000  8.1015500e+000 -6.6605400e+000
  6.3591770e+001  2.2563400e+000 -2.2943880e+001  1.8797280e+001 -1.1740760e+001
  1.2120880e+001 -4.5395000e-001 -3.1290600e+000  2.3116300e+000 -1.8020700e+000
  1.7993300e+001 -1.7346100e+000 -3.3689800e+000  4.9818100e+000 -3.1814800e+000
  1.7399010e+001 -3.2472800e+000 -4.1950100e+000  5.2449800e+000 -3.5298600e+000
  3.6162120e+001  5.2772900e+000 -2.3630900e+000  2.8380100e+000 -3.5250700e+000
  6.2349490e+001  9.5744100e+000 -1.5565210e+001 -3.5617400e+000 -1.0847160e+001
  3.3690550e+001 -5.2967300e+000 -6.1843700e+000  2.2522600e+000 -2.9614200e+000
  4.2550560e+001 -3.1199600e+000 -2.1713820e+001  9.3100200e+000 -9.9524800e+000
  3.0352380e+001 -6.4985200e+000 -7.4606500e+000 -9.2753000e-001 -4.1574900e+000
  3.5222580e+001 -6.3546400e+000 -8.0539100e+000 -2.5193300e+000  1.1402600e+000
  2.3271960e+001 -1.6551800e+000 -8.9092300e+000  1.6578800e+000 -4.8609900e+000
  4.6602740e+001 -7.5810000e-002 -2.7876790e+001  4.6109900e+000 -1.6719220e+001
  2.5944430e+001 -4.8399400e+000 -1.5291760e+001  3.1257000e+000 -8.5827800e+000
  4.1597880e+001 -1.1930640e+001 -2.8805480e+001  1.0295620e+001 -1.8218240e+001
  1.7978350e+001 -6.5130200e+000 -1.0103970e+001  3.8760700e+000 -6.9090300e+000
  8.1546900e+001 -3.8498280e+001 -1.6916040e+001  1.0545900e+000 -8.9887500e+000
  1.1791505e+002 -4.4703500e+001 -4.2815350e+001  1.5938540e+001 -2.0520620e+001
  4.7660750e+001 -2.3960970e+001 -1.2455840e+001  3.6471700e+000 -4.7141300e+000
  1.6498040e+001 -4.5768200e+000 -4.0080600e+000  4.0272000e-001  1.2438000e-001
  3.2104760e+001 -1.4298200e+001 -1.1806000e+001 -1.2760700e+000 -2.1232300e+000
  1.8410940e+001 -1.1011470e+001 -5.6647700e+000 -2.1327600e+000 -4.0700000e-003
  2.5749400e+001 -9.3854700e+000 -1.4007810e+001 -2.2647400e+000 -4.3453500e+000
  2.7354240e+001 -1.4154700e+001 -8.9965100e+000 -8.8675000e-001 -3.5253700e+000
  3.5370060e+001 -1.6631590e+001 -1.8593980e+001 -6.3513000e-001 -1.1992040e+001
  2.5679800e+001 -1.4368000e+001 -1.0318840e+001 -5.5359000e-001 -7.9505400e+000
  1.9507400e+001 -1.1311930e+001 -6.7404400e+000  5.3208000e-001 -1.8773900e+000
  1.1477740e+001 -5.5030600e+000 -5.4135200e+000  1.9334400e+000 -1.8677600e+000
  1.5852070e+001 -5.5016800e+000 -1.9965300e+000 -1.3313300e+000 -1.8347000e-001
  2.6291870e+001 -1.1840480e+001 -9.5733600e+000  5.5476000e-001 -5.1763500e+000
  4.6233000e+001 -2.6455160e+001 -5.6961300e+000  1.2926900e+000 -3.9118800e+000
  6.1888150e+001 -3.1233630e+001 -1.5156710e+001  2.9696100e+000 -1.3326400e+000
  9.6747650e+001 -2.8338560e+001 -3.4997310e+001  5.2182500e+000 -1.9555370e+001
  4.4571430e+001 -2.3361120e+001 -1.1001090e+001  1.0688200e+000 -4.3855200e+000
  6.4540660e+001 -2.2949980e+001 -2.3513840e+001  1.3694300e+000 -1.1847970e+001
  7.9554480e+001 -4.5642530e+001 -1.0942200e+001  8.3384000e-001 -1.2673200e+001
  4.9705980e+001 -2.7806080e+001 -1.0016070e+001  1.0808380e+001 -5.4018800e+000
  7.5762525e+002 -3.4730237e+002 -1.1113580e+002  2.3383360e+001 -2.1023900e+001
  1.2832646e+002 -7.0163170e+001 -2.8423270e+001  7.7634500e+000 -8.6815300e+000
  8.5234540e+001 -5.1619820e+001 -1.0459080e+001  5.3122700e+000 -4.6632400e+000
  3.6186530e+001 -2.4040030e+001 -1.1181960e+001  3.7626500e+000 -4.8696400e+000
  1.9658740e+001 -6.9142500e+000 -4.4350000e+000  1.5216500e+000 -1.7227300e+000
  3.1929900e+001 -1.2515100e+001 -7.4295000e+000  2.2881400e+000 -5.5168600e+000
  1.0478640e+001 -4.6868200e+000 -2.7091800e+000  8.8776000e-001 -2.7719200e+000
  9.5458600e+000 -6.7915300e+000 -3.4366200e+000  2.7251900e+000 -8.7780000e-001
  5.3285920e+001 -1.8964670e+001 -9.4881300e+000  5.5759400e+000 -4.2876500e+000
  3.6937220e+001  3.5022900e+000 -1.6494730e+001  7.0840500e+000 -2.8976700e+000
  2.4185420e+001 -6.9430100e+000 -6.1738200e+000 -4.4240000e-001 -1.8876300e+000
  9.6834400e+001  1.3027420e+001 -4.7121190e+001  2.4454490e+001 -3.7919350e+001
  7.0998890e+001 -3.3095940e+001 -2.1788230e+001  1.7045540e+001 -2.2209910e+001
  6.5741350e+001 -1.0616740e+001 -1.1104280e+001  1.3171410e+001 -1.3416630e+001
  3.4948430e+001 -1.0381210e+001 -5.8213000e+000 -3.1756000e-001 -1.1189600e+000
  3.0213590e+001 -8.2609000e+000 -2.2570000e+000  5.1835200e+000 -6.4660600e+000
  3.6938580e+001  5.6320000e-002 -2.6890800e+000 -3.8107800e+000 -1.0354600e+000
  2.2290350e+001  5.8163000e+000 -6.8080000e+000  4.9442500e+000 -3.9998500e+000
  1.9219280e+001 -2.9300100e+000 -5.5777200e+000  2.9497500e+000 -4.6987600e+000
  1.6039740e+001 -4.7049400e+000 -5.3967800e+000 -6.1614000e-001 -3.7468000e-001
  5.4288200e+000  3.1918100e+000 -4.2082600e+000  1.0226000e-001 -5.9807000e-001
  2.2285350e+001 -3.9836700e+000  9.1043000e-001 -2.7481500e+000 -1.1194200e+000
  1.6679680e+001 -2.7400400e+000 -6.1657500e+000  5.2695000e+000 -2.3909000e+000
  1.8780810e+001 -4.2337300e+000 -4.8210000e+000 -2.5458200e+000 -2.1836000e+000
  1.6133800e+001  9.4232300e+000 -1.2378240e+001 -3.3414000e-001 -7.7388100e+000
  2.5241920e+001 -2.6926400e+000 -2.7766200e+000 -5.0375700e+000 -3.5665500e+000
  4.1293220e+001 -4.3260000e-001 -7.7585900e+000 -3.5822000e+000 -1.0737380e+001
  8.9445300e+000 -4.1442500e+000 -6.3122900e+000  2.2071200e+000 -8.5362000e-001
  9.4922500e+000 -1.0596000e-001 -5.2911300e+000 -3.6750000e-002 -6.2283000e-001
  2.0725360e+001 -4.2323900e+000 -2.7207400e+000  1.3670600e+000 -5.5824300e+000
  8.5622300e+000 -6.1148400e+000 -1.2611300e+000  1.2457300e+000 -1.5333000e+000
  1.1320700e+001 -5.9588000e+000 -1.4673300e+000  1.8367900e+000  4.8643000e-001
  1.1388290e+001 -4.4940100e+000 -5.3443700e+000  1.9566100e+000 -1.9560800e+000
  3.1027790e+001 -8.4964500e+000 -5.5471300e+000 -4.0241000e-001 -1.0529100e+000
  2.3907350e+001 -7.1326300e+000 -1.2707000e+000 -1.9551900e+000  3.0237000e-001
  2.2054270e+001 -1.2523900e+000 -1.1719210e+001 -4.8015000e-001 -6.8035800e+000
  1.1123100e+001 -5.3606800e+000 -2.9931800e+000  7.7946000e-001  3.3580200e+000
  3.4017480e+001 -1.2553540e+001 -1.3343310e+001  5.1515700e+000 -7.1459400e+000
  4.1970410e+001 -2.0446380e+001 -1.0950560e+001  7.0382900e+000  2.5326000e+000
  4.4852950e+001 -2.2281340e+001 -1.4456210e+001  3.4260600e+000 -1.0494070e+001
  8.4940620e+001 -2.3090980e+001 -2.8863080e+001  3.0804900e+000 -1.4902100e+001
  3.3361950e+001 -9.2285300e+000 -1.2188890e+001  5.2239700e+000 -5.0243900e+000
  2.3631950e+001 -6.2857000e-001 -6.0912700e+000  1.3039600e+000 -5.9198100e+000
  1.6449386e+002  1.3690800e+000 -5.6997840e+001 -5.2343400e+000 -6.1371000e+001
  8.8766460e+001 -3.0872640e+001 -3.4581990e+001  2.3651200e+000 -1.2384030e+001
  5.9610170e+001 -2.4730480e+001 -2.4655330e+001 -2.7444400e+000 -1.5625710e+001
  5.5180530e+001 -2.2124000e+001 -2.9745580e+001 -2.6885310e+001 -1.6984390e+001
  3.6574040e+001 -1.5118780e+001 -2.0052760e+001  4.4262000e+000 -1.1345940e+001
  6.1285950e+001 -4.1172010e+001 -1.3695030e+001  1.7261920e+001 -7.5683500e+000
  7.0028750e+001 -9.0413060e+001  1.3144940e+001  3.8601740e+001 -4.3672000e-001
  5.8195520e+001 -4.6486750e+001 -6.3636900e+000  3.0881030e+001 -1.1919350e+001
  4.7990900e+000 -1.2020790e+001  1.2787610e+001  4.2812000e+000  6.5682500e+000
 -1.3675070e+001 -2.6324160e+001  2.7852440e+001  4.8543820e+001  2.5040420e+001
  2.7274710e+001 -1.7268770e+001  1.4606510e+001  3.3237000e-001  1.5394340e+001
  4.1570320e+001 -1.3992560e+001 -1.7628180e+001 -6.1414400e+000 -1.1123500e+001
  4.3615320e+001 -1.9680630e+001  1.8397410e+001  1.7073000e-001  1.9779100e+000
  4.4906210e+001 -1.9195300e+000 -2.1274710e+001 -5.0810400e+000 -1.8281990e+001
  1.2466060e+001 -1.2211030e+001 -3.2186600e+000  1.1095530e+001  5.0514400e+000
  4.1393780e+001 -1.3044050e+001 -1.1664710e+001  6.6517700e+000 -6.3571000e+000
  1.7857715e+002 -3.9931820e+001 -2.6616910e+001  1.0704350e+001  1.8231000e+000
  9.4593720e+001 -6.7894000e+000 -2.5579470e+001 -4.1289300e+000  4.9451300e+000
  8.1171700e+001 -1.6493650e+001 -1.3270750e+001 -1.2386950e+001  3.0438000e+000
  4.9244500e+001 -1.1224850e+001 -1.1723050e+001 -1.2272170e+001  4.9892400e+000
  2.2811210e+001  6.9815800e+000 -1.5610000e-001 -1.0765370e+001  8.8931100e+000
  1.9860090e+001  5.1224600e+000 -7.6850000e-002 -3.2486900e+000  2.5903000e-001
  3.0715290e+001  5.0764700e+000  9.9878000e-001 -6.3659300e+000  5.5372900e+000
  1.2761590e+001  1.6367700e+000 -9.5298000e-001  1.0697300e+000 -1.4360900e+000
  1.7276000e+001 -5.9645000e-001 -3.3254500e+000  1.2657000e+000 -5.4000000e-003
  1.5836610e+001  7.9670000e-001 -7.2459100e+000 -3.1648400e+000  2.6493700e+000
  2.2868680e+001  1.0785050e+001 -2.2117300e+000 -5.1783200e+000  1.1289200e+000
  2.4463560e+001  6.2472900e+000  9.4100000e-001  4.6270000e-001 -9.5630000e-001
  2.0255640e+001  9.5041300e+000 -4.7269200e+000  3.0011500e+000 -3.0234700e+000
  2.2968660e+001  6.6940400e+000  1.8953700e+000  1.7456900e+000  1.2200000e-002
  1.4350900e+001  2.5412800e+000 -2.2277000e+000 -5.4437000e-001  1.0681500e+000
  3.8772720e+001  1.8510160e+001 -2.6208000e-001 -3.3591500e+000 -9.5849000e-001
  2.1893100e+001  1.3050140e+001 -5.8301400e+000 -3.9883600e+000 -1.6900200e+000
  1.2826000e+001  6.2768400e+000 -3.4145200e+000  3.8786000e-001 -1.6923400e+000
  2.2895980e+001  5.7229400e+000 -1.3962600e+000  5.5399000e-001 -1.9110000e-001
  2.0940680e+001  2.3067000e+000 -1.8300000e-002  9.9237000e-001  1.3264700e+000
  7.1230030e+001 -2.3902300e+000  1.2606400e+000  6.0847200e+000 -1.4542700e+000
  6.5635640e+001  4.2981000e+000 -8.6015200e+000  2.2873400e+000 -4.0102400e+000
  9.3765970e+001  6.5179500e+000 -6.5930800e+000  3.7719000e+000 -2.5697800e+000
  3.9993620e+001  4.4952000e-001 -5.7625600e+000 -3.7976800e+000  3.6642800e+000
  1.8853328e+002 -1.1348840e+001  1.1488496e+002 -2.4418650e+001 -1.0290460e+001
  8.5619235e+002 -2.7895240e+001  1.1033189e+002 -5.3560200e+001 -6.1220680e+001
  3.6037960e+002  5.7136710e+001  1.3700369e+002 -5.4086210e+001 -2.0143190e+001
  7.5871400e+001  3.8028030e+001  2.2912370e+001 -3.8558100e+000 -3.7284600e+000
  3.8467660e+001  1.5789800e+001  2.2701540e+001 -7.5693000e+000  7.8754800e+000
  4.2130400e+001  1.8492900e+001  1.8299100e+001 -4.0925000e+000  5.4120000e+000
  3.1917000e+001  8.5581000e+000  1.6504800e+001  2.0810000e-001  4.5198000e+000
  1.2083917e+002  3.1902720e+001  4.1846320e+001 -1.4417150e+001  1.7406530e+001
  5.7175260e+001  2.3433700e+001  9.4590900e+000 -1.4722440e+001  1.4421740e+001
  3.2911410e+001  6.7580800e+000  1.5247300e+000 -5.3551700e+000  5.8318700e+000
  4.0250200e+001  1.6399530e+001  7.5510200e+000 -1.0498410e+001  1.0585540e+001
  2.5879700e+001  5.9372000e+000 -4.8910000e-001 -1.5288000e+000  9.5560000e-001
  2.4562510e+002  5.4234500e+001  2.1930000e-001 -3.8540500e+001 -9.9340000e-001
  1.4918010e+002  6.0658400e+001  9.7383000e+000 -2.6453500e+001 -6.3714000e+000
  1.4036800e+001  4.4389000e+000 -1.7918000e+000 -6.3250000e-001 -1.0420000e+000
  5.6808900e+001  1.3107400e+001 -9.8378000e+000 -2.3116000e+000 -4.9830000e+000
  2.8900600e+001 -1.4281000e+000  5.2118000e+000 -8.8410000e-001 -3.8950000e-001
  2.6158780e+001 -1.5145200e+000  2.9791700e+000  2.0755100e+000  1.0703000e-001
  2.2331700e+001 -5.6890000e-001  1.9938000e+000 -3.0437000e+000  1.3880000e+000
  4.8448700e+001  3.5796000e+000 -3.2440000e-001 -5.2019000e+000  3.8137000e+000
  1.6297600e+001 -1.3915000e+000  5.6440000e-001 -3.0702000e+000  1.4362000e+000
  2.0223900e+001 -7.9870000e-001 -1.3690000e-001  4.6200000e-002  1.6374000e+000
  2.6853500e+001  1.9464000e+000 -1.3449000e+000 -4.5060000e-001 -1.4263000e+000
  1.0328300e+001  3.0120000e-001  2.5920000e-001 -1.2538000e+000 -1.2052000e+000
  1.1596300e+001 -1.7816000e+000 -1.4761000e+000  1.6440000e-001 -1.2376000e+000
  2.1046800e+001 -1.2036800e+001  9.9710000e-001  1.6250000e+000  2.2995000e+000
