  1.6090970e+001 -1.7609300e+000  2.2523200e+000  2.2674700e+000 -3.6834000e+000
  6.9968620e+001 -5.7377100e+000  6.9758000e+000 -4.8372000e-001 -1.4731760e+001
  5.3362200e+000  1.7508700e+000  2.2702000e+000 -3.7693000e-001 -1.5414300e+000
  1.0375620e+001  8.2844000e-001  4.7122400e+000  6.4367000e-001 -1.9675700e+000
  7.4318200e+000 -1.0499200e+000  1.3342000e-001  5.0774000e-001 -1.1155200e+000
  8.1918700e+000 -4.5156000e-001 -6.4850000e-001  6.8465000e-001 -2.5732400e+000
  5.2418600e+000  2.2132800e+000  3.0420000e-002 -8.2898000e-001 -7.6840000e-002
  4.0034760e+001  1.5344910e+001 -2.1319700e+000  2.9577800e+000 -7.8622600e+000
  1.6616400e+001  5.0046000e+000  4.5950000e-001  2.5824500e+000 -1.1627000e+000
  1.3953770e+001  1.2164180e+001  1.1787000e-001 -1.1308600e+000 -5.7093000e-001
  2.6870110e+001  1.6598130e+001  7.1117300e+000 -5.1834800e+000 -2.9252600e+000
  6.5223750e+001  3.7450630e+001  8.6514000e+000 -3.2141100e+000 -5.6951800e+000
  1.0310992e+002  4.9557400e+000 -3.5085900e+001  2.3845600e+001 -4.6315320e+001
  6.3620580e+001 -6.7422800e+000 -2.7734480e+001  2.3805280e+001 -3.5990880e+001
  2.1287000e+001  8.7415900e+000 -3.0030200e+000  6.6217600e+000 -8.3477900e+000
  4.0882340e+001  1.5790620e+001 -9.7680100e+000  3.4163900e+000 -2.0560800e+001
  1.0177380e+001  4.5439200e+000 -1.5557000e+000  1.5294600e+000 -7.1426800e+000
  2.2342270e+001  6.9156800e+000 -9.0120500e+000  5.1275200e+000 -1.1834360e+001
  5.1455300e+001  1.8622180e+001 -1.7862460e+001  7.9168800e+000 -2.9167240e+001
  3.3068210e+001  3.1206900e+000 -3.6930700e+000  5.0525300e+000 -1.0574300e+001
  1.9658070e+001  4.9910400e+000 -1.1837760e+001  1.8934000e+000 -7.4451300e+000
  1.1301640e+001  3.5082000e-001 -6.4822000e-001  9.9300000e-002 -1.4315000e+000
  2.2257530e+001  9.3795900e+000 -6.1750800e+000 -1.5025000e+000 -3.4268000e+000
  2.6455010e+001  6.1859100e+000 -6.6565400e+000 -3.7825900e+000 -3.3118300e+000
  5.7638640e+001  1.2166120e+001 -3.2767800e+001 -3.3832700e+000 -2.7099820e+001
  3.7862420e+001  1.2185140e+001 -1.8141150e+001 -4.5614300e+000 -1.6751450e+001
  4.4464160e+001  4.3645000e-001 -1.5389870e+001 -1.2103200e+000 -1.7157230e+001
  2.1043054e+002  5.3144850e+001 -1.3583095e+002  1.1850960e+001 -1.1595900e+002
  7.7474350e+001  9.5065100e+000 -2.9615350e+001  1.5486900e+000 -3.6610650e+001
  4.3945070e+001  1.2311640e+001 -1.1796260e+001 -1.6768300e+000 -1.9543390e+001
  2.5683830e+001  1.3808490e+001 -6.5085100e+000 -1.7104400e+000 -1.0232640e+001
  2.4753940e+001  7.5241600e+000 -1.1769500e+000 -5.4786200e+000 -3.5712000e+000
  5.8970890e+001  6.9506600e+000  5.4187600e+000 -4.4004800e+000 -2.7227000e-001
  5.8194350e+001  7.7896200e+000 -2.5374700e+000 -4.4280100e+000 -6.5766200e+000
  1.8425480e+001  5.1433000e+000  3.1660000e-001 -3.7660600e+000 -3.0964000e-001
  2.2168110e+001  3.2113500e+000 -2.4932900e+000 -9.2849000e-001 -1.6852100e+000
  2.3884950e+001 -3.2340600e+000 -1.0922100e+001  1.8080400e+000 -2.9272300e+000
  2.1633240e+001 -2.4353000e+000 -4.1515200e+000  1.7624100e+000 -5.2562000e-001
  3.9607390e+001 -1.4866300e+000 -1.3927820e+001  1.8669600e+000  3.9837000e-001
  9.4189540e+001 -1.3691520e+001 -3.3379010e+001  4.7682600e+000 -2.7643900e+000
  5.0855480e+001  3.4488000e-001 -2.0237120e+001  3.3316200e+000 -9.3403800e+000
  1.5207894e+002  4.1320000e-001 -3.6733740e+001  1.2765200e+001 -7.9778200e+000
  7.5037100e+001 -1.4083800e+001 -1.1977960e+001  3.7532100e+000  3.3522000e-001
  6.1982140e+001 -2.1379840e+001 -1.3539280e+001  5.3860000e-001 -1.0911740e+001
  1.6578189e+002 -4.9933230e+001 -3.5900280e+001  1.6520130e+001 -4.3799690e+001
  1.5095288e+002 -5.8189320e+001 -3.9050910e+001  1.4537150e+001 -2.8469940e+001
  1.0357425e+002 -4.0679200e+000 -5.7790000e-001  9.2724600e+000 -1.9211580e+001
  5.5129740e+001 -1.2075930e+001 -6.1096900e+000  4.7029500e+000 -6.6678600e+000
  7.9676440e+001 -1.5422820e+001  1.5114000e-001  2.4426400e+000 -7.7047000e-001
  5.1482480e+001 -1.8438980e+001 -2.9600000e-001  5.4290600e+000  6.6884000e-001
  5.0916760e+001  1.5954500e+000  1.8370000e+001 -1.8880000e-002  6.2472500e+000
  3.7812570e+001 -6.6666400e+000  7.4771200e+000  3.1685700e+000  3.7203000e-001
  2.5192540e+001 -8.1906800e+000 -1.3224500e+000 -4.5210000e-002  2.4421300e+000
  3.9836270e+001 -1.0394220e+001 -4.6550900e+000  1.4357500e+000  2.3190100e+000
  2.1106570e+001 -6.1088200e+000 -1.9766000e+000  2.0867600e+000 -1.3590600e+000
  1.6244180e+001 -3.7594000e+000 -2.3029600e+000  1.3755200e+000 -1.1244000e-001
  1.6752700e+001 -5.5949000e+000 -4.8679500e+000  1.4775200e+000  1.1683800e+000
  3.3062230e+001 -5.8213400e+000 -1.0269890e+001  5.5141100e+000 -9.8000000e-004
  3.2483580e+001 -1.1455240e+001 -1.1215200e+001  6.3046300e+000 -1.8267000e-001
  3.1245280e+001 -7.9992800e+000 -1.0237690e+001  6.9291700e+000 -2.2557800e+000
  6.0578590e+001  1.1079560e+001 -1.4259960e+001  9.5926500e+000 -8.2823400e+000
  7.7002870e+001  6.9538400e+000 -2.7676080e+001  2.0369280e+001 -1.3435760e+001
  1.8493880e+001 -9.4435000e-001 -4.6259600e+000  3.5248300e+000 -1.5893700e+000
  2.3013700e+001 -1.4607100e+000 -3.9815800e+000  4.2488100e+000 -2.5255800e+000
  2.5676410e+001 -5.2710800e+000 -6.1957100e+000  7.0655800e+000 -3.4243600e+000
  5.2196620e+001  5.7559900e+000 -7.7636900e+000  3.4853100e+000 -7.2545700e+000
  9.0055190e+001  1.5638010e+001 -1.5896210e+001 -4.8902400e+000 -6.9368600e+000
  5.0169050e+001 -1.0276830e+001 -9.2367700e+000  2.6135600e+000 -5.9570200e+000
  6.5879060e+001 -5.4776600e+000 -3.3037320e+001  1.8422820e+001 -1.8387780e+001
  7.9807580e+001 -1.3962020e+001 -3.6020250e+001  1.2222470e+001 -2.1453390e+001
  5.1478480e+001 -7.3337400e+000 -2.4089810e+001  7.0472700e+000 -1.2506240e+001
  2.7833760e+001 -1.7642800e+000 -9.9290300e+000  3.5438800e+000 -6.1040900e+000
  6.6020940e+001 -1.7240100e+000 -4.0544390e+001  8.9303900e+000 -2.2642520e+001
  3.9974730e+001 -1.0099740e+001 -1.9730260e+001  4.4669000e+000 -1.1224680e+001
  6.6869380e+001 -1.6909140e+001 -5.3284680e+001  1.5970820e+001 -3.0129940e+001
  3.4738150e+001 -9.4115200e+000 -1.9608570e+001  6.8958700e+000 -1.1445430e+001
  8.4092400e+001 -3.4679380e+001 -2.2027540e+001  7.1799000e-001 -1.2953550e+001
  1.4952755e+002 -5.1548500e+001 -4.4678550e+001  1.1117640e+001 -1.7222320e+001
  5.8686150e+001 -1.5189270e+001 -2.1059940e+001  1.1691700e+000 -7.3017300e+000
  4.0252840e+001  5.5578000e-001 -1.3858360e+001 -4.4685800e+000 -3.6045200e+000
  5.2188260e+001 -1.2461100e+001 -2.7565900e+001 -5.7957700e+000 -6.4266300e+000
  3.0151740e+001 -9.5519700e+000 -1.6270370e+001 -1.7771600e+000 -3.9375700e+000
  5.9240400e+001 -1.8247770e+001 -3.2043110e+001 -7.0659400e+000 -6.0748500e+000
  3.9314640e+001 -1.6616300e+001 -1.4435810e+001 -2.8607500e+000 -5.7429700e+000
  5.7695460e+001 -1.7263390e+001 -3.5942480e+001 -8.8673300e+000 -2.1585540e+001
  3.4177700e+001 -1.6442400e+001 -1.7127940e+001 -3.7929900e+000 -1.2753140e+001
  3.2396300e+001 -9.6515300e+000 -1.6969140e+001 -3.4652200e+000 -9.8048900e+000
  2.0102640e+001 -8.7694600e+000 -1.1694720e+001 -1.5782600e+000 -9.1151600e+000
  2.1788570e+001 -4.1566800e+000 -7.6462300e+000 -2.1489300e+000 -5.2409700e+000
  2.6587570e+001 -8.3872800e+000 -1.0970960e+001 -6.6364000e-001 -7.3843500e+000
  2.3884300e+001 -1.0984860e+001 -2.7200300e+000 -8.2121000e-001 -2.3291800e+000
  3.6789350e+001 -1.5846630e+001 -1.0088010e+001 -3.7365900e+000 -3.5502400e+000
  6.8841250e+001 -1.6544460e+001 -2.3360010e+001 -1.6854500e+000 -7.9814700e+000
  2.7821730e+001 -1.3137820e+001 -4.9356900e+000 -1.2346800e+000  6.7038000e-001
  5.4583560e+001 -9.0013800e+000 -2.1551740e+001 -1.7853700e+000 -7.7515700e+000
  5.5885580e+001 -2.7001430e+001 -7.5367000e+000 -1.2336000e-001 -4.7287000e+000
  3.7610180e+001 -1.5446280e+001 -9.1140700e+000  5.4618800e+000 -4.3990800e+000
  6.9490765e+002 -9.8428770e+001 -1.6077540e+002 -1.8453040e+001 -6.6088200e+001
  1.1382196e+002 -4.9343370e+001 -2.8515870e+001  4.6434500e+000 -1.0179730e+001
  6.0575540e+001 -2.8806820e+001 -7.7884800e+000  2.0754700e+000 -4.4032400e+000
  3.6721730e+001 -1.9102930e+001 -1.0849660e+001  2.7996500e+000 -7.0529400e+000
  2.5892440e+001 -1.1193050e+001 -8.7990000e+000  2.4323500e+000 -4.3119300e+000
  2.6407000e+001 -9.4949000e+000 -5.6548000e+000  8.7474000e-001 -6.0595600e+000
  2.7417240e+001 -1.1810220e+001 -6.8413800e+000  6.6416000e-001 -4.6582200e+000
  1.9678660e+001 -9.4442300e+000 -3.9997200e+000  1.7438900e+000 -1.6772000e+000
  6.0522620e+001 -1.9909870e+001 -1.1960630e+001  6.7090400e+000 -7.1860500e+000
  4.2171820e+001 -1.4805710e+001 -1.2651630e+001  7.4848500e+000 -6.1064700e+000
  3.1407020e+001 -1.2351010e+001 -7.9612200e+000  3.8229000e+000 -3.6671300e+000
  1.0205160e+002 -6.4938800e+000 -4.9272390e+001  3.2909190e+001 -4.7708950e+001
  7.4731190e+001 -2.4866840e+001 -2.3103130e+001  1.4862140e+001 -3.0315110e+001
  6.4896250e+001 -4.0319400e+000 -2.2255880e+001  1.3162810e+001 -2.0143430e+001
  4.9860530e+001 -8.7683100e+000 -1.2044700e+001  3.3464400e+000 -6.5412600e+000
  3.5489190e+001 -7.3936000e+000 -3.0846000e+000  5.5023200e+000 -8.7387600e+000
  5.5587180e+001 -7.3738800e+000 -4.1383800e+000  1.5272000e-001 -7.8677600e+000
  3.2645850e+001  1.2639000e+001  2.0120000e-001  8.4375000e-001 -4.9280500e+000
  3.5073780e+001  1.3799000e-001 -1.1083320e+001  3.3656500e+000 -7.1282600e+000
  2.6708040e+001 -4.1154400e+000 -9.1597800e+000 -1.3824400e+000 -4.6346800e+000
  1.8602720e+001  2.6894100e+000 -9.1093600e+000  1.3232600e+000 -4.6798700e+000
  3.5578950e+001  2.6145300e+000 -8.2906700e+000  1.8659500e+000 -6.7187200e+000
  3.5018480e+001 -9.6985400e+000 -9.0095500e+000  5.4715000e+000 -8.8009000e+000
  1.9801610e+001 -2.0346300e+000 -1.3235000e+001  5.6928000e-001 -9.4900000e+000
  2.2579200e+001  3.1451300e+000 -9.4131400e+000 -5.0374000e-001 -9.5629100e+000
  2.9606320e+001 -1.2614000e-001 -4.7129200e+000 -4.1182700e+000 -5.5891500e+000
  4.3261520e+001  2.5094000e+000 -1.2855890e+001 -6.6182000e+000 -1.5700880e+001
  1.9257830e+001 -4.3837500e+000 -7.4397900e+000  1.2505200e+000 -9.7459200e+000
  3.5188750e+001 -4.9563600e+000 -1.4945330e+001  1.8939500e+000 -1.2068430e+001
  1.5392360e+001 -1.1539000e-001 -9.7385400e+000  5.9476000e-001 -8.5744300e+000
  2.5939930e+001 -5.3642400e+000 -1.2629630e+001  5.0264300e+000 -1.6017400e+001
  4.2117800e+001  8.0000000e-004 -2.9506230e+001  1.8607900e+000 -3.5059370e+001
  4.5430390e+001 -1.1400100e+000 -3.7858670e+001 -4.0499900e+000 -3.7418880e+001
  5.0936790e+001 -1.0890750e+001 -3.8146130e+001  3.5743900e+000 -2.7655710e+001
  2.3997050e+001  8.1454700e+000 -1.8904200e+001 -4.7319900e+000 -1.3334830e+001
  7.8945070e+001  7.5337100e+000 -6.2861210e+001 -4.3507500e+000 -4.9676480e+001
  3.1894200e+001 -8.1534800e+000 -2.1175380e+001  8.7147600e+000 -1.8712580e+001
  5.2871180e+001 -1.4865140e+001 -3.3492410e+001  1.3461170e+001 -2.5269140e+001
  6.7426110e+001 -2.3991680e+001 -4.2561260e+001  2.2355290e+001 -3.2868300e+001
  6.5994850e+001 -3.2467540e+001 -2.8339810e+001  1.1086160e+001 -2.1962570e+001
  1.7945972e+002 -3.6858380e+001 -8.5834180e+001  4.0007900e+000 -5.1556500e+001
  5.9397650e+001 -8.6236300e+000 -3.5116890e+001  7.1023700e+000 -2.7679090e+001
  6.0172650e+001  1.4396300e+000 -4.0864370e+001 -3.5981400e+000 -3.1517410e+001
  2.5740966e+002 -3.9393720e+001 -1.0294704e+002  7.2167600e+000 -9.0532800e+001
  1.3885696e+002 -5.9496400e+000 -7.6468290e+001  3.2294200e+000 -8.8427430e+001
  1.4235787e+002 -4.8656680e+001 -7.2334630e+001 -5.2814400e+000 -7.4527410e+001
  1.2660413e+002 -4.4392000e+001 -1.0421678e+002 -4.5198610e+001 -8.0004090e+001
  1.0926254e+002 -3.7797080e+001 -5.7312360e+001 -6.5014000e+000 -3.3059640e+001
  9.4163050e+001 -2.1395910e+001 -5.5582230e+001 -2.5934080e+001 -3.6619250e+001
  2.0440645e+002  2.8440740e+001 -1.5082336e+002 -1.0659286e+002 -6.6650520e+001
  4.1005362e+002  1.0603885e+002 -2.8857449e+002 -2.2410357e+002 -1.7225945e+002
  1.2545069e+002  1.2939100e+000 -1.3536999e+002 -8.1353300e+001 -1.1113205e+002
  4.4529563e+002 -2.2287760e+001 -3.6896556e+002 -3.0196488e+002 -2.9653018e+002
  3.3584521e+002 -6.1444770e+001 -3.2881499e+002 -1.3869563e+002 -2.7050536e+002
  3.3505132e+002 -6.7525560e+001 -2.6255608e+002 -1.2891754e+002 -2.0741500e+002
  2.3877032e+002  5.5559700e+000 -7.2516190e+001 -6.2165270e+001 -1.1620219e+002
  1.7865871e+002  1.8146570e+001 -7.6387010e+001 -7.8576440e+001 -1.0773649e+002
  1.3739606e+002 -1.0241930e+001 -3.9586260e+001 -3.8717570e+001 -7.2920360e+001
  2.0113928e+002 -4.7793650e+001 -9.5988410e+001 -3.9221230e+001 -1.1296490e+002
  4.1887005e+002 -6.4769820e+001 -9.6303610e+001 -1.5531575e+002  3.5531600e+001
  3.3975532e+002 -1.3319800e+001 -4.3680370e+001 -1.6102873e+002  8.2435230e+001
  1.8252860e+002 -4.6503050e+001 -3.8506450e+001 -5.7342850e+001  2.4694200e+001
  9.9729500e+001  2.2040500e+000 -3.1966550e+001 -4.4729570e+001  1.7657440e+001
  8.9449510e+001  3.1195980e+001  3.2907000e+000 -5.9179670e+001  4.0955010e+001
  6.8569190e+001  3.9248760e+001 -3.5470500e+000 -3.5234590e+001  1.9196730e+001
  6.4570190e+001  3.8415770e+001  3.9607800e+000 -4.7971330e+001  3.9933490e+001
  5.0964890e+001  2.9459870e+001  4.5028200e+000 -4.0134070e+001  2.8991410e+001
  6.0393100e+001  3.5085550e+001 -4.2400950e+001 -4.5420600e+001  2.1375400e+001
  3.7401910e+001  1.0283700e+001 -1.9147610e+001 -1.4252840e+001  6.3212700e+000
  3.8512180e+001  1.0722950e+001 -1.3347430e+001 -1.2056120e+001  4.1331200e+000
  3.8434860e+001  1.3201390e+001 -5.0489000e+000 -7.8372000e+000  2.2623000e+000
  2.3319840e+001  1.2206230e+001 -6.2525200e+000 -2.8866500e+000 -9.3670000e-002
  3.4608460e+001  1.8424840e+001 -3.4077300e+000 -1.5076100e+000 -2.1770000e-001
  3.5175400e+001  8.9370800e+000 -6.7359000e+000 -5.1595700e+000  2.0894500e+000
  6.3345020e+001  3.2994660e+001 -8.1168800e+000 -8.5569500e+000  2.1281100e+000
  5.0284200e+001  3.7619240e+001 -2.0965040e+001 -4.9874600e+000 -3.6126200e+000
  2.3728100e+001  1.7489340e+001 -7.6880200e+000 -2.4774000e-001 -3.5127400e+000
  3.9026280e+001  1.0364940e+001 -3.7417600e+000 -1.8672100e+000 -3.8476000e+000
  3.2341180e+001  7.3537000e+000  5.4800000e-002  4.1377000e-001 -8.4713000e-001
  8.7730330e+001  3.5158700e+000  1.8811400e+000  4.3761200e+000  1.1703000e-001
  1.0091914e+002  1.6600600e+001 -1.0057320e+001 -1.4267600e+000 -7.3028400e+000
  1.6051557e+002  1.7550750e+001 -1.3540380e+001  1.3046400e+001 -1.7852480e+001
  9.0954220e+001  7.5432200e+000 -1.4309760e+001 -6.5241800e+000  3.5579800e+000
  2.7386378e+002 -2.1051140e+001  1.3299486e+002 -4.2241050e+001 -3.3408660e+001
  1.0872568e+003 -7.0408400e+000  1.2497059e+002 -4.1782000e+001 -7.2401180e+001
  4.4180360e+002  6.2779210e+001  1.8269439e+002 -7.1509510e+001 -2.8476290e+001
  1.6713060e+002  5.9782730e+001  7.1695270e+001 -1.5556910e+001 -1.5847360e+001
  7.8567460e+001  2.3682100e+001  4.3544240e+001 -1.2761200e+001  1.0466880e+001
  7.7979400e+001  3.0430100e+001  3.6203500e+001 -1.2666700e+001  1.1142000e+001
  6.5566000e+001  1.3202400e+001  2.3235000e+001 -7.8757000e+000  5.6011000e+000
  1.8463647e+002  5.1283220e+001  6.9288720e+001 -2.7664550e+001  2.3641530e+001
  1.0395756e+002  4.0688000e+001  1.5292390e+001 -2.5530540e+001  2.6922640e+001
  3.7669510e+001  9.2103800e+000  3.3424300e+000 -9.4014700e+000  7.7321700e+000
  5.3785400e+001  1.9352730e+001  8.8242000e-001 -1.5229310e+001  1.1468240e+001
  4.9850600e+001  2.2136200e+001 -5.9835000e+000 -1.0495000e+001  8.3886000e+000
  3.0596700e+002  7.6361300e+001 -1.7521000e+000 -5.5815500e+001 -7.5658000e+000
  2.1308490e+002  8.2332700e+001  8.1358000e+000 -4.2491100e+001 -1.6052000e+001
  3.0984900e+001  1.4499900e+001  2.0811000e+000 -9.5172000e+000 -2.5919000e+000
  8.9253700e+001  2.0307500e+001 -1.2627600e+001 -1.1976000e+001 -1.6429700e+001
  4.5731900e+001  1.0963700e+001 -1.7465000e+000  1.8506000e+000 -1.2199300e+001
  4.3106780e+001  5.6709800e+000  6.7637000e-001  2.6560100e+000 -6.9163700e+000
  3.2141200e+001  2.0958000e+000  3.5985000e+000 -4.7986000e+000 -1.8032000e+000
  5.5063000e+001  1.4859000e+001  1.0003000e+001 -7.5471000e+000 -1.5645000e+000
  2.2731200e+001  7.5482000e+000 -2.0362000e+000 -5.7803000e+000 -8.5360000e-001
  2.8735800e+001  8.2259000e+000 -4.4211000e+000 -4.1222000e+000 -3.8409000e+000
  4.0881400e+001  1.1196300e+001 -4.7444000e+000 -5.7325000e+000 -5.2921000e+000
  2.8521100e+001  1.5734100e+001 -8.4446000e+000 -7.2546000e+000 -6.8054000e+000
  2.7631000e+001  6.0377000e+000 -5.3876000e+000 -4.2762000e+000 -4.9780000e+000
  6.6221100e+001  8.7000000e+000 -7.3249000e+000 -9.4156000e+000 -3.9500000e+000
