  6.6830700e+000 -4.7673000e-001  2.0962000e-001  1.3408700e+000 -1.7222000e+000
  2.4312320e+001 -1.1416100e+000  1.5537000e+000 -8.3822000e-001 -4.8035600e+000
  1.1762200e+000  2.0859700e+000  2.3770000e-001  5.8167000e-001 -1.1922300e+000
  4.9495200e+000  3.6614000e-001  1.6945400e+000  9.2457000e-001 -3.1557000e-001
  4.9941200e+000  1.5778000e-001  1.8302000e-001  6.5164000e-001 -1.5704200e+000
  6.2732700e+000  1.1346400e+000  9.6430000e-001 -1.7876500e+000 -1.2714400e+000
  4.9448600e+000  2.7529800e+000  5.6952000e-001 -3.3418000e-001 -1.0250400e+000
  2.7783760e+001  1.4718910e+001 -3.2047000e-001  1.9721800e+000 -5.2128600e+000
  7.8890000e+000  2.0764000e+000 -2.7270000e-001  1.2697500e+000 -1.8473000e+000
  5.6030700e+000  5.5573800e+000  2.0620700e+000 -4.1366000e-001 -4.7943000e-001
  1.3847710e+001  9.6263300e+000  3.9543300e+000 -2.0952800e+000 -3.0779600e+000
  3.0418450e+001  1.8251330e+001  3.2542000e+000 -6.7691000e-001 -4.3872800e+000
  5.2772420e+001  8.3818400e+000 -1.2322900e+001  7.7866000e+000 -1.7791720e+001
  2.5281880e+001  5.6557200e+000 -6.2911800e+000  4.1072800e+000 -1.2337580e+001
  1.4440300e+001  7.3600900e+000  1.3043800e+000  1.3261600e+000 -3.6931900e+000
  2.5852440e+001  1.1788420e+001 -4.7385100e+000  7.0659000e-001 -1.0714400e+001
  7.9186800e+000  3.3224200e+000  1.3040000e+000 -1.7864000e-001 -1.2287800e+000
  1.8973270e+001  1.0809380e+001 -4.6432500e+000  1.8730200e+000 -8.3460600e+000
  3.4787100e+001  2.0449980e+001 -8.9697600e+000  1.8597800e+000 -1.4511840e+001
  1.8945910e+001  5.4250900e+000 -1.7334700e+000  2.5254300e+000 -4.5225000e+000
  1.5105170e+001  6.3840400e+000 -9.5591600e+000  1.9439000e+000 -3.7116300e+000
  7.9094400e+000  1.7492200e+000  1.0479800e+000 -1.6559000e+000 -4.3180000e-001
  2.1668330e+001  1.2662690e+001 -3.3214800e+000 -4.2752000e+000 -1.4169000e+000
  1.8017310e+001  7.5770100e+000 -4.1353400e+000 -2.7964900e+000 -1.8061300e+000
  4.4922240e+001  1.5160620e+001 -2.0100300e+001 -4.8102700e+000 -1.5724320e+001
  2.7140120e+001  1.0043040e+001 -5.6660500e+000 -5.4654300e+000 -7.2048500e+000
  2.8124860e+001  5.6533500e+000 -1.7175700e+000 -2.8213200e+000 -4.1525300e+000
  1.5734094e+002  4.3917150e+001 -9.3583750e+001  1.0255860e+001 -7.8137400e+001
  5.0863850e+001  1.3696210e+001 -2.0317750e+001  3.3518900e+000 -2.3673750e+001
  2.6032470e+001  7.3840400e+000 -4.2383600e+000 -9.0013000e-001 -8.6020900e+000
  2.1666630e+001  1.4910090e+001 -1.6441100e+000 -3.8357400e+000 -6.0940400e+000
  1.6498940e+001  6.0610600e+000 -1.1262500e+000 -3.0906200e+000 -2.5090000e+000
  4.4055990e+001  8.4674600e+000  8.0854600e+000 -5.2158800e+000  2.6054300e+000
  4.5760950e+001  9.7072200e+000 -2.1090700e+000 -2.8264100e+000 -4.8195200e+000
  1.1800580e+001  3.4550000e+000  5.2960000e-001 -1.9832600e+000  5.6656000e-001
  1.2436310e+001  3.7496500e+000 -8.1749000e-001 -1.1577900e+000 -1.1030100e+000
  1.2097050e+001  1.1518400e+000 -5.4321000e+000  6.1414000e-001 -1.4760300e+000
  1.2853140e+001  1.1047000e+000 -1.5291200e+000 -7.4959000e-001  1.3073800e+000
  2.9883190e+001  3.7642700e+000 -1.0020020e+001  1.0085600e+000  5.2197000e-001
  6.2940540e+001  4.0749800e+000 -2.1690510e+001  1.3851600e+000  1.6107100e+000
  4.0995480e+001  4.7362800e+000 -1.0225220e+001  1.0784200e+000 -6.2884800e+000
  1.0811094e+002  2.5344300e+001 -2.0566440e+001  6.9191000e+000 -2.9418200e+000
  5.1685200e+001  6.0015000e+000 -2.8812600e+000 -9.4149000e-001  1.6022200e+000
  3.6126940e+001 -4.3628400e+000 -4.2054800e+000 -4.8138000e+000 -4.3174400e+000
  1.2125879e+002 -2.7982930e+001 -2.0844580e+001  6.1173300e+000 -2.6118990e+001
  9.8109180e+001 -1.6678020e+001 -1.7085510e+001  7.4320500e+000 -1.7912140e+001
  8.6433350e+001  1.6365080e+001  2.0285100e+001  3.9734600e+000 -8.8032800e+000
  3.4545340e+001 -3.9563300e+000  1.1219100e+000  7.1655000e-001 -1.7416600e+000
  6.8193740e+001 -4.4900200e+000  8.7110400e+000 -8.5486000e-001  2.9772300e+000
  4.5679880e+001 -1.3479280e+001  4.1005000e+000  5.5486000e-001  5.4678400e+000
  5.1058660e+001  5.9082500e+000  2.1832100e+001 -2.3406800e+000  7.9111500e+000
  3.2591270e+001 -2.0088400e+000  1.0422020e+001 -5.4183000e-001  2.0935300e+000
  1.5234940e+001 -3.6421800e+000  1.5875000e-001 -4.0511000e-001  1.2783300e+000
  3.2297870e+001 -3.9371200e+000  1.6151000e-001 -6.3255000e-001  4.1906100e+000
  1.5268470e+001 -4.4152200e+000 -6.4040000e-001  9.2086000e-001  5.7654000e-001
  1.4444180e+001 -3.8253000e+000 -2.7383600e+000  1.0619200e+000  2.6000000e-004
  1.0507400e+001 -1.6713000e+000 -2.0671500e+000 -3.6618000e-001  8.7028000e-001
  2.4270930e+001 -1.5130400e+000 -6.5511900e+000  3.0781100e+000 -1.1480000e-002
  2.0693680e+001 -5.0164400e+000 -6.7560000e+000  3.6763300e+000  2.6443000e-001
  1.7964780e+001 -3.0064800e+000 -4.6452900e+000  4.3181700e+000 -1.5896800e+000
  4.5422890e+001  2.1983760e+001 -8.9113600e+000  5.1922500e+000 -7.8438400e+000
  5.2574570e+001  1.2735540e+001 -1.5634780e+001  1.1359180e+001 -7.9994600e+000
  1.0194080e+001  1.3979500e+000 -1.7155600e+000  1.7320300e+000 -6.9407000e-001
  1.4452100e+001  4.6729000e-001 -1.5693800e+000  2.4357100e+000 -2.5530800e+000
  1.8143110e+001 -2.2882800e+000 -3.7040100e+000  4.1545800e+000 -3.2097600e+000
  4.9426120e+001  1.7437390e+001 -3.5434900e+000  1.4210000e-002 -5.8895700e+000
  7.0854690e+001  1.7996910e+001 -1.0451710e+001 -7.8741400e+000 -4.8862600e+000
  3.0792950e+001 -7.3761300e+000 -3.2525700e+000  1.6436600e+000 -5.1802000e-001
  4.0636060e+001 -1.7254600e+000 -2.0103120e+001  1.1270220e+001 -1.0875080e+001
  3.7311780e+001 -1.4328200e+000 -1.8384950e+001  6.5675700e+000 -1.1870690e+001
  3.0804680e+001  2.6806600e+000 -9.6196100e+000 -7.0043000e-001 -2.1755400e+000
  1.4393960e+001  1.9109200e+000 -6.5083000e-001 -6.8882000e-001 -7.5629000e-001
  5.2772540e+001  8.8635900e+000 -3.3360690e+001  5.0082900e+000 -1.8039420e+001
  2.4605630e+001 -3.3105400e+000 -1.0868660e+001 -2.9680000e-001 -4.0154800e+000
  3.6644680e+001 -5.4292400e+000 -2.8159980e+001  8.3171200e+000 -1.5964540e+001
  2.3231850e+001 -5.5692200e+000 -1.1126270e+001  4.7574700e+000 -5.6508300e+000
  6.3484600e+001 -2.0311480e+001 -1.4887340e+001  4.2249000e-001 -8.4445500e+000
  8.6969450e+001 -1.3306200e+001 -2.6338750e+001  5.7633400e+000 -1.2553320e+001
  3.2175050e+001 -2.2665700e+000 -8.8120400e+000 -3.1633000e-001 -1.5313300e+000
  3.2848140e+001  3.4900800e+000 -1.0399560e+001 -1.7773800e+000 -3.3715200e+000
  3.5049560e+001 -6.9583000e+000 -1.8822200e+001 -3.4634700e+000 -3.6658300e+000
  1.5403740e+001 -1.2974700e+000 -1.0185670e+001 -1.0844600e+000 -2.8050700e+000
  3.0106000e+001 -8.1922700e+000 -1.6813610e+001 -1.9458400e+000 -3.4745500e+000
  2.1135440e+001 -3.5567000e+000 -8.1115100e+000 -1.2013500e+000 -2.1663700e+000
  2.9188560e+001 -6.7953900e+000 -1.2987380e+001 -2.8591300e+000 -8.0355400e+000
  2.0174600e+001 -8.5027000e+000 -8.6920400e+000 -2.0347900e+000 -6.4184400e+000
  1.9014000e+001 -4.1597300e+000 -8.4949400e+000 -8.6562000e-001 -4.3681900e+000
  1.3692340e+001 -5.5231600e+000 -5.5809200e+000  3.9664000e-001 -4.4155600e+000
  1.4101370e+001 -8.5488000e-001 -3.6983300e+000 -1.7899300e+000 -2.6011700e+000
  1.9102870e+001 -6.7364800e+000 -5.3551600e+000  2.0017600e+000 -2.4303500e+000
  2.5727400e+001 -1.1509860e+001 -2.7432300e+000  8.2569000e-001 -2.2202800e+000
  4.2564550e+001 -1.9985930e+001 -1.0232510e+001 -2.4041900e+000 -9.5234000e-001
  7.3240250e+001 -1.2627560e+001 -2.5466310e+001  2.9227500e+000 -1.0516670e+001
  3.5265430e+001 -1.4451020e+001 -7.4484900e+000 -1.9435800e+000 -7.0592000e-001
  4.4939660e+001 -8.0420800e+000 -1.6506240e+001 -7.4937000e-001 -5.6436700e+000
  6.8941880e+001 -3.2627630e+001 -6.3318000e+000  2.6353400e+000 -7.2698000e+000
  4.1170780e+001 -1.9176580e+001 -1.0124970e+001  7.8480800e+000 -7.2833800e+000
  6.9891775e+002 -9.0270570e+001 -1.3376920e+002 -2.3831240e+001 -5.3613200e+001
  1.0054306e+002 -4.5526470e+001 -2.0631370e+001  4.4547500e+000 -5.3766300e+000
  5.5646040e+001 -2.7267920e+001 -6.7635800e+000  2.6008700e+000 -4.4947400e+000
  2.6385030e+001 -1.6682130e+001 -6.4468600e+000  2.4265500e+000 -3.3990400e+000
  2.4856940e+001 -9.0452500e+000 -6.5304000e+000  2.3272500e+000 -2.2788300e+000
  2.8365500e+001 -1.0265600e+001 -4.8624000e+000  1.2208400e+000 -4.7429600e+000
  1.7469040e+001 -6.7051200e+000 -4.7973800e+000  3.7766000e-001 -2.6633200e+000
  1.6140660e+001 -7.1332300e+000 -3.6153200e+000  2.5513900e+000 -2.0231000e+000
  5.2331720e+001 -1.3543670e+001 -1.2472230e+001  7.9707400e+000 -8.4764500e+000
  4.4026520e+001 -1.6360910e+001 -1.0194430e+001  7.3807500e+000 -4.8764700e+000
  2.4378220e+001 -1.0585310e+001 -7.6783200e+000  3.9611000e+000 -2.9511300e+000
  1.4096910e+002  1.9342200e+000 -6.8195390e+001  4.1098990e+001 -6.0180750e+001
  8.3560090e+001 -2.3805440e+001 -2.6170530e+001  1.9280340e+001 -3.5952010e+001
  7.6732550e+001 -5.1953400e+000 -2.2657480e+001  1.5905110e+001 -1.9595330e+001
  4.9423430e+001 -9.3743100e+000 -1.2812200e+001  4.2137400e+000 -6.1956600e+000
  3.6432490e+001 -3.3806000e+000 -2.5479000e+000  5.6641200e+000 -5.1785600e+000
  5.8074680e+001 -5.6646800e+000 -6.8444800e+000  2.3223200e+000 -9.2438600e+000
  2.3107750e+001  6.2025000e+000 -9.4065000e+000  1.1764500e+000 -6.6742500e+000
  4.3023480e+001  5.8282900e+000 -1.4225220e+001  2.7804500e+000 -7.4715600e+000
  1.7894540e+001 -2.8678400e+000 -7.2144800e+000 -8.7640000e-002 -3.3822800e+000
  1.5962520e+001  6.3911000e-001 -7.0594600e+000 -2.5734000e-001 -3.1856700e+000
  3.4705450e+001  3.5227300e+000 -1.8664770e+001  3.4352500e+000 -1.0107920e+001
  1.9680180e+001 -1.9027400e+000 -9.0153500e+000  5.3941000e+000 -5.3369000e+000
  1.5576010e+001 -2.2729300e+000 -1.1579100e+001  3.3502800e+000 -5.5234000e+000
  1.0133300e+001  4.1463300e+000 -6.1314400e+000 -5.7424000e-001 -3.7786100e+000
  1.6857620e+001  3.9195600e+000 -3.5178200e+000 -7.6767000e-001 -3.3663500e+000
  2.0985020e+001  5.3312000e+000 -6.5061900e+000 -2.0194000e+000 -4.9556800e+000
  8.3702300e+000 -2.9560500e+000 -9.5359000e-001 -6.7438000e-001 -1.3475200e+000
  1.8171450e+001  9.0514000e-001 -6.3802300e+000  4.0415000e-001 -4.5748300e+000
  7.9097600e+000 -1.3489900e+000  1.1567600e+000 -2.7964000e-001 -2.3913000e-001
  9.4922300e+000 -1.1133400e+000 -3.9728300e+000  6.3113000e-001 -3.9895000e+000
  1.1360900e+001  3.3333000e+000 -6.4009300e+000 -1.4485100e+000 -7.0487700e+000
  1.1987790e+001  2.8564900e+000 -6.2537700e+000 -4.9832900e+000 -4.2688800e+000
  2.8690790e+001 -1.1099050e+001 -9.7214300e+000  1.7055900e+000 -2.8596100e+000
  1.7839850e+001  2.9286700e+000 -5.3057000e+000 -2.3281900e+000 -2.7150300e+000
  4.4570770e+001  4.1421100e+000 -2.8026510e+001 -4.1485500e+000 -1.9694080e+001
  1.8050800e+001 -2.1261800e+000 -8.7901800e+000  9.2286000e-001 -2.9091800e+000
  2.6711080e+001 -1.0840840e+001 -1.2248210e+001  5.0959700e+000 -8.0121400e+000
  3.1221510e+001 -9.5241800e+000 -1.4858960e+001  6.6823900e+000 -7.3217000e+000
  2.8422950e+001 -1.7261540e+001 -7.2927100e+000  5.0614600e+000 -2.0379700e+000
  8.3143120e+001 -1.0211080e+001 -3.0918880e+001  2.4579000e-001 -1.9506500e+001
  4.1155650e+001 -9.9660300e+000 -1.5141290e+001  4.9884700e+000 -1.1578590e+001
  3.0235950e+001  2.9969300e+000 -1.1972170e+001 -2.0203400e+000 -9.6994100e+000
  1.7563806e+002 -7.6235200e+000 -6.1755840e+001  1.2260600e+000 -5.2999300e+001
  9.5756960e+001  1.9720560e+001 -4.4038790e+001 -7.1270800e+000 -4.7399130e+001
  5.9475070e+001 -1.3084480e+001 -2.8955330e+001 -8.9231400e+000 -3.3362910e+001
  3.8767930e+001 -1.1508200e+001 -1.0776280e+001 -1.0791000e-001 -9.8667900e+000
  4.5918840e+001 -9.7376800e+000 -1.7233360e+001  1.3676000e+000 -1.2516140e+001
  3.5034050e+001 -1.9204010e+001 -6.0740300e+000 -1.2047800e+000 -9.7879500e+000
  1.3121225e+002 -8.5852560e+001  2.7255400e+000  3.8951940e+001 -1.4703200e+000
  1.5598402e+002  1.0332650e+001 -8.4936690e+001 -4.7570170e+001 -4.6714850e+001
  4.9583890e+001 -2.1614900e+000 -3.0569690e+001 -1.5790100e+001 -1.6573350e+001
  1.1720083e+002  2.9655400e+000 -7.8568460e+001 -5.0017080e+001 -4.4301180e+001
  1.0461271e+002 -4.4259700e+000 -5.9643690e+001 -1.7152730e+001 -4.4100460e+001
  1.0449082e+002 -1.7245860e+001 -6.6320980e+001 -2.0114740e+001 -4.3464400e+001
  1.3016792e+002  1.0482470e+001 -1.0682790e+001 -1.9844570e+001 -3.8381890e+001
  8.6484610e+001  1.0157970e+001 -2.6772310e+001 -2.9007740e+001 -4.3482490e+001
  4.9768860e+001 -5.3908300e+000 -7.9224600e+000 -2.2156700e+000 -1.2809160e+001
  7.0433780e+001 -3.5667500e+000 -1.5705910e+001 -4.7037300e+000 -2.1423900e+001
  2.4879685e+002 -3.7676920e+001 -3.4278610e+001 -3.4104750e+001  6.1677000e+000
  1.8988372e+002 -1.1709500e+001 -2.5951470e+001 -5.7371530e+001  2.4906830e+001
  1.1628870e+002 -2.9565950e+001 -1.9145250e+001 -2.3540150e+001  7.5662000e+000
  7.5049300e+001 -7.7926500e+000 -1.7103850e+001 -1.7514670e+001  3.1923400e+000
  4.4828810e+001  1.1778680e+001  4.9390000e-001 -1.5683270e+001  1.1029210e+001
  4.1791290e+001  2.5161760e+001 -7.0485000e-001 -1.6246290e+001  8.5020300e+000
  3.0595590e+001  1.0528270e+001  2.3673800e+000 -1.0827230e+001  9.6626900e+000
  3.3738290e+001  1.8255870e+001  7.1111200e+000 -1.2600270e+001  8.5415100e+000
  3.9687200e+001  2.0338850e+001 -1.8704150e+001 -1.7687500e+001  4.8541000e+000
  2.8807310e+001  8.9180000e+000 -7.2052100e+000 -3.5784400e+000  3.2927000e-001
  2.6572980e+001  1.0372850e+001 -1.1528300e+000 -4.6178200e+000  1.5889200e+000
  3.9557060e+001  1.9528790e+001 -3.8160000e+000 -1.3170000e+000 -1.4824000e+000
  2.4762940e+001  1.3751030e+001 -7.0208200e+000  2.9215500e+000 -3.0173700e+000
  3.0314360e+001  1.6130440e+001 -8.3333000e-001  2.0873900e+000 -3.0238000e+000
  1.5762500e+001  7.3669800e+000 -1.7693000e+000 -9.7307000e-001 -2.6035000e-001
  3.9014920e+001  2.2302660e+001 -4.4880800e+000 -4.3684500e+000 -3.3249000e-001
  3.9409000e+001  2.7319040e+001 -1.4614740e+001  8.7524000e-001 -1.7984200e+000
  2.1274800e+001  1.4909040e+001 -5.3485200e+000  1.5945600e+000 -4.7377400e+000
  3.8891380e+001  1.0531040e+001 -1.4736600e+000  4.0590000e-002 -2.6004000e+000
  3.1060980e+001  1.0459600e+001 -1.4585000e+000  1.7237000e-001 -5.3083300e+000
  9.9493230e+001  2.2222700e+000  6.1334400e+000  1.0504020e+001  5.5193000e-001
  1.0903754e+002  2.4657400e+001  8.3708000e-001  6.3257400e+000 -1.5336400e+000
  1.8226377e+002  3.7134650e+001  3.8085200e+000  1.7485400e+001 -1.2459680e+001
  9.6566720e+001  6.2978200e+000 -1.4209060e+001 -7.7135800e+000  4.7704800e+000
  2.6172728e+002  2.1098360e+001  1.8408906e+002 -3.9318950e+001 -3.6564600e+000
  1.1379891e+003  1.0446016e+002  1.9333339e+002 -4.6628500e+001 -7.6753280e+001
  4.5425570e+002  7.0281310e+001  1.8673899e+002 -6.1297710e+001 -2.4601790e+001
  2.0633240e+002  1.0265963e+002  1.1473887e+002 -6.7490100e+000 -2.2390260e+001
  8.5622660e+001  2.7308500e+001  4.8978340e+001 -1.1858100e+001  1.1875780e+001
  8.8300200e+001  3.7400200e+001  4.6007900e+001 -1.0588400e+001  1.2582200e+001
  4.6869500e+001  8.6300000e+000  1.7810600e+001 -3.4587000e+000  6.5775000e+000
  2.0445187e+002  6.4563220e+001  7.7998620e+001 -2.6110150e+001  2.5181830e+001
  1.1613456e+002  5.6119000e+001  1.8452690e+001 -2.7981940e+001  3.2977740e+001
  3.8888910e+001  1.6717080e+001  1.1752300e+000 -7.7942700e+000  8.3467700e+000
  4.2363200e+001  2.1072930e+001  1.0677200e+000 -1.0702510e+001  6.8581400e+000
  5.1069200e+001  1.9027300e+001 -5.3636000e+000 -3.1362000e+000  5.0652000e+000
  3.5860160e+002  8.6184800e+001 -9.4109000e+000 -5.5145200e+001 -9.7893000e+000
  1.9430350e+002  8.2838700e+001  6.6102000e+000 -3.7577300e+001 -1.5068800e+001
  2.5319100e+001  7.6389000e+000 -1.7394000e+000 -3.3284000e+000 -1.5672000e+000
  7.1326700e+001  1.7875300e+001 -1.8819100e+001 -2.7594000e+000 -1.2111700e+001
  4.3977000e+001  1.2703300e+001 -5.5881000e+000  1.7873000e+000 -1.1191200e+001
  4.6285980e+001  7.2061800e+000 -8.0183000e-001  5.6545100e+000 -6.1955700e+000
  1.5236800e+001  2.4540000e+000  2.1602000e+000 -1.6399000e+000  1.5539000e+000
  4.9935300e+001  1.2055000e+001  5.8754000e+000 -5.2197000e+000  1.3047000e+000
  2.3080100e+001  5.9146000e+000 -1.8090000e+000 -3.3913000e+000 -1.4106000e+000
  2.8550600e+001  6.3045000e+000 -3.0081000e+000 -3.9425000e+000 -3.7741000e+000
  3.9315200e+001  1.1122500e+001 -6.7634000e+000 -6.4383000e+000 -5.6712000e+000
  2.8636800e+001  1.7011800e+001 -9.2426000e+000 -6.5065000e+000 -5.8636000e+000
  2.7548500e+001  8.5375000e+000 -1.0235600e+001 -3.5694000e+000 -6.3974000e+000
  4.3448500e+001  6.4883000e+000 -9.1678000e+000 -2.9919000e+000 -4.8060000e+000
