  9.1559700e+000 -1.6023000e-001  3.0182000e-001  1.1693700e+000 -1.7873000e+000
  3.7072920e+001  1.0316900e+000  4.1912000e+000 -3.2271200e+000 -8.4104600e+000
  1.1556200e+000  3.2066700e+000 -2.1688000e+000  1.8566700e+000 -2.8988300e+000
  1.2040320e+001 -4.5146000e-001  3.2718400e+000 -8.5213000e-001 -2.4724700e+000
  9.1529200e+000 -5.9442000e-001 -2.0549800e+000  1.5583400e+000 -2.4206200e+000
  9.3614700e+000  3.4340400e+000  2.2088000e+000 -3.7111500e+000  8.3036000e-001
  5.7325600e+000  2.0960800e+000  5.1552000e-001 -1.4956800e+000 -7.3864000e-001
  2.7800160e+001  1.6263110e+001 -7.6407000e-001  1.7525800e+000 -5.7263600e+000
  7.2478000e+000  2.6451000e+000 -1.0382000e+000  2.3125000e-001 -1.7375000e+000
  5.8258700e+000  6.4617800e+000  1.6422700e+000  2.0623400e+000  1.7197000e-001
  2.4878410e+001  2.4915730e+001  7.8037300e+000  1.5612000e-001 -2.9350600e+000
  2.9048550e+001  2.3902030e+001  4.4322000e+000  2.2171900e+000 -3.2059800e+000
  3.7448020e+001  1.0540740e+001 -9.7234000e+000  4.8201000e+000 -1.2801920e+001
  1.6907380e+001  1.0530620e+001 -5.7155800e+000  2.2501800e+000 -9.7482800e+000
  2.2879500e+001  1.2015790e+001 -1.0720200e+000  4.8954600e+000 -5.7319900e+000
  3.9913740e+001  2.4064920e+001 -7.6945100e+000 -2.3971000e-001 -1.7408800e+001
  8.6693800e+000  5.9055200e+000 -2.1062000e+000  6.7946000e-001 -2.9592800e+000
  1.9289170e+001  1.5162380e+001 -5.9626500e+000  3.6414200e+000 -1.0042760e+001
  5.1259200e+001  2.9241880e+001 -1.5029060e+001  4.2958800e+000 -2.5627340e+001
  3.0204410e+001  1.4879890e+001 -1.2199700e+000  2.6295300e+000 -9.4401000e+000
  2.4138770e+001  8.0439400e+000 -1.2795960e+001 -1.0161000e+000 -5.6614300e+000
  8.2158400e+000  3.9339200e+000 -1.9082000e-001 -2.9608000e+000 -2.4090000e-001
  2.7303230e+001  1.6390090e+001 -8.8009800e+000 -4.6687000e+000 -2.6771000e+000
  2.4704310e+001  8.9649100e+000 -5.0552400e+000 -3.7021900e+000 -2.2613300e+000
  5.3076840e+001  2.0278420e+001 -2.8940300e+001 -5.5894700e+000 -2.2026020e+001
  2.9444020e+001  1.0803140e+001 -6.6345500e+000 -5.2537300e+000 -7.9941500e+000
  2.7302760e+001  6.7567500e+000 -4.0348700e+000 -4.1937200e+000 -6.5942300e+000
  1.6544804e+002  5.4620450e+001 -9.4686250e+001  7.2042600e+000 -7.7844500e+001
  3.3456850e+001  1.8361510e+001 -1.3443450e+001  1.7529900e+000 -1.8596650e+001
  2.3000370e+001  1.0095040e+001 -1.8885600e+000 -2.9814300e+000 -6.7196900e+000
  2.4608530e+001  1.6349290e+001 -2.3559100e+000 -4.6283400e+000 -3.8499400e+000
  1.3245240e+001  4.0904600e+000  1.1657500e+000 -3.4031200e+000 -2.5170000e-001
  3.8163290e+001  7.8308600e+000  5.6739600e+000 -2.9170800e+000  2.0842300e+000
  3.5166250e+001  9.3503200e+000 -1.9750700e+000 -1.0482100e+000 -5.6505200e+000
  1.4473180e+001  5.6890000e+000 -1.7900000e-001 -2.4511600e+000  2.6780600e+000
  1.2563910e+001  3.6171500e+000 -9.7209000e-001 -1.2331900e+000 -6.8161000e-001
  1.0915850e+001  1.4551400e+000 -5.5847000e+000  5.9304000e-001 -7.8343000e-001
  1.1244140e+001  2.7927000e+000 -4.2653200e+000  9.2321000e-001 -9.8212000e-001
  1.7776390e+001  2.7600700e+000 -4.3159200e+000  4.3916000e-001  8.6547000e-001
  4.6166940e+001  1.2836580e+001 -1.7853010e+001 -2.4944000e-001  1.8097100e+000
  3.0296680e+001  7.3338800e+000 -1.0279020e+001  2.0098200e+000 -5.5719800e+000
  9.7948140e+001  1.3775000e+001 -2.6495340e+001  1.5535900e+001 -4.2499200e+000
  5.5545100e+001 -1.1544000e+000 -7.4647600e+000  2.2569100e+000 -2.0148000e-001
  4.1307340e+001 -9.3609400e+000 -8.7892800e+000 -5.9960000e-001 -4.5661400e+000
  1.1712409e+002 -2.1020130e+001 -1.5767280e+001  3.5785300e+000 -2.4127290e+001
  8.4361680e+001 -1.4866220e+001 -1.2339910e+001 -2.0568500e+000 -1.4418440e+001
  6.2347450e+001  5.3251800e+000  3.3354000e+000 -3.4695400e+000 -8.4643800e+000
  3.0660140e+001 -4.6748300e+000  1.2387100e+000  7.1895000e-001 -1.1633600e+000
  3.6733240e+001 -2.3178200e+000  2.5729400e+000 -1.6779600e+000 -6.0067000e-001
  2.1367080e+001 -2.1934800e+000  1.6839000e+000  7.4436000e-001  3.1745400e+000
  3.6073760e+001  9.5961500e+000  1.9545500e+001 -3.9027800e+000  8.0545500e+000
  1.8002270e+001  1.5246000e-001  6.4462200e+000 -3.3903000e-001  3.2286300e+000
  6.1825400e+000  1.0701200e+000 -8.1895000e-001  4.3129000e-001 -2.7867000e-001
  1.5641470e+001  1.4834800e+000  2.0027100e+000 -3.7835000e-001  4.6231100e+000
  1.2814070e+001 -2.2117200e+000 -8.4230000e-001  1.1393600e+000  2.6544000e-001
  9.1003800e+000 -5.2130000e-001 -3.7660000e-002  3.5732000e-001  9.8496000e-001
  1.3902800e+001 -1.1494000e+000 -1.6572500e+000  2.1542000e-001  1.1702800e+000
  1.9212030e+001  5.7460000e-002 -5.2557900e+000  3.3667100e+000 -1.0532800e+000
  1.9926680e+001 -4.4143400e+000 -5.6532000e+000  3.1296300e+000  1.8063000e-001
  2.4605380e+001 -1.3209800e+000 -6.5084900e+000  4.3434700e+000 -1.7478800e+000
  4.2427690e+001  2.5387560e+001 -6.5163600e+000  3.6455500e+000 -7.7917400e+000
  4.9520970e+001  1.4255140e+001 -1.5459880e+001  9.2763800e+000 -9.7650600e+000
  1.1779980e+001 -2.5895000e-001 -2.8121600e+000  1.5627300e+000 -1.1401700e+000
  1.8398900e+001  1.4405900e+000 -1.1670800e+000  2.7663100e+000 -1.0589800e+000
  1.4018010e+001  5.7592000e-001 -3.8302100e+000  3.2905800e+000 -3.4412600e+000
  5.4419420e+001  2.1305090e+001 -2.7242900e+000  1.0366100e+000 -7.3105700e+000
  9.2981290e+001  4.0480410e+001 -1.1986010e+001 -1.4411040e+001 -7.7331600e+000
  3.0581250e+001 -5.4943000e-001 -3.7775700e+000  4.6786000e-001 -4.6533200e+000
  3.5608360e+001  6.6854000e-001 -1.7678820e+001  8.0408200e+000 -8.6490800e+000
  4.4661480e+001 -5.8058200e+000 -2.2169450e+001  7.5281700e+000 -1.0860290e+001
  2.5975480e+001  2.1648600e+000 -8.6338100e+000 -2.0377300e+000 -2.2377400e+000
  1.5319060e+001  2.0564200e+000 -4.7001300e+000 -2.2272000e-001 -1.5320900e+000
  4.8004940e+001  1.1403490e+001 -3.0112790e+001  2.3684900e+000 -1.5233720e+001
  2.3171130e+001 -2.4916400e+000 -1.1357860e+001  2.0291000e+000 -6.3348800e+000
  2.1838880e+001  5.9336000e-001 -1.9162180e+001  5.0719200e+000 -9.6910400e+000
  1.5301350e+001 -3.2100200e+000 -6.6910700e+000  2.2548700e+000 -3.4363300e+000
  3.4083400e+001 -6.3479800e+000 -1.0975740e+001 -7.4101000e-001 -4.9393500e+000
  5.4501150e+001 -5.5155000e+000 -1.8208950e+001  3.0375400e+000 -8.3855200e+000
  3.2218750e+001 -1.2097700e+000 -8.0810400e+000 -8.9603000e-001 -1.9970300e+000
  2.2875740e+001  6.1347800e+000 -7.0222600e+000 -4.0495800e+000 -1.6714200e+000
  2.9684860e+001 -2.2240000e+000 -1.4302500e+001 -4.0712700e+000 -2.8718300e+000
  1.2184940e+001  3.5243000e-001 -1.0178170e+001 -1.4809600e+000 -2.0774700e+000
  2.5204000e+001 -1.8124700e+000 -1.2696510e+001 -4.0582400e+000 -1.4056500e+000
  1.5189140e+001 -2.3927000e+000 -5.9665100e+000 -1.8729500e+000 -3.0458700e+000
  1.8409860e+001  1.6303100e+000 -1.3441180e+001 -2.1966300e+000 -8.5870400e+000
  1.2144100e+001 -3.2800000e+000 -6.3883400e+000 -1.3611900e+000 -4.2649400e+000
  1.4518800e+001  1.8663700e+000 -8.8632400e+000 -1.8596200e+000 -5.4221900e+000
  8.0142400e+000 -2.6114600e+000 -4.8441200e+000  1.6404000e-001 -3.2451600e+000
  1.2362770e+001  8.3012000e-001 -5.9446300e+000 -9.8203000e-001 -4.1974700e+000
  1.6795870e+001 -4.3914800e+000 -6.9004600e+000  8.2056000e-001 -3.3669500e+000
  2.4829700e+001 -3.8424600e+000  2.7570000e-002 -2.2335100e+000 -1.2199800e+000
  2.4354750e+001 -8.0671300e+000 -4.4826100e+000  8.5101000e-001  4.3960000e-002
  6.3833750e+001 -6.8997600e+000 -2.4566210e+001  4.6605000e-001 -1.1322570e+001
  2.4404330e+001 -9.1460200e+000 -4.2505900e+000 -1.3808800e+000  2.9408000e-001
  3.8369360e+001 -8.6522800e+000 -9.6418400e+000  1.2420300e+000 -2.5785700e+000
  5.7607080e+001 -2.5717330e+001 -6.4504000e+000  2.8625400e+000 -4.8348000e+000
  3.6250280e+001 -1.4751280e+001 -6.1921700e+000  4.9339800e+000 -2.1465800e+000
  6.6536565e+002 -4.9335770e+001 -1.4962260e+002 -2.7297640e+001 -6.5388700e+001
  7.4455360e+001 -3.0851970e+001 -1.4380870e+001  3.8159500e+000 -5.1525300e+000
  4.5880740e+001 -1.9792720e+001 -6.6010800e+000  2.1437700e+000 -4.4343400e+000
  3.0363430e+001 -1.6959030e+001 -7.5788600e+000  2.2170500e+000 -3.5366400e+000
  2.0803940e+001 -9.5231500e+000 -5.4287000e+000  1.6170500e+000 -3.2888300e+000
  2.0315400e+001 -7.2726000e+000 -2.7954000e+000  2.2064000e-001 -3.3929600e+000
  2.0903940e+001 -9.7414200e+000 -5.6534800e+000  1.2801600e+000 -3.1954200e+000
  2.1145760e+001 -1.0897130e+001 -4.3784200e+000  1.9535900e+000 -6.5870000e-001
  4.1953620e+001 -1.1252170e+001 -7.2278300e+000  2.2626400e+000 -2.4929500e+000
  3.0971820e+001 -8.1494100e+000 -7.5423300e+000  4.3618500e+000 -3.0110700e+000
  2.5432620e+001 -1.1379010e+001 -4.6195200e+000  2.6603000e+000 -1.1311300e+000
  1.0098190e+002  1.7184200e+000 -4.4370090e+001  2.6011390e+001 -3.9011050e+001
  5.1989890e+001 -1.4939940e+001 -1.8775630e+001  1.3777540e+001 -2.4091810e+001
  4.6484050e+001 -4.7547400e+000 -1.3338680e+001  1.2371610e+001 -1.3572230e+001
  2.9731630e+001 -8.0811100e+000 -5.3644000e+000  2.5147400e+000 -3.6668600e+000
  2.6636890e+001 -5.0650000e+000 -1.5958000e+000  2.2260200e+000 -3.8851600e+000
  4.0326580e+001 -4.8026800e+000 -7.2280000e-002 -2.7053800e+000 -2.6015600e+000
  1.7575950e+001  7.5140000e-001 -1.0285000e+000  1.2478500e+000 -2.2622500e+000
  2.7783280e+001  5.6609000e-001 -1.0456920e+001  3.7320500e+000 -5.5291600e+000
  1.8715140e+001 -1.9957400e+000 -4.1745800e+000 -1.5560400e+000 -1.6728800e+000
  1.4517720e+001 -1.8052900e+000 -4.4932600e+000 -1.8754000e-001 -2.0930700e+000
  2.2600050e+001 -2.4747700e+000 -9.1747000e-001 -6.6405000e-001  7.1868000e-001
  1.2983380e+001 -9.0654000e-001 -3.1880500e+000  3.5044000e+000 -3.9186000e+000
  7.5717100e+000 -1.6806300e+000 -3.1032000e+000  7.9968000e-001 -6.9770000e-001
  1.0307200e+001 -3.5012700e+000 -7.0964000e-001 -5.5944000e-001 -1.8124100e+000
  2.0271420e+001 -4.4884000e-001 -8.8472000e-001 -2.9520700e+000 -1.6672500e+000
  2.7110520e+001  7.9740000e-001 -5.9905900e+000 -1.3730000e+000 -7.4457800e+000
  1.2167830e+001 -3.3948500e+000 -1.7564900e+000 -1.2372800e+000 -2.5235200e+000
  2.2742850e+001 -2.0561600e+000 -6.7084300e+000  2.3965000e-001 -3.4302300e+000
  8.9600600e+000 -1.2654900e+000 -1.6459400e+000 -2.6664000e-001 -1.6384300e+000
  1.0793130e+001 -4.7835400e+000 -8.3363000e-001 -1.1406700e+000 -2.0400000e+000
  1.1816700e+001 -1.5139000e+000 -1.6223000e-001 -3.5591000e-001 -3.6545700e+000
  1.2005290e+001  4.5670900e+000 -6.0855700e+000 -4.4360900e+000 -5.4721800e+000
  2.3656790e+001 -1.0008350e+001 -6.7978300e+000  2.7017900e+000 -1.6699100e+000
  1.8140950e+001 -1.6130300e+000 -4.0610000e+000 -1.8629900e+000 -2.6974300e+000
  3.5867870e+001  4.8941100e+000 -2.3245310e+001 -4.2658500e+000 -1.5985880e+001
  1.7795400e+001 -6.9454800e+000 -3.4548800e+000  2.6296600e+000 -1.4509800e+000
  2.6245380e+001 -1.4401540e+001 -1.0058510e+001  4.5287700e+000 -3.8942400e+000
  3.9123710e+001 -1.6711680e+001 -1.1704460e+001  8.2863900e+000 -1.4134000e+000
  2.9436950e+001 -1.9865640e+001 -6.2171100e+000  5.2862600e+000 -4.0627700e+000
  7.7376520e+001 -1.4818380e+001 -2.4462180e+001  8.1089000e-001 -1.5280300e+001
  3.3548550e+001 -7.5118300e+000 -9.0731900e+000  5.8387700e+000 -5.9272900e+000
  3.6721750e+001 -2.8923700e+000 -1.2939570e+001  4.8276000e-001 -8.7553100e+000
  1.4278736e+002 -6.7521200e+000 -5.0195040e+001  2.5626000e-001 -4.5436500e+001
  8.1151860e+001  2.5431860e+001 -4.0108390e+001 -1.9578000e-001 -3.7657030e+001
  4.3754870e+001 -1.5439880e+001 -1.7835830e+001 -1.7252400e+000 -1.6014010e+001
  1.2009830e+001  9.3961000e+000  1.0983620e+001  3.8157900e+000  2.9773100e+000
  3.5618440e+001 -6.0539800e+000 -1.4811860e+001 -2.1317000e+000 -1.0645840e+001
  2.6291350e+001 -6.5570100e+000 -3.9680300e+000 -2.6628800e+000 -3.1695500e+000
  7.2452250e+001 -9.9531600e+000 -2.2551660e+001 -1.5994600e+000 -9.7301200e+000
  1.1584912e+002  5.0298250e+001 -7.3254390e+001 -7.1221570e+001 -3.2348050e+001
  2.7321990e+001  6.4712100e+000 -1.6706390e+001 -2.9206900e+001 -1.8637650e+001
  7.8278530e+001  5.2851400e+000 -5.8117360e+001 -4.3253880e+001 -3.7937380e+001
  6.5071310e+001 -3.6477000e-001 -3.5923990e+001 -1.8188630e+001 -2.0985360e+001
  6.9258020e+001 -1.0850160e+001 -3.9456180e+001 -1.1004640e+001 -2.3871700e+001
  8.7830820e+001  1.1474070e+001 -1.3114890e+001 -1.6398670e+001 -2.8889990e+001
  4.2762210e+001  6.4959700e+000 -1.5428710e+001 -1.2685840e+001 -2.1434190e+001
  4.7083460e+001 -2.5966300e+000 -6.3017600e+000 -1.9038700e+000 -1.0424560e+001
  4.8548780e+001  2.4445000e-001 -1.0348910e+001 -2.4391300e+000 -1.5108800e+001
  2.0059375e+002 -2.0135820e+001 -2.3701510e+001 -1.7727350e+001  4.8126000e+000
  1.4142952e+002 -6.5050000e+000 -9.3234700e+000 -4.5890930e+001  2.3540030e+001
  1.0621250e+002 -2.1342050e+001 -1.8858850e+001 -1.8737150e+001  5.8941000e+000
  5.5984600e+001 -4.4388500e+000 -9.9736500e+000 -1.3328470e+001  1.7042400e+000
  3.7687010e+001  1.4360080e+001 -1.2775000e+000 -1.0838970e+001  5.4308100e+000
  3.8148590e+001  2.2782160e+001 -2.4315000e-001 -1.5078790e+001  1.0196430e+001
  3.5066990e+001  1.5161770e+001  3.3704800e+000 -1.7524330e+001  1.3997590e+001
  3.5137790e+001  1.7402270e+001  8.1061200e+000 -1.5088870e+001  1.1657410e+001
  4.1038700e+001  2.3927850e+001 -1.8325050e+001 -1.9936500e+001  7.2473000e+000
  3.2533010e+001  1.0704100e+001 -7.5275100e+000 -5.5430400e+000  1.8305700e+000
  2.8383880e+001  1.1327550e+001 -2.1900300e+000 -5.0033200e+000  2.1048200e+000
  3.9348560e+001  1.7117990e+001 -2.2363000e+000 -3.5750000e+000 -5.0290000e-001
  2.5401140e+001  1.7027530e+001 -7.1921200e+000  2.7406500e+000 -1.8561700e+000
  2.6803060e+001  1.1854440e+001  2.9298700e+000  3.2419900e+000 -1.9747000e+000
  1.8225600e+001  9.5587800e+000 -1.3330000e+000 -2.1853700e+000  1.7850500e+000
  4.7101920e+001  2.0802960e+001 -3.7645800e+000 -4.2578500e+000  8.0921000e-001
  4.0462900e+001  2.5753540e+001 -1.2940840e+001 -1.4460000e-002 -2.0509200e+000
  1.7255500e+001  1.2598040e+001 -2.7332200e+000  7.0816000e-001 -2.7614400e+000
  3.4057480e+001  7.1338400e+000 -4.5516000e-001  1.6825900e+000 -2.5243000e+000
  2.6393380e+001  8.2471000e+000 -6.9060000e-001  5.4387000e-001 -1.6867300e+000
  9.4463030e+001  4.5089700e+000  1.0422540e+001  9.1019200e+000  5.5530300e+000
  9.2060240e+001  2.3890300e+001  2.6138800e+000  2.3980400e+000  2.9000600e+000
  1.4659357e+002  3.0042650e+001  4.5738200e+000  1.3986000e+001 -7.3442800e+000
  8.5130920e+001  7.1762200e+000 -1.5371960e+001 -6.2794800e+000  4.9507800e+000
  2.5437458e+002  1.9863160e+001  1.6281356e+002 -3.9090150e+001 -1.1643560e+001
  9.3727915e+002  7.0118160e+001  2.0057909e+002 -7.1395400e+001 -6.6949580e+001
  4.8252730e+002  8.3041110e+001  2.3212559e+002 -7.1045110e+001 -1.9796890e+001
  2.4562810e+002  8.7878930e+001  1.3794667e+002 -1.7357010e+001 -2.0782060e+001
  1.0639446e+002  3.7582300e+001  6.0091940e+001 -1.4203900e+001  1.5037080e+001
  8.2563700e+001  3.7251200e+001  4.1476600e+001 -9.7773000e+000  1.2793400e+001
  5.9598000e+001  1.4386500e+001  2.3012000e+001 -4.9781000e+000  6.9624000e+000
  1.8641197e+002  5.8919320e+001  7.0232320e+001 -2.6587050e+001  2.2967430e+001
  1.0598346e+002  5.2070600e+001  2.0681390e+001 -2.8247840e+001  3.0083640e+001
  3.8576610e+001  1.4086980e+001  4.6307300e+000 -1.0451170e+001  8.5750700e+000
  6.4008900e+001  2.7483230e+001  7.2917200e+000 -1.5221310e+001  1.3430940e+001
  5.1369900e+001  2.1363700e+001 -1.5949000e+000 -9.6854000e+000  7.4647000e+000
  3.1426580e+002  7.7686600e+001  5.7835000e+000 -5.8103100e+001 -2.4877000e+000
  2.3248970e+002  9.9645700e+001  2.2209000e+001 -5.1420100e+001 -1.1208100e+001
  3.0409200e+001  1.6711400e+001 -3.3190000e-001 -8.2039000e+000 -2.9372000e+000
  7.8533000e+001  1.9570800e+001 -9.5051000e+000 -9.5602000e+000 -9.9308000e+000
  3.5474400e+001  1.4060300e+001  1.2444000e+000 -1.5176000e+000 -7.0061000e+000
  3.7720880e+001  5.0664800e+000  3.1122700e+000  1.5995100e+000 -2.5756700e+000
  2.8425800e+001  4.4066000e+000  6.1728000e+000 -5.8999000e+000  3.1094000e+000
  5.7517900e+001  1.8313500e+001  6.5624000e+000 -8.7245000e+000  2.5741000e+000
  2.7751500e+001  8.3205000e+000  1.5937000e+000 -5.4116000e+000  1.2940000e-001
  3.4241600e+001  1.0544200e+001 -4.5420000e+000 -4.7308000e+000 -3.7375000e+000
  4.5931800e+001  1.7086600e+001 -8.3235000e+000 -6.9936000e+000 -4.6833000e+000
  3.1001700e+001  1.8233900e+001 -9.6336000e+000 -7.5250000e+000 -5.8204000e+000
  2.1826800e+001  8.0479000e+000 -4.9267000e+000 -3.3740000e+000 -2.9792000e+000
  5.5049300e+001  1.0720700e+001 -5.8893000e+000 -9.5816000e+000 -3.2324000e+000
