  1.0309570e+001 -9.4353000e-001  1.5848200e+000  1.9736700e+000 -3.8779000e+000
  5.2744920e+001 -4.4639100e+000  7.5619000e+000 -3.1154200e+000 -6.7816600e+000
  4.1214200e+000 -9.7593000e-001  7.4780000e-001  2.2981700e+000 -2.1593000e-001
  9.3323200e+000 -1.1999600e+000  3.4958400e+000  1.6486700e+000 -1.4407000e-001
  6.1899200e+000 -6.3162000e-001 -6.6468000e-001  1.4680400e+000 -2.2578200e+000
  7.8162700e+000  3.8344000e-001  1.3905000e+000 -1.1413500e+000 -1.6858400e+000
  5.0155600e+000  2.0590800e+000 -1.2622800e+000 -1.7198000e-001 -3.6540000e-002
  2.1786660e+001  9.2851100e+000  1.2015300e+000  7.8868000e-001 -5.0299600e+000
  6.8989000e+000  2.6397000e+000  3.2960000e-001  7.9085000e-001 -1.8555000e+000
  2.5571700e+000  1.3874800e+000  1.5973700e+000  1.8134400e+000 -2.4377300e+000
  1.6282510e+001  4.7494300e+000  5.7867300e+000 -1.7366800e+000 -3.3205600e+000
  3.4761550e+001  2.2242230e+001  3.0332000e+000 -3.6410000e-002 -7.5163800e+000
  5.8264920e+001  7.3751400e+000 -1.6203900e+001  1.1993600e+001 -2.2994820e+001
  4.2899480e+001  2.3429200e+000 -1.7078680e+001  1.3002080e+001 -2.3526980e+001
  1.5077200e+001  5.3532900e+000 -1.9262200e+000  3.3218600e+000 -5.2490900e+000
  2.5764040e+001  7.4280200e+000 -8.1208100e+000  5.3451900e+000 -1.2896700e+001
  6.6704800e+000  2.9182200e+000  1.3031000e+000  7.5216000e-001 -3.1398000e-001
  1.5205870e+001  5.5081800e+000 -4.4212500e+000  1.2913200e+000 -6.9490600e+000
  1.6643500e+001  6.5316800e+000 -7.3738600e+000  2.7601800e+000 -1.0457440e+001
  2.5049410e+001  6.3425900e+000 -3.6302700e+000  4.4573300e+000 -7.2881000e+000
  1.4667970e+001  4.1694400e+000 -8.7157600e+000  1.7541000e+000 -3.6770300e+000
  6.7955400e+000 -1.4378000e-001 -8.2272000e-001  2.9520000e-001 -1.7874000e+000
  1.9351230e+001  7.6696900e+000 -4.6490800e+000 -1.8929000e+000 -3.3209000e+000
  1.8129310e+001  5.1140100e+000 -3.0184400e+000 -2.9160900e+000 -4.8463000e-001
  3.8577440e+001  9.3303200e+000 -2.2149400e+001 -1.2311700e+000 -1.7926920e+001
  1.4301820e+001  3.9802400e+000 -3.1244500e+000 -2.1921300e+000 -4.4190500e+000
  2.8830960e+001  4.6475000e-001 -1.0070770e+001  1.9057800e+000 -1.1420730e+001
  1.3546274e+002  3.8600550e+001 -8.1177850e+001  7.6058600e+000 -6.6523900e+001
  4.3480950e+001  1.1514100e+000 -1.5393950e+001  1.6747900e+000 -1.8338550e+001
  1.6311670e+001  2.7213400e+000  3.8174000e-001 -7.7593000e-001 -8.1219000e-001
  1.5961830e+001  7.1960900e+000 -4.3297100e+000  1.9796000e-001 -4.4897400e+000
  9.9325400e+000  2.2880600e+000 -9.7175000e-001 -4.8472000e-001 -6.3300000e-001
  2.5809290e+001  3.9410600e+000  4.7520600e+000 -2.7356800e+000 -1.4859700e+000
  4.0772450e+001  3.9429200e+000 -3.8439700e+000 -1.1073100e+000 -4.3033200e+000
  1.1943080e+001  1.8151000e+000 -2.6552000e+000 -1.3106000e-001 -5.9064000e-001
  1.6147610e+001  3.8055000e-001 -4.8181900e+000  2.6815100e+000 -2.0916100e+000
  2.5923750e+001 -2.6432600e+000 -1.2240100e+001  2.1704400e+000 -3.1006300e+000
  1.6871540e+001 -3.7637000e+000 -9.4942000e-001  7.3831000e-001 -1.6099200e+000
  3.2753890e+001 -4.0831300e+000 -9.7814200e+000  2.3236600e+000 -1.8043000e-001
  7.0668540e+001 -1.1091320e+001 -2.2601210e+001  2.8079600e+000 -1.9381900e+000
  2.3233180e+001 -4.5752000e-001 -9.7357200e+000  3.8693200e+000 -6.2821800e+000
  9.9948440e+001  4.6920000e-001 -2.6420540e+001  1.2706300e+001 -4.2347200e+000
  5.5596200e+001 -1.6956400e+001 -1.3132560e+001  7.4315100e+000 -3.9242800e+000
  4.5451640e+001 -1.1256640e+001 -7.6910800e+000  7.5410000e-001 -3.5843400e+000
  1.5866159e+002 -4.8417630e+001 -3.6337980e+001  1.6152730e+001 -4.1484790e+001
  1.5882558e+002 -6.4717720e+001 -4.9350910e+001  2.1274250e+001 -3.7035340e+001
  7.2976150e+001 -8.2114200e+000 -6.0959000e+000  1.0827360e+001 -1.0859780e+001
  5.4009040e+001 -1.3970330e+001 -6.8042900e+000  8.0433500e+000 -7.8314600e+000
  6.5904840e+001 -1.6968620e+001 -3.9150600e+000  3.4275400e+000 -4.2827000e-001
  4.6711580e+001 -1.6584980e+001 -4.1780000e-001  4.2157600e+000  1.3539400e+000
  3.6309060e+001 -1.4635500e+000  8.6223000e+000 -1.9678000e-001  1.1101500e+000
  2.4603370e+001 -4.3000400e+000  4.6152200e+000  1.8345700e+000  1.8472300e+000
  1.8710840e+001 -3.8316800e+000  1.1603500e+000 -9.2581000e-001  2.3198300e+000
  2.8030770e+001 -9.3285200e+000 -1.5163900e+000  9.2995000e-001  2.9365100e+000
  2.0571670e+001 -6.1267200e+000 -1.6896000e+000  2.6806600e+000 -5.3806000e-001
  1.7413280e+001 -5.7472000e+000 -3.1612600e+000  1.6312200e+000 -4.7454000e-001
  1.5365800e+001 -4.2429000e+000 -5.3338500e+000  9.2222000e-001  9.1108000e-001
  2.8039130e+001 -6.7709400e+000 -8.8023900e+000  4.0802100e+000  1.2920000e-002
  2.4451580e+001 -1.0124540e+001 -9.6641000e+000  5.7786300e+000 -1.6039700e+000
  2.6622880e+001 -6.8917800e+000 -9.4030900e+000  6.5556700e+000 -2.0284800e+000
  4.3402090e+001 -2.3394000e-001 -1.2450360e+001  8.8546500e+000 -3.9776400e+000
  5.4288070e+001  6.9205400e+000 -1.9672480e+001  1.4059680e+001 -8.5024600e+000
  1.9099780e+001 -2.3976500e+000 -4.5056600e+000  3.2914300e+000 -1.3650700e+000
  2.3147300e+001 -2.6895100e+000 -5.2661800e+000  4.1768100e+000 -2.0803800e+000
  1.5902410e+001 -2.5434800e+000 -4.2480100e+000  4.5215800e+000 -3.0818600e+000
  3.6094020e+001  7.3260900e+000 -3.4083900e+000  2.1080100e+000 -4.3103700e+000
  6.1318490e+001  4.8890100e+000 -1.3878210e+001  2.7013600e+000 -6.3393600e+000
  4.5742950e+001 -1.1122630e+001 -1.0247170e+001  3.3922600e+000 -5.9862200e+000
  4.1442660e+001 -2.9098600e+000 -1.9994520e+001  1.0455620e+001 -1.0464980e+001
  4.7065780e+001 -6.5380200e+000 -2.1113450e+001  6.6411700e+000 -1.2431590e+001
  4.5239980e+001 -1.2730840e+001 -1.3254510e+001  3.0421700e+000 -3.4052400e+000
  1.8229660e+001 -3.6624800e+000 -6.5090300e+000  2.9849800e+000 -4.5565900e+000
  4.5997040e+001  1.6594900e+000 -2.5163790e+001  4.2750900e+000 -1.4913720e+001
  2.4527930e+001 -5.2868400e+000 -1.0526860e+001  1.2653000e+000 -5.0011800e+000
  3.7211080e+001 -5.1400400e+000 -2.9975080e+001  8.0499200e+000 -1.5926940e+001
  2.6118550e+001 -9.7382200e+000 -1.3639970e+001  4.7621700e+000 -8.0019300e+000
  6.9111800e+001 -3.0858580e+001 -1.6237040e+001  8.2709000e-001 -7.1217500e+000
  1.2678085e+002 -5.2400000e+001 -3.3309750e+001  8.2188400e+000 -1.4916620e+001
  4.9284550e+001 -1.4140970e+001 -1.5001040e+001  9.3677000e-001 -5.0459300e+000
  2.9911040e+001  1.3280000e-002 -7.6756600e+000 -1.5368800e+000 -7.8352000e-001
  3.4793660e+001 -8.2080000e+000 -1.6404200e+001 -2.1062700e+000 -3.3498300e+000
  1.6992040e+001 -8.7935700e+000 -7.4854700e+000 -1.5201600e+000 -6.7877000e-001
  3.3740600e+001 -1.0987970e+001 -1.8121810e+001 -4.6645400e+000 -5.0399500e+000
  2.7721540e+001 -1.3956900e+001 -1.0142910e+001 -1.3294500e+000 -2.6949700e+000
  3.6351160e+001 -1.2822590e+001 -2.0741180e+001 -2.4518300e+000 -1.2377540e+001
  2.2427100e+001 -1.0887200e+001 -9.7548400e+000 -9.8319000e-001 -7.2665400e+000
  2.2053000e+001 -9.5600300e+000 -1.1112140e+001 -2.2592000e-001 -3.9523900e+000
  1.1446840e+001 -4.8664600e+000 -6.8651200e+000 -6.5960000e-002 -4.7839600e+000
  1.5147670e+001 -2.9615800e+000 -4.5962300e+000 -4.7373000e-001 -2.4760700e+000
  2.0816970e+001 -8.8972800e+000 -7.1999600e+000  1.2255600e+000 -4.3339500e+000
  3.2558500e+001 -1.5795860e+001 -3.8012300e+000  1.2719000e-001 -3.2400800e+000
  4.1973050e+001 -2.2192430e+001 -9.7043100e+000 -8.3709000e-001 -1.6724400e+000
  7.0636850e+001 -1.7801160e+001 -2.2984310e+001  2.1468500e+000 -1.1309970e+001
  2.7912130e+001 -1.5315420e+001 -7.2243900e+000 -6.0180000e-002 -2.4286200e+000
  4.4277560e+001 -1.3959780e+001 -1.5203440e+001 -6.0277000e-001 -6.7460700e+000
  5.5620380e+001 -3.2535530e+001 -8.8589000e+000  2.8212400e+000 -9.3766000e+000
  4.7991480e+001 -2.6418380e+001 -9.9548700e+000  8.4314800e+000 -5.5315800e+000
  7.3366415e+002 -2.0794827e+002 -1.1684810e+002 -3.8615400e+000 -2.9279400e+001
  1.1881656e+002 -6.3712770e+001 -2.9548670e+001  8.8259500e+000 -8.8181300e+000
  7.7654340e+001 -4.4096720e+001 -8.3166800e+000  4.2957700e+000 -4.2420400e+000
  2.8867130e+001 -1.6576530e+001 -7.8146600e+000  1.5999500e+000 -4.6712400e+000
  2.6035740e+001 -1.3898050e+001 -4.9705000e+000  1.9991500e+000 -1.5062300e+000
  3.1073000e+001 -1.3313300e+001 -4.7883000e+000  1.4527400e+000 -4.9061600e+000
  3.5471140e+001 -1.5953420e+001 -9.4900800e+000  1.0094600e+000 -4.1335200e+000
  2.0813460e+001 -1.1309930e+001 -4.8772200e+000  3.3355900e+000 -1.6131000e+000
  7.7336720e+001 -3.7029470e+001 -1.4709830e+001  7.7287400e+000 -4.2291500e+000
  3.6528220e+001 -1.7325810e+001 -6.9014300e+000  5.3026500e+000 -3.1345700e+000
  2.5699620e+001 -1.2030310e+001 -7.0995200e+000  4.4295000e+000 -3.5484300e+000
  1.1534530e+002 -8.3716800e+000 -5.1214090e+001  3.3301390e+001 -4.3676850e+001
  7.9531290e+001 -3.2959540e+001 -2.3863930e+001  1.6375840e+001 -2.6429910e+001
  6.4312250e+001 -5.4572400e+000 -1.8389980e+001  1.6935110e+001 -1.9002930e+001
  5.0767630e+001 -1.8522110e+001 -1.2830300e+001  5.7048400e+000 -4.5338600e+000
  3.7794990e+001 -8.9779000e+000 -5.0174000e+000  5.3028200e+000 -7.5332600e+000
  3.8356580e+001 -9.7379800e+000 -6.4487800e+000  1.5486200e+000 -5.0145600e+000
  2.4567750e+001 -6.6865000e+000 -4.5041000e+000  3.3821500e+000 -5.1742500e+000
  3.8760080e+001 -1.5165100e+000 -1.1554320e+001  6.1287500e+000 -7.1419600e+000
  2.4458140e+001 -5.7604400e+000 -5.2667800e+000 -3.8314000e-001 -4.0861800e+000
  1.8189220e+001 -5.5489000e-001 -6.5494600e+000  3.6896000e-001 -3.8307700e+000
  2.0236350e+001 -3.8527000e-001 -1.4849070e+001  7.7485000e-001 -9.2385200e+000
  1.7019680e+001 -5.3294400e+000 -4.2284500e+000  4.8269000e+000 -4.7791000e+000
  6.5983100e+000  1.7798700e+000 -5.4484000e+000  1.4925800e+000 -3.7627000e+000
  1.3681400e+001  4.8883000e-001 -6.0881400e+000 -5.9174000e-001 -5.5671100e+000
  2.4180620e+001 -1.6396400e+000 -2.4517200e+000 -4.6211700e+000 -1.0095500e+000
  2.4265120e+001 -2.7646000e+000 -5.5031900e+000  2.3870000e-001 -7.8966800e+000
  9.2576300e+000 -3.0875500e+000 -1.5714900e+000 -1.1646800e+000 -2.7522000e-001
  2.0766650e+001 -6.9166600e+000 -3.4092300e+000  2.1750000e-002 -3.0280300e+000
  1.1579160e+001 -3.3119000e-001  7.4256000e-001 -7.7904000e-001 -7.7363000e-001
  1.3909430e+001 -5.1275400e+000 -3.9806300e+000 -4.1767000e-001 -1.8082000e+000
  3.2245000e+000 -3.0018000e+000  4.1782700e+000 -1.0255100e+000  2.9337300e+000
  1.5381890e+001 -1.4741000e-001 -7.6798700e+000 -2.5612900e+000 -2.1553800e+000
  2.5514990e+001 -1.0438650e+001 -5.8046300e+000  1.0143900e+000 -1.3863100e+000
  1.8794350e+001 -3.3447300e+000 -4.6644000e+000 -6.1809000e-001 -4.1562300e+000
  3.3049370e+001 -2.7190900e+000 -2.0055210e+001 -1.8916500e+000 -1.5210680e+001
  1.5057300e+001 -2.8322800e+000 -4.7695800e+000  2.5662600e+000 -2.8658000e-001
  3.5960780e+001 -1.8513640e+001 -1.0414410e+001  8.7905700e+000 -2.4976400e+000
  4.1220610e+001 -1.8111180e+001 -1.4200560e+001  8.3723900e+000 -5.8537000e+000
  2.8560550e+001 -2.4446040e+001 -6.3853100e+000  6.2849600e+000 -6.5416700e+000
  1.0349732e+002 -1.4774380e+001 -3.8982680e+001 -2.6276100e+000 -2.3161500e+001
  2.0093450e+001 -1.7991300e+000 -4.8196900e+000  9.9387000e-001 -4.6237900e+000
  2.1997650e+001  2.1249300e+000 -6.5073700e+000  3.1726000e-001 -1.0098100e+000
  1.4448566e+002 -1.7173820e+001 -4.4107340e+001  4.6936000e-001 -4.3769400e+001
  9.6581060e+001  1.3191960e+001 -3.6257790e+001 -2.0469800e+000 -3.4847030e+001
  7.4910470e+001 -2.0232180e+001 -3.5105030e+001 -4.0136400e+000 -3.5972310e+001
  3.6220330e+001 -6.9877000e+000 -8.4818000e-001  1.0627390e+001 -3.7746900e+000
  3.4607840e+001 -6.5390800e+000 -6.9246600e+000  5.3590000e-001 -5.4306400e+000
  2.3000950e+001 -1.1358710e+001  2.7935700e+000 -3.3540800e+000 -2.5845500e+000
  7.7108650e+001 -5.8662060e+001  1.3239440e+001  2.7561240e+001 -4.9179200e+000
  9.7772120e+001  2.6269650e+001 -5.1442690e+001 -5.2354870e+001 -2.4047650e+001
  2.7590090e+001 -2.0766900e+000 -1.3490290e+001 -1.0524000e+001 -1.2523550e+001
  1.1830263e+002 -1.4438600e+000 -7.1210660e+001 -6.4968280e+001 -6.2549180e+001
  1.1789641e+002 -1.0190270e+001 -7.4205290e+001 -3.1839130e+001 -5.4030060e+001
  7.1255520e+001  1.0115400e+000 -4.3467980e+001 -2.9906840e+001 -2.5544100e+001
  1.0034712e+002  2.8210700e+000  7.9127100e+000 -4.3382700e+000 -1.5345590e+001
  6.5914410e+001  1.0654970e+001 -2.1353210e+001 -1.9436140e+001 -2.4567590e+001
  6.2413660e+001 -1.0223300e+000 -3.5077600e+000 -4.4959700e+000 -1.4033960e+001
  6.0274580e+001  6.5926500e+000 -7.7221100e+000 -1.2770230e+001 -1.6702700e+001
  2.3800335e+002 -3.1664720e+001 -2.1771410e+001 -3.0788350e+001  5.0315000e+000
  2.0044852e+002 -2.3633400e+001 -1.0043170e+001 -5.9578530e+001  3.3358330e+001
  9.8879800e+001 -2.2536750e+001 -1.2090850e+001 -2.0933650e+001  5.8092000e+000
  4.9448800e+001 -8.5123500e+000 -7.7828500e+000 -9.8818700e+000  2.2762400e+000
  3.7578210e+001  1.4546280e+001  1.5753000e+000 -1.6412470e+001  1.2143310e+001
  2.8070690e+001  1.2392860e+001  1.6782500e+000 -9.2275900e+000  6.1711300e+000
  4.2720490e+001  2.0500670e+001  5.5922800e+000 -2.2206030e+001  1.9570390e+001
  4.4372890e+001  1.9957370e+001  8.9508200e+000 -1.1299970e+001  1.0182010e+001
  3.5943100e+001  2.2040950e+001 -1.3195350e+001 -1.5900600e+001  4.7245000e+000
  2.8358510e+001  1.2308700e+001 -2.0546100e+000 -3.1965400e+000 -5.1263000e-001
  2.6537480e+001  1.5581850e+001  4.5259700e+000 -6.0335200e+000  1.3136200e+000
  4.9499260e+001  2.3613990e+001  1.3542000e+000 -3.2418000e+000 -1.2516000e+000
  2.3306940e+001  1.6861230e+001 -4.7205200e+000  2.2044500e+000 -1.6606700e+000
  3.5323560e+001  1.6072840e+001  3.5454700e+000  3.8210900e+000 -1.9057000e+000
  2.1741200e+001  6.0821800e+000 -1.5297000e+000 -2.3112700e+000  4.2035000e-001
  4.9491020e+001  3.0110960e+001 -3.2338800e+000 -2.8861500e+000 -8.8939000e-001
  4.1002000e+001  3.0076140e+001 -1.2624040e+001  1.6220400e+000 -2.3506200e+000
  1.7582200e+001  1.3354940e+001 -2.3347200e+000  5.7846000e-001 -3.5240400e+000
  3.5447380e+001  8.8606400e+000  1.1086400e+000  1.6478900e+000 -1.8796000e+000
  3.0708480e+001  8.5810000e+000 -1.1770000e+000  2.3465700e+000 -2.3736300e+000
  9.4675530e+001  2.5671700e+000  1.6122640e+001  1.4732220e+001  9.5083300e+000
  9.1938540e+001  2.1492600e+001  9.7088000e-001  6.4734000e-001  1.2890600e+000
  1.4269207e+002  2.3696050e+001 -3.5658800e+000  1.2906400e+001 -1.6338780e+001
  8.1556320e+001  9.5168200e+000 -8.7493600e+000  8.9420000e-002  1.1551800e+000
  2.7616038e+002 -1.0860540e+001  1.5804476e+002 -4.5863850e+001 -2.8209060e+001
  1.0721056e+003  3.2328960e+001  1.2970979e+002 -5.2458700e+001 -8.2264980e+001
  3.8097280e+002  4.9935710e+001  1.7665059e+002 -5.5503210e+001 -3.0754890e+001
  2.0390770e+002  6.9467330e+001  1.0763527e+002 -1.9953910e+001 -1.3927460e+001
  8.2882460e+001  2.9821400e+001  5.0303540e+001 -1.1529100e+001  1.1800080e+001
  7.1454500e+001  3.4298900e+001  4.2364500e+001 -1.2974000e+001  1.1344200e+001
  5.3508700e+001  9.2645000e+000  2.1372600e+001 -2.5566000e+000  5.6739000e+000
  1.6713857e+002  4.7624020e+001  6.3802320e+001 -2.3365750e+001  1.8969130e+001
  9.2617660e+001  3.6215100e+001  1.5445790e+001 -2.2810040e+001  2.5741640e+001
  3.7265910e+001  1.0550480e+001  4.2391300e+000 -7.6899700e+000  6.6447700e+000
  4.6942500e+001  1.8094030e+001  4.4621200e+000 -1.0960410e+001  1.0711540e+001
  4.3434100e+001  1.5087600e+001 -1.5405000e+000 -8.2663000e+000  8.5633000e+000
  3.2146150e+002  7.9489500e+001  1.4519200e+001 -6.4281700e+001  2.6960000e+000
  2.0109510e+002  7.7176700e+001  2.1411200e+001 -4.5572000e+001 -7.5233000e+000
  2.5315700e+001  1.1930100e+001  1.2602000e+000 -9.5507000e+000 -1.7191000e+000
  6.7247900e+001  1.5815400e+001 -5.6443000e+000 -9.0038000e+000 -7.6247000e+000
  3.5311100e+001  5.5344000e+000  4.1161000e+000  6.5700000e-002 -5.6288000e+000
  3.6504980e+001  1.7061800e+000  3.6562700e+000  1.6053100e+000 -2.7606700e+000
  2.8034700e+001  3.3230000e+000  5.2213000e+000 -5.3317000e+000  1.0006000e+000
  5.7448300e+001  1.5227900e+001  9.4549000e+000 -8.3275000e+000  7.0610000e-001
  2.7560000e+001  4.7691000e+000  1.8170000e+000 -2.1103000e+000  2.2658000e+000
  2.9107200e+001  5.0756000e+000 -7.0360000e-001 -4.7818000e+000 -1.0734000e+000
  3.6243100e+001  1.0125600e+001 -4.4932000e+000 -4.4092000e+000 -3.7019000e+000
  2.1115400e+001  7.1005000e+000 -2.8477000e+000 -3.5831000e+000 -3.1359000e+000
  1.6434200e+001  6.9341000e+000 -1.4450000e+000 -2.9798000e+000 -8.8900000e-001
  5.9023700e+001  4.8358000e+000 -2.7848000e+000 -8.1146000e+000 -3.1398000e+000
