  1.1731070e+001 -1.6231300e+000  2.3473200e+000  1.0871700e+000 -1.3890000e+000
  4.4690620e+001 -6.4033100e+000  4.5391000e+000  2.3578000e-001 -1.0383660e+001
  4.0111200e+000  6.7747000e-001  1.5612000e+000  7.5407000e-001 -2.1803000e-001
  5.8648200e+000 -4.4056000e-001  2.5611400e+000  7.9227000e-001 -7.3570000e-002
  7.3541200e+000 -9.9532000e-001  2.3232000e-001  2.5494000e-001 -1.0679200e+000
  6.5302700e+000 -1.0046000e-001  6.9880000e-001 -4.4725000e-001 -1.8492400e+000
  7.2141600e+000  1.6200800e+000  1.6920000e-002 -2.6358000e-001 -1.9227400e+000
  2.4275860e+001  1.1880210e+001 -4.6367000e-001  1.6426800e+000 -5.0901600e+000
  1.0539500e+001  2.3181000e+000 -4.3590000e-001  1.5408500e+000 -2.2072000e+000
  4.0164700e+000  5.0482800e+000  2.4470700e+000 -5.1936000e-001 -6.4013000e-001
  1.4271910e+001  5.8558300e+000  3.7641300e+000 -1.4569800e+000 -3.3219600e+000
  2.1724350e+001  1.4507930e+001  9.3440000e-001  3.1479000e-001 -5.1912800e+000
  5.8874420e+001  6.7083400e+000 -1.5359300e+001  8.7404000e+000 -1.9195820e+001
  3.2263280e+001 -2.2359800e+000 -1.2379180e+001  8.8135800e+000 -1.6060980e+001
  1.5307200e+001  3.0812900e+000 -1.4908200e+000  2.2367600e+000 -4.8187900e+000
  2.7141040e+001  7.8318200e+000 -6.0759100e+000  3.9639900e+000 -1.2785500e+001
  7.4902800e+000 -3.8380000e-002  9.8160000e-001  8.4736000e-001 -9.7618000e-001
  1.3321770e+001  5.2409800e+000 -2.8913500e+000  1.6769200e+000 -5.8528600e+000
  3.0165500e+001  1.1680880e+001 -1.3656460e+001  7.1784800e+000 -1.9403040e+001
  2.3677910e+001  6.0924900e+000 -2.4661700e+000  2.5060300e+000 -6.9908000e+000
  1.0809370e+001  2.8151400e+000 -6.5857600e+000  1.3741000e+000 -3.8615300e+000
  8.2830400e+000  9.4972000e-001 -1.3353200e+000  1.6120000e-001 -1.5635000e+000
  1.8442830e+001  7.1138900e+000 -5.0151800e+000 -2.0310000e+000 -1.6916000e+000
  1.6293110e+001  3.9889100e+000 -2.8508400e+000 -2.6086900e+000 -1.2358300e+000
  4.4604340e+001  9.2666200e+000 -2.3266800e+001 -1.4553700e+000 -1.9389420e+001
  2.2863520e+001  6.0743400e+000 -1.0152150e+001 -1.3320300e+000 -7.9790500e+000
  2.8422260e+001  3.9450000e-002 -1.2790670e+001  2.0089800e+000 -1.2814230e+001
  1.3992394e+002  3.6686350e+001 -8.7829150e+001  1.0305460e+001 -7.2219500e+001
  4.1911450e+001  3.6104100e+000 -1.7022850e+001  3.2610900e+000 -1.8641750e+001
  1.6331170e+001  2.2185400e+000 -1.0186600e+000 -1.2736300e+000 -2.1027900e+000
  1.0244630e+001  4.2139900e+000 -2.2985100e+000 -2.5514000e-001 -2.8319400e+000
  1.4459040e+001  3.5185600e+000 -1.0411500e+000 -2.5030200e+000 -1.5493000e+000
  2.8962490e+001  3.5355600e+000  4.1781600e+000 -2.9221800e+000  1.8930300e+000
  3.1576750e+001  5.4205200e+000 -2.6773700e+000 -5.5071000e-001 -5.9567200e+000
  1.2341780e+001  1.6730000e+000 -2.2558000e+000  1.4240000e-002 -7.5574000e-001
  1.3973310e+001  1.2448500e+000 -3.3728900e+000  1.6362100e+000 -1.7351100e+000
  1.8215550e+001 -3.0426600e+000 -1.0362200e+001  3.0747400e+000 -3.3765300e+000
  1.7152840e+001 -3.3167000e+000 -6.1894200e+000  3.5479100e+000 -2.2614200e+000
  3.3831390e+001 -3.4399300e+000 -1.0367520e+001  2.8187600e+000  7.4777000e-001
  7.5663440e+001 -7.1944200e+000 -2.6495810e+001  3.6699600e+000 -1.6601900e+000
  4.3924780e+001 -3.3054200e+000 -2.4903020e+001  9.4166200e+000 -1.3828380e+001
  1.0398724e+002 -3.3080000e+000 -2.9721940e+001  1.1447000e+001 -8.5490200e+000
  6.8680600e+001 -2.5945900e+001 -2.5245660e+001  1.6539210e+001 -1.1527080e+001
  5.3123340e+001 -1.4450540e+001 -1.1599680e+001  1.9578000e+000 -8.6066400e+000
  2.0911959e+002 -7.4135230e+001 -4.8826080e+001  2.0996730e+001 -5.8958290e+001
  2.1007478e+002 -8.2564920e+001 -6.2393410e+001  2.3571950e+001 -4.4225540e+001
  8.9214550e+001 -2.1540020e+001 -1.4643400e+001  1.2604960e+001 -2.0530380e+001
  4.4041840e+001 -1.2876530e+001 -4.5480900e+000  5.8792500e+000 -6.9617600e+000
  6.3846640e+001 -1.7717420e+001 -2.7210600e+000  2.0618400e+000 -1.9837700e+000
  4.6318380e+001 -1.8444780e+001 -1.0813000e+000  3.7216600e+000  2.2400400e+000
  4.0438560e+001 -7.3265500e+000  5.4530000e+000  3.9535200e+000 -1.5057500e+000
  2.8852370e+001 -4.3660400e+000  6.1900200e+000  9.1407000e-001  2.0339300e+000
  2.0437040e+001 -6.2963800e+000  4.6655000e-001 -1.1597100e+000  1.9116300e+000
  3.7883470e+001 -1.5231020e+001 -8.2794900e+000  3.9647500e+000 -8.4989000e-001
  2.1615870e+001 -6.6456200e+000 -3.2322000e+000  2.9645600e+000 -9.5096000e-001
  1.8616980e+001 -5.3811000e+000 -3.7026600e+000  1.6180200e+000 -2.7144000e-001
  1.8205000e+001 -5.2687000e+000 -6.2826500e+000  1.9274200e+000  1.1719800e+000
  3.0829430e+001 -6.3375400e+000 -9.6180900e+000  4.4051100e+000  1.8762000e-001
  2.9713180e+001 -1.1156540e+001 -1.0816700e+001  5.5396300e+000 -8.7137000e-001
  3.8072980e+001 -1.1280780e+001 -1.2651490e+001  8.1799700e+000 -2.8607800e+000
  5.1121190e+001 -1.9392400e+000 -1.5265760e+001  1.0519950e+001 -7.5395400e+000
  7.4668870e+001  2.6304400e+000 -2.7861080e+001  2.1709880e+001 -1.3153460e+001
  1.5392780e+001 -1.3684500e+000 -3.7098600e+000  2.7611300e+000 -1.1623700e+000
  2.0075200e+001 -1.7334100e+000 -3.5962800e+000  3.5542100e+000 -2.1580800e+000
  2.3452710e+001 -3.4481800e+000 -6.0208100e+000  6.0858800e+000 -4.5083600e+000
  5.4695420e+001  1.6190900e+000 -8.4250900e+000  4.9148100e+000 -6.7875700e+000
  7.5646890e+001  1.9350100e+000 -1.8476810e+001  1.9767600e+000 -9.5514600e+000
  4.5175550e+001 -9.5465300e+000 -1.0521070e+001  4.1733600e+000 -6.4912200e+000
  5.0170560e+001 -5.6066600e+000 -2.4624820e+001  1.2887220e+001 -1.3281680e+001
  5.7475580e+001 -1.1188020e+001 -2.4724850e+001  7.3456700e+000 -1.3739890e+001
  3.1897180e+001 -4.7188400e+000 -1.2816410e+001  2.6098700e+000 -5.2743400e+000
  1.8494060e+001  1.2462000e-001 -5.4639300e+000  1.7443800e+000 -2.0800900e+000
  5.0827840e+001 -3.2694100e+000 -2.8482490e+001  5.7618900e+000 -1.6357020e+001
  3.5459230e+001 -1.0151640e+001 -1.8148360e+001  3.9768000e+000 -9.3979800e+000
  5.1335380e+001 -1.1882240e+001 -4.3812080e+001  1.4628720e+001 -2.3888240e+001
  3.1339250e+001 -1.1025620e+001 -1.8520970e+001  6.9420700e+000 -1.1713530e+001
  7.9922100e+001 -3.7653680e+001 -2.1079440e+001  3.5048900e+000 -1.1203650e+001
  1.0357935e+002 -3.9401800e+001 -3.0492650e+001  8.7807400e+000 -1.2701320e+001
  4.4407750e+001 -1.6970770e+001 -1.2763540e+001  1.1172700e+000 -3.9902300e+000
  2.5167940e+001 -1.4734200e+000 -7.7102600e+000 -1.3317800e+000 -1.3909200e+000
  3.9717660e+001 -1.3142000e+001 -1.6780700e+001 -3.2132700e+000 -3.2427300e+000
  2.0179040e+001 -1.0651670e+001 -1.1702970e+001 -1.4832600e+000 -2.3723700e+000
  3.6135000e+001 -1.4108070e+001 -1.7786710e+001 -4.0514400e+000 -3.5596500e+000
  2.6866640e+001 -1.2570300e+001 -9.9419100e+000 -2.9003500e+000 -2.0771700e+000
  4.1559960e+001 -1.7016290e+001 -2.3609780e+001 -6.2568300e+000 -1.3030140e+001
  2.4633800e+001 -1.2080900e+001 -1.0238640e+001 -1.5685900e+000 -7.9884400e+000
  2.4174700e+001 -1.1195530e+001 -1.0037440e+001 -8.3882000e-001 -3.3735900e+000
  1.7194140e+001 -8.3464600e+000 -8.6018200e+000  1.6154000e-001 -5.7788600e+000
  2.1400870e+001 -5.5982800e+000 -5.1630300e+000 -1.4066300e+000 -2.6583700e+000
  3.0406370e+001 -1.3064780e+001 -9.2049600e+000  1.0055600e+000 -3.8729500e+000
  3.3249200e+001 -1.7251260e+001 -3.8333300e+000  5.2529000e-001 -2.2530800e+000
  5.1960750e+001 -2.4409930e+001 -1.1253710e+001 -2.1060900e+000 -1.2863400e+000
  8.6915650e+001 -2.1044160e+001 -2.8541810e+001  1.9286500e+000 -1.4264370e+001
  3.5280730e+001 -1.7493120e+001 -7.6987900e+000 -5.4758000e-001 -1.0222200e+000
  5.7852760e+001 -1.8465780e+001 -2.2591640e+001  2.7913000e-001 -9.1317700e+000
  6.7626680e+001 -3.8437130e+001 -1.0683200e+001  8.8184000e-001 -8.0032000e+000
  4.2142380e+001 -1.9941780e+001 -1.0278670e+001  7.0886800e+000 -4.1123800e+000
  7.3759585e+002 -2.0659117e+002 -1.3890630e+002 -2.0623400e+000 -4.7176500e+001
  1.0704266e+002 -4.5236770e+001 -2.5955670e+001  4.8313500e+000 -9.6540300e+000
  6.7540940e+001 -3.5889420e+001 -9.6125800e+000  3.5018700e+000 -5.7971400e+000
  3.4294130e+001 -2.0205630e+001 -9.8498600e+000  3.3342500e+000 -5.1334400e+000
  2.7548040e+001 -1.5480050e+001 -6.6055000e+000  3.0462500e+000 -2.8828300e+000
  2.8231300e+001 -1.1589800e+001 -5.1606000e+000  1.9023400e+000 -4.6269600e+000
  3.1869640e+001 -1.6117520e+001 -8.6625800e+000  2.3978600e+000 -5.5957200e+000
  2.5782060e+001 -1.5435030e+001 -8.8580200e+000  4.7868900e+000 -1.6528000e+000
  6.6499420e+001 -3.0645770e+001 -1.5717430e+001  8.9506400e+000 -6.9796500e+000
  4.4674520e+001 -1.9327010e+001 -1.2271730e+001  7.0106500e+000 -3.4966700e+000
  3.2291220e+001 -1.5726510e+001 -1.1415120e+001  5.7499000e+000 -3.7737300e+000
  1.0670850e+002 -8.4507800e+000 -5.0885690e+001  3.2916290e+001 -4.3717050e+001
  6.9058690e+001 -2.8114440e+001 -2.4027730e+001  1.7648140e+001 -2.6787310e+001
  6.9730650e+001 -1.0989440e+001 -2.3704380e+001  1.7743010e+001 -2.0241730e+001
  4.5092630e+001 -1.7953310e+001 -1.3949800e+001  8.7062400e+000 -5.6538600e+000
  3.6267790e+001 -8.1835000e+000 -4.5277000e+000  4.7866200e+000 -7.7699600e+000
  5.4722880e+001 -6.1757800e+000 -1.4482280e+001  1.1672200e+000 -9.5662600e+000
  2.8445150e+001 -3.7399000e+000 -2.9412000e+001  6.6747500e+000 -1.4637450e+001
  3.9029880e+001 -8.2959100e+000 -2.3344020e+001  8.4294500e+000 -1.1717760e+001
  2.2740740e+001 -6.2484400e+000 -1.1450880e+001  1.8508600e+000 -5.2338800e+000
  2.0847520e+001 -4.8784900e+000 -1.3150160e+001  2.8835600e+000 -6.6311700e+000
  3.3973650e+001 -4.1906700e+000 -3.8602170e+001  8.5765500e+000 -2.2617620e+001
  2.7015180e+001 -1.9244140e+001 -2.1163050e+001  1.3315700e+001 -1.4106400e+001
  1.1081110e+001 -5.0699300e+000 -1.6089900e+001  6.7923800e+000 -7.9578000e+000
  9.2384000e+000 -4.9737000e-001 -7.5791400e+000  1.4076600e+000 -3.9072100e+000
  1.8539720e+001 -5.5971400e+000 -2.7155200e+000 -9.5617000e-001 -2.0750500e+000
  2.2011820e+001 -7.1359000e+000 -6.3652900e+000  4.6376000e+000 -6.7052800e+000
  1.2795830e+001 -4.1391500e+000 -4.6915900e+000  2.4675200e+000 -3.2899200e+000
  2.1233750e+001 -5.5590600e+000 -8.3256300e+000  8.3375000e-001 -4.8466300e+000
  8.4054600e+000 -4.4170900e+000 -4.3134400e+000  5.4179600e+000 -3.0651300e+000
  1.7996930e+001 -8.8517400e+000 -6.5000300e+000  5.2846300e+000 -4.9696000e+000
  1.8191000e+000  2.9860000e-001 -5.7317300e+000  2.5561900e+000 -2.8214700e+000
  1.1495690e+001 -3.7549100e+000 -6.1419700e+000  1.3598100e+000  1.3377200e+000
  3.6296290e+001 -1.7336250e+001 -8.2825300e+000  4.1075900e+000 -4.7541000e-001
  2.6920550e+001 -1.0742930e+001 -6.2839000e+000  2.1563100e+000 -1.0995300e+000
  4.0156370e+001 -4.9237900e+000 -2.5338310e+001 -1.3750000e-002 -1.6312180e+001
  3.2338300e+001 -2.0007480e+001 -8.9244800e+000  7.6549600e+000 -1.9839800e+000
  6.3484280e+001 -3.5082340e+001 -2.4903310e+001  1.4659770e+001 -9.7744400e+000
  7.3651210e+001 -4.1996480e+001 -2.3520560e+001  2.0278590e+001 -2.4190000e+000
  6.1833850e+001 -3.9800340e+001 -2.2903010e+001  1.5531560e+001 -7.5432700e+000
  1.2613852e+002 -3.0090580e+001 -5.0167080e+001  6.3863900e+000 -2.4957000e+001
  4.7039850e+001 -1.8631730e+001 -1.7403390e+001  8.6224700e+000 -6.6862900e+000
  4.6205650e+001 -1.5636970e+001 -2.5520370e+001  5.3790600e+000 -7.7147100e+000
  2.0497026e+002 -4.9666020e+001 -8.0844140e+001  9.7541600e+000 -5.7427800e+001
  9.8555160e+001 -1.3821340e+001 -5.0989090e+001 -1.5223800e+000 -3.9554330e+001
  7.5588370e+001 -3.3900280e+001 -3.7557230e+001  7.8660600e+000 -2.2024910e+001
  1.0587543e+002 -2.8172800e+001 -1.0080208e+002 -3.6551010e+001 -5.1050390e+001
  6.8261740e+001 -2.7852180e+001 -3.0819760e+001  3.9178000e+000 -1.4658240e+001
  6.0540950e+001 -4.8594810e+001 -2.1492330e+001  1.3461720e+001 -4.0766500e+000
  1.6926755e+002 -7.9757560e+001 -4.8431760e+001  4.4490400e+000 -1.9899620e+001
  7.6408520e+001 -2.9849500e+000 -3.4757990e+001 -5.5400700e+000 -6.2823500e+000
  1.0975790e+001 -6.9791900e+000 -7.0939900e+000  1.5891000e+001  2.3448350e+001
  4.2423530e+001 -2.0519600e+000 -3.6130160e+001 -2.5009580e+001  6.8882000e-001
  6.4447010e+001 -1.0918070e+001 -1.5993790e+001 -5.5504300e+000  1.3510140e+001
  7.9425020e+001 -1.3118160e+001 -4.2618380e+001 -1.2531740e+001 -1.3813600e+001
  6.0684520e+001 -1.4313530e+001 -6.2978900e+000  3.3136300e+000 -5.3571900e+000
  3.2955810e+001 -7.9471300e+000 -1.1504910e+001 -2.2728400e+000 -7.5111900e+000
  3.8696160e+001 -4.2389300e+000 -9.7211600e+000 -7.7651700e+000 -1.0088860e+001
  1.0145048e+002 -1.9447050e+001 -5.6816910e+001 -9.7973300e+000 -4.3309200e+001
  3.2155875e+002 -7.6070720e+001 -6.9949910e+001 -3.7757250e+001  2.3230000e-001
  1.1630652e+002 -2.0975500e+001 -2.5344770e+001 -2.2768630e+001  8.9563300e+000
  1.1296770e+002 -3.0691050e+001 -1.4103450e+001 -1.9636850e+001  6.9451000e+000
  7.1975800e+001 -7.9758500e+000 -1.9562850e+001 -1.7883770e+001  9.7140000e-002
  4.1205110e+001  4.1486800e+000 -4.0512000e+000 -1.0095570e+001  5.7426100e+000
  3.0063090e+001  8.4937600e+000 -5.5051500e+000 -6.4445900e+000 -1.6470000e-002
  3.1150590e+001  5.3522700e+000 -1.2091200e+000 -7.2247300e+000  5.7295900e+000
  2.4256290e+001  6.7308700e+000 -6.2778000e-001 -6.1156700e+000  4.6757100e+000
  3.1264500e+001  1.3627850e+001 -1.7628050e+001 -1.2278800e+001  2.2125000e+000
  3.1220710e+001  6.7963000e+000 -1.4497310e+001 -3.1527400e+000 -1.9104300e+000
  2.6833480e+001  4.2989500e+000 -8.9893300e+000 -7.4315200e+000  1.6880200e+000
  1.6799560e+001  4.2491900e+000 -6.7796000e+000 -4.7630000e-001 -2.2863000e+000
  2.1184740e+001  6.4713300e+000 -6.3607200e+000  1.3150000e-002 -1.3687700e+000
  2.1524360e+001  7.4459400e+000 -2.0046300e+000  1.7519000e-001 -1.2961000e+000
  2.0757500e+001  2.0007800e+000 -3.8995000e+000 -2.1235700e+000  1.1245000e-001
  3.6716720e+001  1.5754160e+001 -3.7862800e+000 -1.7696500e+000 -2.6909000e-001
  2.3394800e+001  1.3125340e+001 -6.5891400e+000 -3.6976000e-001 -3.0472000e-001
  9.9229000e+000  2.9763400e+000 -3.3755200e+000  1.4396000e-001 -5.9474000e-001
  2.7032080e+001  2.3338400e+000 -1.5580600e+000  8.2459000e-001 -7.6240000e-001
  2.5265480e+001  3.6612000e+000 -6.4630000e-001  3.4637000e-001  1.1192700e+000
  6.4064530e+001  8.0070000e-002 -3.9696000e-001  3.7555200e+000 -1.0632700e+000
  5.8347840e+001  9.0202000e+000 -2.5682200e+000  1.0370400e+000 -9.3924000e-001
  7.7062270e+001  6.7489500e+000 -4.5480800e+000  1.4146000e+000 -4.1811800e+000
  5.2968320e+001  1.8951200e+000 -7.4412600e+000 -4.2265800e+000  3.4935800e+000
  1.6522998e+002 -1.1029340e+001  8.7615760e+001 -2.2547150e+001 -1.0522660e+001
  8.0273715e+002 -4.7608040e+001  9.6332390e+001 -2.5155600e+001 -3.7740780e+001
  2.2917730e+002  2.6274310e+001  8.1377690e+001 -2.9843610e+001 -1.0412190e+001
  5.6110100e+001  9.4739300e+000  1.6984770e+001 -1.7917100e+000 -9.3036000e-001
  4.1539960e+001  1.0396800e+001  1.2559140e+001 -1.6904000e+000  3.7883800e+000
  4.7654800e+001  1.2749500e+001  1.9086200e+001 -4.1162000e+000  5.3428000e+000
  3.8895600e+001  7.3978000e+000  1.2347900e+001 -3.0136000e+000  4.4778000e+000
  1.0440037e+002  2.1940220e+001  3.3309320e+001 -1.4971350e+001  1.0923530e+001
  6.3794860e+001  1.9874600e+001  1.0586790e+001 -1.4814340e+001  1.3022740e+001
  2.5420710e+001  5.4006800e+000  8.3713000e-001 -3.7500700e+000  2.5795700e+000
  3.2135400e+001  6.7359300e+000  3.7523200e+000 -7.1329100e+000  5.5467400e+000
  2.9122400e+001  7.0387000e+000 -2.1035000e+000 -3.3477000e+000  2.4155000e+000
  2.2706630e+002  4.9262100e+001  7.6999000e+000 -4.2269500e+001  1.5697000e+000
  1.3276250e+002  4.6070300e+001  1.0678200e+001 -2.6152000e+001 -4.7543000e+000
  1.9266800e+001  8.8656000e+000 -6.6550000e-001 -4.6901000e+000 -5.5790000e-001
  4.5591200e+001  1.1038500e+001 -4.4843000e+000 -5.5850000e+000 -4.3088000e+000
  2.3761900e+001  1.8086000e+000 -7.6640000e-001 -2.4212000e+000 -1.2089000e+000
  3.2624680e+001  3.8928000e-001  2.2910700e+000 -2.5149000e-001 -2.2685700e+000
  2.3423400e+001 -5.3300000e-002  2.2028000e+000 -4.2013000e+000  1.5200000e+000
  5.0000600e+001  3.7013000e+000 -1.0320000e+000 -7.5198000e+000  5.7704000e+000
  2.1547400e+001  3.3984000e+000 -2.1386000e+000 -4.5797000e+000 -2.3530000e-001
  3.5672700e+001  5.3370000e+000 -3.3458000e+000 -6.5670000e+000 -2.4861000e+000
  4.3181100e+001  1.7701500e+001 -1.6285100e+001 -1.3190900e+001 -9.4578000e+000
  3.1846200e+001  1.2546200e+001 -1.4708000e+001 -9.7993000e+000 -9.3789000e+000
  2.7672000e+001  7.8119000e+000 -1.2640700e+001 -6.0496000e+000 -6.5725000e+000
  5.6413600e+001 -4.0035000e+000 -1.3378600e+001 -1.1083000e+001 -6.6030000e+000
