  1.7562470e+001 -4.5382300e+000  3.7342200e+000  3.6378700e+000 -4.8954000e+000
  3.2229820e+001 -5.8337100e+000  3.5545000e+000  3.0582800e+000 -1.0854460e+001
  6.8332200e+000 -1.7433000e-001 -1.6530000e-001  4.8369700e+000 -7.3213300e+000
  1.0318720e+001  1.0224000e-001  5.4273400e+000  2.2257700e+000 -1.7974700e+000
  1.3533320e+001 -2.8131200e+000 -1.6278800e+000  3.1433400e+000 -7.9237200e+000
  6.3990700e+000  3.2940000e-002 -3.8570000e-001 -1.1522500e+000 -3.9015400e+000
  9.1438600e+000 -5.3942000e-001  7.3820000e-002  9.6412000e-001 -6.0939400e+000
  2.7044960e+001  5.9179100e+000 -4.3837700e+000  3.6634800e+000 -7.2756600e+000
  1.2218200e+001  1.5694000e+000  1.1711000e+000  2.3950500e+000 -3.9185000e+000
  7.0316700e+000  2.6688800e+000 -1.8217300e+000  1.1505400e+000 -1.3347300e+000
  1.9567610e+001  8.2456300e+000  2.0182300e+000 -5.4918000e-001 -6.7077600e+000
  4.3583650e+001  2.2336130e+001  6.0600000e-002  2.2744900e+000 -1.5762980e+001
  7.2799720e+001 -6.6260000e-002 -2.5873400e+001  1.7366400e+001 -3.2663820e+001
  5.7666880e+001 -7.1031800e+000 -2.6581980e+001  2.2120780e+001 -3.4770680e+001
  2.5868900e+001  5.2681900e+000 -4.4067200e+000  9.1974600e+000 -7.4807900e+000
  3.9472440e+001  1.2241620e+001 -1.1353810e+001  7.2933900e+000 -2.1030600e+001
  1.2127080e+001  1.8676200e+000 -5.4661000e+000  5.3340600e+000 -8.7865800e+000
  2.9074470e+001  7.9359800e+000 -9.7115500e+000  8.9875200e+000 -2.0146460e+001
  5.4233800e+001  1.4565580e+001 -2.4607560e+001  1.3195780e+001 -3.7257140e+001
  4.3130410e+001 -4.1601000e-001 -8.7138700e+000  1.0585430e+001 -2.0593100e+001
  2.0564570e+001  3.0279400e+000 -1.5795860e+001  6.3830000e+000 -1.2486530e+001
  1.1365540e+001 -4.1211800e+000 -6.7380200e+000  5.4541000e+000 -8.9301000e+000
  2.3545330e+001  4.4536900e+000 -1.1475980e+001  2.2601000e+000 -7.8712000e+000
  2.2398310e+001 -1.3357900e+000 -9.8413400e+000  1.1294100e+000 -7.6116300e+000
  5.8752540e+001  3.6561200e+000 -3.3985000e+001  1.2623000e-001 -3.2360520e+001
  3.2189020e+001  7.4062400e+000 -1.5061350e+001 -2.1967300e+000 -1.5836150e+001
  4.0618360e+001 -2.7956500e+000 -2.8369970e+001  8.8509800e+000 -3.1525530e+001
  1.9123554e+002  3.9000650e+001 -1.2868925e+002  2.0552160e+001 -1.1510930e+002
  7.9846350e+001  3.1018100e+000 -4.2540250e+001  1.3177390e+001 -4.3713550e+001
  3.4341770e+001  3.4984400e+000 -1.6151560e+001  5.0833700e+000 -1.8966790e+001
  2.2269030e+001  9.1815900e+000 -9.5165100e+000  1.8765600e+000 -1.0833940e+001
  1.8732440e+001  8.3756000e-001 -2.8919500e+000 -2.1369200e+000 -2.5530000e+000
  5.6842590e+001  4.6760600e+000  8.9934600e+000 -4.4436800e+000 -2.0424700e+000
  5.5132750e+001 -7.0418000e-001 -6.0702700e+000 -1.0814100e+000 -1.1070420e+001
  1.5018080e+001  1.5309000e+000 -5.5775000e+000  3.6170400e+000 -5.7474400e+000
  1.9733910e+001  1.0690500e+000 -5.3794900e+000  1.1439100e+000 -3.8543100e+000
  2.0935850e+001 -4.6997600e+000 -9.8678000e+000  3.2260400e+000 -1.8877300e+000
  2.7960640e+001 -5.2911000e+000 -1.0663720e+001  5.4989100e+000 -3.6107200e+000
  3.4797290e+001 -6.8947300e+000 -1.3380420e+001  4.6115600e+000 -1.6427300e+000
  7.8715540e+001 -1.4972820e+001 -2.7162110e+001  3.9259600e+000 -1.9419900e+000
  4.6738980e+001 -1.8398620e+001 -2.5929620e+001  1.3520520e+001 -8.7128800e+000
  1.0997974e+002 -1.3155600e+001 -3.8485140e+001  1.7516700e+001 -9.8208200e+000
  6.4265700e+001 -3.2280200e+001 -2.6799860e+001  2.0789410e+001 -1.1182280e+001
  7.7072540e+001 -2.6714840e+001 -1.6227080e+001  1.1284000e+000 -1.1336840e+001
  2.0215769e+002 -7.3181030e+001 -5.1846580e+001  2.6296830e+001 -5.8992290e+001
  1.8330878e+002 -8.6285620e+001 -5.8081510e+001  2.5907150e+001 -3.7779040e+001
  9.1588050e+001 -2.0749320e+001 -2.2777600e+001  2.9252360e+001 -2.5922980e+001
  6.3237240e+001 -2.1549930e+001 -7.6536900e+000  1.2685750e+001 -1.0663160e+001
  7.4165840e+001 -2.4038220e+001 -8.2197600e+000  7.7658400e+000 -3.6053700e+000
  5.6946180e+001 -2.6323780e+001 -2.0825000e+000  9.3410600e+000  1.8453400e+000
  5.1081960e+001 -3.7384500e+000  1.8975500e+001 -1.3362800e+000  8.4225500e+000
  3.4681770e+001 -9.1299400e+000  3.8549200e+000  4.6679700e+000  4.7873000e-001
  2.2464540e+001 -8.3234800e+000 -1.1091500e+000 -4.1110000e-002  1.0533300e+000
  3.6972670e+001 -1.6559920e+001 -1.0580390e+001  5.9916500e+000 -5.1523900e+000
  1.6908970e+001 -8.3557200e+000 -5.0181000e+000  4.4368600e+000 -2.7734600e+000
  2.0947680e+001 -7.5534000e+000 -6.8429600e+000  4.5239200e+000 -2.8251400e+000
  1.5617500e+001 -8.5446000e+000 -7.3019500e+000  3.7972200e+000  1.6058000e-001
  2.8774130e+001 -8.9344400e+000 -9.4391900e+000  5.3409100e+000 -2.3458000e-001
  2.4639680e+001 -1.2426840e+001 -1.0837300e+001  6.3139300e+000 -1.7123700e+000
  3.1039180e+001 -1.2196280e+001 -1.1507690e+001  6.7358700e+000 -1.1813800e+000
  5.1092290e+001 -1.3339640e+001 -1.6112260e+001  1.2701950e+001 -1.5323400e+000
  8.2371270e+001 -6.3980600e+000 -3.4285380e+001  2.7636880e+001 -1.2203860e+001
  1.9279980e+001 -3.5270500e+000 -6.0554600e+000  3.4540300e+000 -1.0044700e+000
  2.4208400e+001 -6.2800100e+000 -7.5628800e+000  6.5502100e+000 -1.7732800e+000
  3.3715010e+001 -1.1826680e+001 -9.7958100e+000  1.0980980e+001 -3.7395600e+000
  4.6682520e+001 -1.1741610e+001 -1.0867590e+001  8.6130100e+000 -7.6866700e+000
  7.4858290e+001 -4.8824390e+001 -1.2772210e+001  2.2264660e+001  4.9294000e-001
  6.8834450e+001 -2.7127730e+001 -1.4898470e+001  1.1894760e+001 -3.0263200e+000
  7.7836260e+001 -1.3516860e+001 -3.7713820e+001  2.2425120e+001 -1.9267080e+001
  8.6019980e+001 -2.7609120e+001 -4.0513750e+001  1.9886470e+001 -2.2850490e+001
  6.1912780e+001 -1.8239140e+001 -2.8208810e+001  8.8834700e+000 -1.2723840e+001
  3.5991860e+001 -5.4786800e+000 -1.3541730e+001  5.1796800e+000 -6.3629900e+000
  5.9533240e+001 -1.2148710e+001 -3.5723190e+001  1.1138590e+001 -2.1850420e+001
  5.7429330e+001 -2.0935240e+001 -2.6159360e+001  5.5781000e+000 -1.3500980e+001
  7.1214980e+001 -2.4895440e+001 -6.1933480e+001  2.0238520e+001 -3.4195140e+001
  3.7178650e+001 -1.3742220e+001 -2.2285270e+001  8.5703700e+000 -1.3040730e+001
  9.1814200e+001 -4.7526280e+001 -2.3768740e+001  5.7414900e+000 -1.3295550e+001
  1.7159575e+002 -7.2059100e+001 -5.2774750e+001  1.9890140e+001 -2.0930420e+001
  7.0433150e+001 -2.7253570e+001 -2.5344240e+001  3.4067700e+000 -8.9050300e+000
  5.2137640e+001 -9.0227200e+000 -1.3938960e+001 -2.2311800e+000 -3.5447200e+000
  5.0872160e+001 -1.8207100e+001 -2.4162100e+001 -2.5281700e+000 -4.8711300e+000
  3.0241740e+001 -1.7407970e+001 -1.6941070e+001  4.9034000e-001 -3.4799700e+000
  4.9420000e+001 -2.2540870e+001 -2.5826210e+001 -3.1856400e+000 -4.7940500e+000
  4.4318640e+001 -2.6852500e+001 -1.2523810e+001 -2.6658500e+000 -2.7005700e+000
  6.0932160e+001 -2.3439890e+001 -3.4565680e+001 -4.1789300e+000 -2.2363040e+001
  3.6717700e+001 -1.9657200e+001 -1.7861040e+001 -1.7073900e+000 -1.4640140e+001
  3.8625000e+001 -1.5809130e+001 -2.2540840e+001 -1.2575200e+000 -1.3248190e+001
  2.4997840e+001 -1.2148860e+001 -1.6509320e+001 -1.2952600e+000 -1.3202760e+001
  2.4549970e+001 -7.2085800e+000 -9.3153300e+000 -1.1290300e+000 -7.2898700e+000
  3.0690270e+001 -1.6444080e+001 -1.1895460e+001  2.3038600e+000 -8.1776500e+000
  3.5061100e+001 -2.3703260e+001 -8.9465300e+000  1.8804900e+000 -9.5176800e+000
  3.8679350e+001 -2.1724630e+001 -1.1893410e+001 -3.1169000e-001 -6.0116400e+000
  6.0489650e+001 -1.8597660e+001 -2.1606710e+001  1.8163500e+000 -7.4698700e+000
  2.8220930e+001 -1.4326620e+001 -8.1049900e+000  1.5901200e+000 -4.3458200e+000
  5.9517060e+001 -2.0217380e+001 -2.4972540e+001  1.7589300e+000 -1.0751670e+001
  5.5255380e+001 -3.8668030e+001 -1.0141900e+001  3.0208400e+000 -9.5576000e+000
  4.2330480e+001 -2.0372180e+001 -1.0866570e+001  6.7912800e+000 -7.8396800e+000
  7.5949155e+002 -2.4488697e+002 -1.2826930e+002  1.0304600e+000 -3.5693200e+001
  1.1536786e+002 -5.7981170e+001 -2.7963570e+001  4.3966500e+000 -9.8222300e+000
  6.5858240e+001 -3.4815520e+001 -8.1220800e+000  3.4470700e+000 -4.3560400e+000
  4.3272630e+001 -2.5221530e+001 -1.3127060e+001  3.7464500e+000 -8.5274400e+000
  2.8529240e+001 -1.6363350e+001 -9.4974000e+000  4.3774500e+000 -4.4631300e+000
  3.2777300e+001 -1.4360900e+001 -7.3947000e+000  1.8628400e+000 -7.9507600e+000
  2.4274240e+001 -1.1035320e+001 -5.9514800e+000  6.5626000e-001 -4.9939200e+000
  1.8167660e+001 -9.9951300e+000 -4.2852000e-001 -3.7681000e-001 -4.4700000e-002
  5.0255120e+001 -1.9563570e+001 -1.1700930e+001  6.8384400e+000 -6.0063500e+000
  4.1289520e+001 -2.0803710e+001 -1.1203230e+001  7.5371500e+000 -6.1502700e+000
  3.1004920e+001 -1.5425510e+001 -9.4748200e+000  5.3258000e+000 -4.9129300e+000
  1.0121040e+002 -4.7866800e+000 -4.6576490e+001  2.9812790e+001 -4.4242850e+001
  8.4727490e+001 -3.2499440e+001 -2.6038130e+001  1.6780240e+001 -3.0579410e+001
  8.3677650e+001 -1.3182740e+001 -2.5028580e+001  2.2061010e+001 -2.8705530e+001
  3.9362730e+001 -7.9594100e+000 -1.1877400e+001  3.7137400e+000 -7.6358600e+000
  3.3874690e+001 -6.3319000e+000 -3.7584000e+000  5.0631200e+000 -9.5706600e+000
  5.4703280e+001 -1.3936380e+001 -4.8258000e-001  1.2522000e-001 -7.5637600e+000
  3.5488850e+001  4.6427000e+000 -5.6790000e-001  4.9435000e-001 -5.9242500e+000
  3.1334080e+001  4.2439000e-001 -1.1783020e+001  3.4515500e+000 -8.0806600e+000
  2.9079340e+001 -6.6293400e+000 -9.5579800e+000 -3.7650400e+000 -3.6900800e+000
  1.9906720e+001  2.4533100e+000 -6.4254600e+000 -1.6981400e+000 -3.1163700e+000
  2.7956650e+001  5.5076300e+000 -9.6327700e+000  2.2391500e+000 -9.1978200e+000
  3.0194280e+001 -7.8304400e+000 -1.4003650e+001  1.0869900e+001 -1.0892500e+001
  1.6784910e+001 -4.5293000e-001 -1.5936800e+001  3.1508800e+000 -9.8610000e+000
  2.1257000e+001  1.5063300e+000 -9.6918400e+000  6.6826000e-001 -7.9054100e+000
  2.8233320e+001 -3.5544400e+000 -2.1885200e+000 -4.4123700e+000 -2.4684500e+000
  5.0693720e+001 -2.1099000e+000 -1.3186990e+001 -3.6651000e+000 -1.7693380e+001
  1.6999630e+001 -3.1039500e+000 -8.1189900e+000  3.7247200e+000 -1.0372020e+001
  3.9006150e+001 -8.6571600e+000 -1.5973330e+001  1.8753500e+000 -1.1423230e+001
  1.3015560e+001  1.2965100e+000 -8.2030400e+000 -7.6354000e-001 -7.3566300e+000
  2.4338930e+001 -4.5583400e+000 -1.0888530e+001  4.2723300e+000 -1.2690900e+001
  3.6842100e+001 -1.2210000e-001 -2.5415730e+001  8.7509000e-001 -2.9111670e+001
  5.1048690e+001 -8.8502100e+000 -3.8639770e+001 -3.5232900e+000 -3.9124980e+001
  5.8784690e+001 -9.8113500e+000 -4.4448930e+001  2.0728900e+000 -2.8613410e+001
  2.7916450e+001  6.6053700e+000 -1.6575100e+001 -6.2868900e+000 -8.9164300e+000
  8.2263470e+001 -9.3459000e-001 -6.4862310e+001 -2.7420500e+000 -5.2288180e+001
  3.8208800e+001 -1.2839780e+001 -2.1811180e+001  7.1910600e+000 -1.8356080e+001
  5.7573480e+001 -1.8588740e+001 -3.6359010e+001  1.5176670e+001 -2.7604340e+001
  7.5525410e+001 -2.4674980e+001 -4.7178860e+001  2.2250490e+001 -3.5979500e+001
  6.1393950e+001 -3.2982240e+001 -2.5438910e+001  1.1962560e+001 -1.8376470e+001
  2.0279162e+002 -3.8990780e+001 -9.5501580e+001  5.2349900e+000 -5.5825300e+001
  5.5148350e+001 -5.3908300e+000 -3.2101690e+001  8.1949700e+000 -2.4048890e+001
  4.8721550e+001  1.8401300e+000 -3.1802270e+001 -4.7847400e+000 -2.3047210e+001
  2.6006136e+002 -5.4136520e+001 -1.0336644e+002  5.5784600e+000 -8.8355700e+001
  1.6278216e+002 -3.6599400e+000 -9.9337990e+001 -7.8998000e-001 -1.1243373e+002
  1.4910597e+002 -4.6489880e+001 -8.1371030e+001 -1.2348400e+000 -8.3620110e+001
  1.2748483e+002 -4.3713800e+001 -1.1549638e+002 -4.4359510e+001 -8.4393490e+001
  1.0345084e+002 -3.6017580e+001 -5.5941560e+001 -8.1358000e+000 -3.6680440e+001
  7.7592950e+001 -1.5299510e+001 -5.7029330e+001 -2.7604380e+001 -2.9589650e+001
  1.9068215e+002  2.6748740e+001 -1.4595476e+002 -9.5857760e+001 -7.0846820e+001
  3.8009372e+002  9.5706150e+001 -2.8117139e+002 -1.9435787e+002 -1.7112475e+002
  1.2044069e+002 -1.4176090e+001 -1.1748639e+002 -7.7694000e+001 -9.5871050e+001
  4.5156403e+002 -1.7679960e+001 -4.0631156e+002 -3.2280788e+002 -3.1205618e+002
  4.3644931e+002 -7.0459870e+001 -4.2288639e+002 -1.7212033e+002 -3.5459846e+002
  3.3033572e+002 -7.3191660e+001 -2.5772398e+002 -1.1901164e+002 -2.0253650e+002
  2.2526742e+002  1.8617000e-001 -7.3018790e+001 -5.9738270e+001 -1.1435769e+002
  1.6971131e+002  1.2307070e+001 -7.4254010e+001 -7.3775640e+001 -1.0584849e+002
  1.3013566e+002 -4.3031300e+000 -4.0755460e+001 -3.7580370e+001 -7.3114360e+001
  1.9640828e+002 -3.7980950e+001 -9.5151910e+001 -4.5675330e+001 -1.1146220e+002
  3.8743995e+002 -7.4749620e+001 -8.6273010e+001 -1.2647975e+002  2.4577100e+001
  2.5731062e+002 -1.8437100e+001 -3.6793570e+001 -1.2344953e+002  5.7628430e+001
  1.6354860e+002 -4.0019850e+001 -3.5758050e+001 -5.1444850e+001  1.9222500e+001
  8.5648700e+001 -2.6818500e+000 -2.6548450e+001 -3.5225370e+001  1.1567440e+001
  8.3482910e+001  2.1971580e+001  2.9860000e-001 -4.0851670e+001  2.7898410e+001
  5.8246190e+001  2.8039860e+001 -3.7175500e+000 -2.6267790e+001  1.3883130e+001
  5.8930590e+001  3.4344570e+001  7.5588800e+000 -4.5688830e+001  3.7411690e+001
  4.5604090e+001  2.4382570e+001  3.9131200e+000 -3.1861470e+001  2.2372610e+001
  5.4130800e+001  3.2019750e+001 -3.3572750e+001 -3.8820200e+001  2.0277100e+001
  3.6178810e+001  4.3729000e+000 -1.5626510e+001 -9.0789400e+000  3.9101700e+000
  2.5153780e+001  5.5807500e+000 -8.1029300e+000 -8.0544200e+000  3.2894200e+000
  3.8483160e+001  1.3761490e+001 -5.8885000e+000 -7.4597000e+000  2.3108000e+000
  2.2493840e+001  8.8358300e+000 -7.9419200e+000 -2.0571500e+000  4.9803000e-001
  2.6997560e+001  1.2008340e+001  2.3497000e-001 -3.3631000e-001 -7.2960000e-001
  3.2691100e+001  3.7639800e+000 -7.8212000e+000 -7.2870700e+000  3.5387500e+000
  4.8999220e+001  2.5954360e+001 -9.1333800e+000 -6.8131500e+000  3.4189100e+000
  4.3702800e+001  2.6453640e+001 -1.5991340e+001 -5.9817600e+000 -3.0632000e-001
  1.9133300e+001  9.4882400e+000 -3.6870200e+000  9.7060000e-002 -2.0187400e+000
  3.9663280e+001  6.5310400e+000 -4.9687600e+000 -1.9954100e+000 -3.1206000e+000
  2.7470780e+001  5.9814000e+000 -6.9790000e-001 -1.5653000e-001 -1.2282300e+000
  8.9988530e+001 -1.8616300e+000 -3.1052600e+000  4.5234200e+000 -2.8931700e+000
  1.0918434e+002  1.0301500e+001 -2.0037020e+001 -2.6126600e+000 -1.2693140e+001
  1.5100707e+002  8.8222500e+000 -2.3141880e+001  1.2197600e+001 -2.2668080e+001
  9.2540920e+001  8.1986200e+000 -1.6065260e+001 -7.5025800e+000  1.8703800e+000
  3.0415908e+002 -3.1451840e+001  1.5189626e+002 -4.4743250e+001 -3.6033260e+001
  1.0098310e+003 -2.0953240e+001  1.0754939e+002 -3.6663700e+001 -7.9535780e+001
  4.2756450e+002  4.9609110e+001  1.9068089e+002 -6.9884410e+001 -3.0485590e+001
  1.6757400e+002  6.4439130e+001  7.6868170e+001 -1.5608310e+001 -1.3193460e+001
  8.1280560e+001  2.1796800e+001  4.4173840e+001 -1.2607900e+001  9.4492800e+000
  7.0429000e+001  2.1830800e+001  3.2844600e+001 -9.6697000e+000  5.3311000e+000
  6.0831600e+001  1.1605200e+001  2.0288100e+001 -5.0071000e+000  5.0354000e+000
  1.7416657e+002  5.0907120e+001  6.1379220e+001 -2.3914350e+001  1.9234130e+001
  8.8073860e+001  2.6264200e+001  1.0771890e+001 -1.9765740e+001  2.1117540e+001
  4.0315210e+001  1.3732680e+001 -8.0687000e-001 -7.3222700e+000  2.9831700e+000
  5.1613100e+001  1.5110630e+001  3.5686200e+000 -1.3451810e+001  8.7630400e+000
  4.0593900e+001  1.6488900e+001 -3.9344000e+000 -7.0265000e+000  5.8314000e+000
  2.7073660e+002  5.8068500e+001 -6.6628000e+000 -4.4142600e+001 -1.0928500e+001
  1.7714990e+002  6.5518300e+001  1.5066000e+000 -3.3830400e+001 -1.9143400e+001
  2.9476700e+001  3.0112000e+000 -2.8531000e+000 -2.1081000e+000 -4.7820000e+000
  8.4707500e+001  1.7184700e+001 -2.5928300e+001 -4.9559000e+000 -2.3508000e+001
  3.7823000e+001  1.1131000e+001 -9.5000000e-001  1.7837000e+000 -1.1342900e+001
  5.7614180e+001  8.7186800e+000 -9.7177300e+000  9.7079100e+000 -1.7896170e+001
  2.2972200e+001 -6.8030000e-001  5.5461000e+000 -1.0210000e+000 -6.7820000e+000
  3.9066800e+001  1.3364500e+001  4.3122000e+000 -3.4474000e+000 -6.5908000e+000
  1.5700600e+001  5.6658000e+000 -6.6578000e+000  1.9829000e+000 -4.5185000e+000
  1.8405700e+001  1.1490800e+001 -3.5845000e+000 -1.4628000e+000 -6.0493000e+000
  2.3472600e+001  3.2632000e+000 -1.3662000e+000  8.4950000e-001 -3.4519000e+000
  2.3088000e+001  1.0716700e+001 -1.2331800e+001 -2.6985000e+000 -7.4065000e+000
  2.4412100e+001  3.6906000e+000 -7.4104000e+000 -3.8504000e+000 -6.1372000e+000
  5.6764000e+001  4.0754000e+000 -7.6774000e+000 -5.0461000e+000 -5.0950000e+000
