  7.0120700e+000  2.4207000e-001  2.0847200e+000  1.8957700e+000 -1.4925000e+000
  3.0333820e+001  1.8113900e+000  2.9363000e+000 -1.0290200e+000 -6.9888600e+000
  2.9483200e+000  2.2789700e+000  1.5272000e+000 -3.9879300e+000 -7.3943000e-001
  5.2423200e+000  8.5094000e-001  1.5249400e+000  4.6907000e-001  5.8463000e-001
  9.8789200e+000 -4.9338200e+000  1.1042000e-001  1.6049400e+000  3.7680000e-002
  8.6068700e+000  5.5934000e-001  2.5292000e+000 -1.7145500e+000 -7.9544000e-001
  2.1797600e+000  2.9158800e+000  9.5832000e-001  1.6825200e+000  1.2676600e+000
  2.4531960e+001  7.5179100e+000 -9.5647000e-001  9.8878000e-001 -5.7425600e+000
  1.1701000e+001  5.0169000e+000 -1.5633000e+000  1.2285500e+000  3.9737000e+000
  8.9714700e+000  1.1627780e+001  1.0947700e+000 -2.1611600e+000  3.9667000e-001
  1.4136210e+001  7.7369300e+000  2.8135300e+000 -4.1173800e+000 -1.9296000e-001
  6.1437750e+001  3.6570630e+001  2.8223000e+000 -6.0021000e-001 -7.4139800e+000
  8.3100920e+001  8.5789400e+000 -2.5572000e+001  1.4999700e+001 -3.4993720e+001
  4.7498580e+001  7.0912200e+000 -8.4207800e+000  3.8748800e+000 -1.9471480e+001
  1.4473000e+001  2.6233900e+000 -5.2832200e+000  4.9355600e+000 -4.6540900e+000
  2.7729140e+001  1.7310020e+001 -5.8151100e+000  4.3789000e-001 -1.3700600e+001
  1.2776080e+001  4.5409200e+000 -1.9153000e+000 -1.2588400e+000 -2.9671800e+000
  2.0139770e+001  1.0266580e+001 -2.5024500e+000 -9.9728000e-001 -7.1156600e+000
  3.5065400e+001  1.7418980e+001 -6.1290600e+000  6.6048000e-001 -1.2493640e+001
  1.9978310e+001  1.1047790e+001  2.4813300e+000  8.3633000e-001 -6.6211000e+000
  1.8022870e+001  1.0443740e+001 -1.4048360e+001  2.5232000e+000 -7.2993300e+000
  1.5017240e+001  3.6778200e+000  2.9182800e+000 -3.6455000e+000  9.0320000e-001
  2.4526030e+001  1.3302090e+001 -5.7327800e+000 -3.0598000e+000 -1.4233000e+000
  2.8939310e+001  8.4176100e+000 -4.2849400e+000 -2.4548900e+000 -3.7975300e+000
  5.1418840e+001  9.0599200e+000 -2.2034500e+001 -1.7187700e+000 -2.2037420e+001
  4.4580920e+001  1.4310140e+001 -1.1575450e+001 -7.1633300e+000 -1.4120550e+001
  3.4334560e+001  6.5019500e+000 -5.9384700e+000 -3.7192200e+000 -9.0291300e+000
  1.5142244e+002  4.5948050e+001 -8.7655550e+001 -1.0180400e+000 -7.5176500e+001
  4.5690550e+001  1.0955810e+001 -1.3878350e+001  1.3854900e+000 -1.8731050e+001
  3.4918070e+001  7.8941400e+000 -4.8888600e+000  2.1797000e-001 -1.1195890e+001
  8.5751300e+000  1.3035790e+001  5.5165900e+000 -4.1589400e+000  4.5216000e-001
  2.7157640e+001  6.9022600e+000 -3.1225000e-001 -5.1641200e+000 -3.4646000e+000
  3.7880790e+001  7.1361600e+000  5.6469600e+000 -3.1347800e+000  2.0799300e+000
  3.3971450e+001  4.6033200e+000 -1.8826700e+000 -2.5736100e+000 -2.6428200e+000
  1.6012480e+001  4.8441000e+000  5.7305000e+000 -5.7116600e+000  1.9078600e+000
  1.5126510e+001  5.2131500e+000 -1.6619000e-001 -1.3563900e+000 -3.3461000e-001
  1.1752750e+001 -1.4537600e+000 -2.6812000e+000 -1.8526000e-001 -1.0552300e+000
  1.3440640e+001 -1.8580000e-001  1.2736800e+000 -4.3890000e-002  1.3490800e+000
  2.3590490e+001  3.1660700e+000 -4.1474200e+000 -3.7462400e+000  4.2670000e-002
  4.6593240e+001  1.2308280e+001 -1.6876410e+001  3.4376000e-001  1.1883100e+000
  2.5725980e+001  1.3798800e+000 -7.1105200e+000  1.5142200e+000 -4.7176800e+000
  8.4060340e+001  1.4730100e+001 -1.1799340e+001  1.5610000e+000  2.0462800e+000
  5.5449000e+001 -5.0530000e+000 -1.0845600e+000 -1.4729900e+000  3.1798200e+000
  3.4384140e+001 -9.9086400e+000 -5.7616800e+000 -9.3240000e-001 -2.9536400e+000
  1.2125419e+002 -2.6025730e+001 -1.7392180e+001  2.8525300e+000 -2.2910090e+001
  8.6578080e+001 -2.7439920e+001 -1.4081210e+001  9.4846500e+000 -1.5647240e+001
  6.9830150e+001  4.8994800e+000  1.0900700e+001  1.9027600e+000 -7.0543800e+000
  3.8210140e+001 -3.7929300e+000  2.4821000e-001  3.5818500e+000 -7.0046600e+000
  3.4962540e+001 -5.3189200e+000  3.3198400e+000 -6.7956000e-001  1.2557300e+000
  3.2874780e+001 -1.1183880e+001  2.8744000e+000  1.8876600e+000  2.1307400e+000
  3.3157760e+001  6.8452500e+000  1.6721800e+001 -2.4596800e+000  7.3721500e+000
  1.7083870e+001 -2.0728400e+000  6.3450200e+000 -1.4503000e-001  1.7073300e+000
  1.0819840e+001 -3.0942800e+000  2.7998500e+000 -1.4433100e+000  2.9685300e+000
  2.5180670e+001 -3.6760200e+000  8.7141000e-001  3.8465000e-001  2.6325100e+000
  1.7081870e+001 -3.2978200e+000 -1.3378000e+000  1.3264600e+000 -1.2082600e+000
  8.5846800e+000  7.3450000e-001 -6.3006000e-001 -6.0398000e-001  4.0176000e-001
  1.4831200e+001 -2.2954000e+000 -1.5262500e+000 -2.5788000e-001  1.1784800e+000
  2.3317230e+001 -1.3185400e+000 -6.5918900e+000  3.5661100e+000 -9.8368000e-001
  1.6919280e+001 -4.4523400e+000 -6.0658000e+000  4.7455300e+000 -1.3842700e+000
  4.0710980e+001 -4.9471800e+000 -1.1677290e+001  6.8956700e+000 -1.6683800e+000
  6.2411190e+001 -2.9672400e+000 -1.6635560e+001  1.1838850e+001 -4.9581400e+000
  7.8225870e+001 -1.2012600e+000 -2.9283780e+001  2.2132180e+001 -1.1856660e+001
  1.7790380e+001 -2.0039500e+000 -5.2834600e+000  2.9117300e+000 -1.7654700e+000
  2.4274800e+001 -3.6833100e+000 -3.7386800e+000  4.3064100e+000 -1.9244800e+000
  3.5414210e+001 -7.5296800e+000 -8.7080100e+000  1.0004680e+001 -5.2563600e+000
  5.8911420e+001  3.3383900e+000 -1.1599890e+001  5.2233100e+000 -8.9698700e+000
  8.2830190e+001 -7.8442900e+000 -1.4349810e+001  4.2912600e+000 -2.8423600e+000
  5.5337450e+001 -1.7679930e+001 -1.2129570e+001  7.2051600e+000 -3.6478200e+000
  6.7610660e+001 -9.7188600e+000 -3.3546020e+001  1.8556820e+001 -1.8084580e+001
  8.0971880e+001 -2.5683520e+001 -3.6776750e+001  1.7328670e+001 -2.2100590e+001
  5.4231080e+001 -9.1238400e+000 -2.5911510e+001  8.4531700e+000 -1.0980540e+001
  2.4594160e+001 -5.4852800e+000 -9.5160300e+000  2.6717800e+000 -5.2311900e+000
  4.8793840e+001  3.2840900e+000 -3.3677290e+001  5.9447900e+000 -1.7282320e+001
  4.3272730e+001 -1.4217340e+001 -2.2522560e+001  4.2571000e+000 -1.3211380e+001
  7.2741180e+001 -1.8730240e+001 -5.9850880e+001  1.8793620e+001 -3.4087940e+001
  3.2451150e+001 -7.4185200e+000 -1.8220370e+001  7.3488700e+000 -1.0635330e+001
  9.5811600e+001 -3.1990180e+001 -2.5298440e+001  1.0589900e+000 -1.8087450e+001
  1.3380045e+002 -5.5036200e+001 -3.8284750e+001  1.1134640e+001 -1.7367020e+001
  5.4909750e+001 -1.9296770e+001 -1.5569340e+001 -3.0353000e-001 -4.4483300e+000
  3.9304840e+001 -8.1682200e+000 -7.8526600e+000 -2.8401800e+000 -1.9502200e+000
  4.3892260e+001 -1.7624900e+001 -1.9351400e+001 -2.9050700e+000 -2.8088300e+000
  2.2474740e+001 -9.0737700e+000 -9.9609700e+000 -1.9141600e+000 -2.8977000e-001
  5.4841200e+001 -2.2423570e+001 -2.6951410e+001 -5.4183400e+000 -4.9016500e+000
  4.6992340e+001 -2.5871200e+001 -1.3014110e+001 -5.1201500e+000 -2.6225700e+000
  5.3175660e+001 -1.8257790e+001 -3.1881480e+001 -6.6329300e+000 -2.0645040e+001
  2.7519300e+001 -1.3257400e+001 -1.5929740e+001 -2.3679000e-001 -1.3820740e+001
  2.9502300e+001 -1.2400530e+001 -1.6602940e+001  1.0341800e+000 -9.4847900e+000
  1.9582440e+001 -8.2460600e+000 -1.1857320e+001 -1.0096600e+000 -9.2841600e+000
  3.3036070e+001 -8.9333800e+000 -8.8708300e+000 -3.0035300e+000 -7.7460700e+000
  2.9813570e+001 -1.2228280e+001 -1.0643260e+001  6.6456000e-001 -7.2521500e+000
  2.9375400e+001 -1.5158660e+001 -4.3391300e+000 -7.7791000e-001 -5.4711800e+000
  2.8193350e+001 -1.1991130e+001 -8.4937100e+000 -1.4269900e+000 -3.1870400e+000
  6.0074850e+001 -1.3444860e+001 -1.3747810e+001 -3.4785500e+000  1.0289300e+000
  2.7746230e+001 -1.4444620e+001 -4.8236900e+000 -1.0297800e+000  7.3058000e-001
  3.7764460e+001 -1.1129080e+001 -1.1574240e+001 -4.5157000e-001 -3.2598700e+000
  5.1159980e+001 -2.6658030e+001 -6.8559000e+000  5.5644000e-001 -5.9616000e+000
  2.7735480e+001 -1.2325680e+001 -4.7093700e+000  4.2964800e+000 -3.8714800e+000
  6.4069555e+002 -1.5157987e+002 -9.6320900e+001 -1.0828540e+001 -2.5478200e+001
  9.9454160e+001 -4.0512270e+001 -2.0936670e+001  5.9722500e+000 -1.0222630e+001
  5.3469240e+001 -2.7204720e+001 -6.5130800e+000  2.2577700e+000 -3.6635400e+000
  2.8757330e+001 -1.6081030e+001 -6.7586600e+000  2.5872500e+000 -3.8295400e+000
  2.6909140e+001 -1.6206450e+001 -4.7108000e+000  9.3775000e-001 -2.9310300e+000
  2.2704700e+001 -8.5645000e+000 -3.9148000e+000  2.7114000e-001 -3.7112600e+000
  1.8416040e+001 -9.5288200e+000 -4.0595800e+000  8.0066000e-001 -1.4786200e+000
  1.6534660e+001 -9.7285300e+000 -1.5944200e+000  4.4619000e-001 -3.4060000e-001
  5.2439020e+001 -2.9654370e+001 -1.1579730e+001  9.5183400e+000 -3.0839500e+000
  4.3112120e+001 -2.5489310e+001 -9.8111300e+000  9.0264500e+000 -2.9885700e+000
  2.3393120e+001 -1.1238610e+001 -5.5797200e+000  2.7720000e+000 -2.4833300e+000
  8.1389900e+001 -2.0702800e+000 -3.1398490e+001  1.8793490e+001 -2.7475950e+001
  5.5468990e+001 -2.6363540e+001 -1.2872830e+001  6.1362400e+000 -1.2761910e+001
  6.1907850e+001 -1.3007840e+001 -1.7827680e+001  1.7043210e+001 -1.7090130e+001
  3.6330230e+001 -1.8874810e+001 -5.4337000e+000  3.0545400e+000 -2.5628600e+000
  1.6591690e+001 -4.2611000e+000  1.9730000e-001  1.7818200e+000 -5.9036000e-001
  3.0375180e+001 -8.7013800e+000  2.3627200e+000  1.0692000e-001 -2.2833600e+000
  1.2126950e+001  2.2042000e+000 -3.1805000e+000  5.8845000e-001 -3.7284500e+000
  1.8389480e+001 -3.1621100e+000 -3.9196200e+000 -1.4435000e-001 -1.2131600e+000
  1.1526340e+001 -3.8220400e+000 -4.5025800e+000  1.4121600e+000 -1.9254800e+000
  9.2771200e+000 -2.5665900e+000  2.0064000e-001  1.2193600e+000 -6.6770000e-002
  2.4774150e+001 -7.1098700e+000 -5.9527000e-001  9.9695000e-001 -6.0262000e-001
  1.6166580e+001 -1.1821540e+001  5.9422500e+000  3.9750000e-001  4.3031000e+000
  4.1138100e+000 -3.3239300e+000  2.4935000e+000  1.1585800e+000  2.1700000e+000
  1.0974600e+001 -1.2547700e+000 -1.0991400e+000 -7.7544000e-001 -1.2852100e+000
  1.9092420e+001  3.5530600e+000 -4.1390200e+000 -1.8818700e+000 -5.8759500e+000
  2.3938520e+001 -7.1390000e-001 -2.9284900e+000  2.4110000e-001 -5.0022800e+000
  1.0944530e+001 -5.6785500e+000  2.2101000e-001 -1.4948800e+000 -1.5292000e-001
  2.0388450e+001 -3.5272600e+000 -5.7899300e+000  1.3844500e+000 -6.2403300e+000
  8.1081600e+000 -2.8749000e-001 -4.9434000e-001 -1.3347400e+000 -8.5373000e-001
  1.9399530e+001 -1.1604040e+001 -3.4300000e-003 -8.5937000e-001  1.2597000e+000
  9.6078000e+000  1.1421000e+000 -1.8046300e+000 -1.1164100e+000 -4.1777700e+000
  1.3942590e+001  5.2901900e+000 -4.7291700e+000 -4.2956900e+000 -9.5248000e-001
  5.2003490e+001 -1.8114750e+001 -1.4662730e+001  2.3422900e+000 -2.3561100e+000
  2.8139550e+001 -4.0953300e+000 -4.2186000e+000 -2.5369900e+000 -2.7103000e-001
  3.5049870e+001  4.5940100e+000 -2.3261810e+001 -2.7574500e+000 -1.3787780e+001
  1.1159900e+001 -4.6854800e+000 -1.5735800e+000  2.4916600e+000 -9.6778000e-001
  2.6322080e+001 -1.5543240e+001 -1.1146110e+001  6.1963700e+000 -4.1685400e+000
  3.4080010e+001 -1.1391280e+001 -1.4365760e+001  8.1710900e+000 -6.3543000e+000
  2.8410150e+001 -1.6367140e+001 -5.0902100e+000  2.9430600e+000 -7.4926700e+000
  7.2269420e+001 -9.1305800e+000 -2.0702280e+001 -3.9081100e+000 -1.7564000e+001
  2.0117150e+001 -1.0002430e+001 -5.8187900e+000  5.7437000e-001 -3.6399900e+000
  2.0190450e+001  3.0992300e+000 -7.3466700e+000  1.5461600e+000 -1.8588100e+000
  9.8492960e+001 -2.3765120e+001 -2.9160640e+001 -3.7833400e+000 -2.8157100e+001
  3.9689960e+001 -1.9821400e+000 -4.0471900e+000 -1.4465180e+001 -1.1007130e+001
  5.5955470e+001 -2.4002180e+001 -1.9510030e+001  3.7075600e+000 -1.4020410e+001
  3.0298730e+001 -2.2731000e+000  2.7252000e-001 -2.1432100e+000  5.4070100e+000
  5.3446240e+001 -1.4041080e+001 -1.9015760e+001 -2.0327000e+000 -1.1444540e+001
  9.8423500e+000  9.0761900e+000 -1.8827300e+000  4.9890200e+000  1.1790500e+000
  1.8638550e+001 -4.4947960e+001  4.5570740e+001  4.3559140e+001  2.3378180e+001
  4.9974520e+001 -1.4977050e+001 -7.2829900e+000  4.0210300e+000  1.6237150e+001
 -8.9007100e+000 -4.5913900e+000  2.6381110e+001  7.6254000e+000  1.3283850e+001
  6.2503230e+001 -2.8470360e+001 -1.5266160e+001 -3.5151800e+000 -1.4371580e+001
  7.7627100e+000 -7.1470000e-002  4.5140610e+001  2.3799470e+001  4.2984040e+001
  3.6062420e+001  7.7044000e-001 -1.3097780e+001 -3.3364400e+000 -1.0257200e+001
 -3.8229180e+001  2.8887700e+000 -1.5512290e+001  7.4821300e+000  4.0877100e+000
  1.3487110e+001  6.3547700e+000 -1.3436310e+001 -7.7005400e+000 -6.6517900e+000
  4.2805260e+001 -1.1373030e+001  6.3806400e+000  5.9182300e+000 -1.0583600e+000
  5.0469780e+001 -4.8219500e+000 -1.9280710e+001  5.4660700e+000 -1.0694000e+001
  2.0292545e+002 -4.5583420e+001 -2.0566610e+001  1.0538500e+000  1.4881000e+000
  1.9198020e+001 -1.3433300e+001  2.1603830e+001 -2.7058300e+000  8.4668300e+000
  5.7623200e+001 -8.2960500e+000 -9.2638500e+000 -9.3005500e+000  6.0032000e+000
  4.6646700e+001 -9.4475500e+000 -7.2245500e+000 -1.0847070e+001  7.7444000e-001
  2.7099410e+001 -4.6009200e+000 -9.8760000e-001 -2.2107700e+000  4.6522100e+000
  1.0056890e+001  3.9516000e-001  2.5755000e-001 -5.0990000e-002  9.9433000e-001
  1.0216790e+001 -1.3718300e+000  1.3193800e+000 -4.8113300e+000  3.1830900e+000
  2.4912290e+001  7.1700700e+000  4.5145200e+000 -9.7808700e+000  7.6540100e+000
  2.0149700e+001  7.1911500e+000 -2.1809500e+000 -3.9738000e+000  7.5760000e-001
  1.9706210e+001  7.7673000e+000 -2.1992100e+000 -2.0214400e+000  8.1987000e-001
  2.4049780e+001  6.1273500e+000 -2.7466300e+000 -6.7926200e+000  3.2102000e-001
  2.3728360e+001  5.1772900e+000 -7.6280000e-001 -1.3553000e+000  3.9950000e-001
  8.5284400e+000  4.1717300e+000 -2.2229200e+000 -1.1976500e+000  1.1306300e+000
  2.9233160e+001  8.8454400e+000  9.2137000e-001  9.6259000e-001 -1.6416000e+000
  1.4391000e+001  6.2373800e+000  5.2140000e-001 -7.0177000e-001  9.7545000e-001
  3.6177320e+001  1.5839660e+001  8.5892000e-001 -2.0576500e+000 -2.1196900e+000
  1.6544800e+001  1.7881400e+000 -1.9196400e+000  8.0304000e-001 -1.0237200e+000
  1.3762700e+001  8.2669400e+000 -4.6380200e+000  1.6513600e+000 -1.5350400e+000
  3.0571380e+001  3.7340400e+000 -2.9656000e-001  1.2211900e+000 -3.5750000e-001
  1.2027880e+001 -5.1336000e+000  2.4869000e+000  3.9357000e-001  2.9635700e+000
  7.1549530e+001 -1.1227530e+001  8.0073400e+000  1.0961020e+001  8.8894300e+000
  6.1687240e+001  7.6095000e+000 -3.0216200e+000  4.0042400e+000 -1.6413400e+000
  7.7640070e+001  3.7321500e+000 -1.0986380e+001  8.1246000e+000 -1.1701680e+001
  5.4597820e+001  2.0432000e-001 -1.1965160e+001 -1.5165800e+000  3.7749800e+000
  1.6402298e+002  1.0952560e+001  1.0069636e+002 -2.4438350e+001 -2.8906000e-001
  8.7326485e+002 -2.4933840e+001  1.3505289e+002 -4.0091200e+001 -3.9069080e+001
  2.5814550e+002  2.2041010e+001  8.8927290e+001 -2.8018610e+001 -2.1683490e+001
  7.9297500e+001  5.7320300e+000  4.2407070e+001 -2.0400100e+000 -2.0513600e+000
  3.2098860e+001  1.2510400e+001  2.3753240e+001 -8.1910000e+000  3.2469800e+000
  6.4382900e+001  2.8488900e+001  2.4368600e+001 -7.3321000e+000  7.0196000e+000
  3.9578500e+001  4.3701000e+000  1.1233700e+001  1.9600000e-001  3.1051000e+000
  1.2442187e+002  3.0335320e+001  4.8048320e+001 -1.8613650e+001  1.4856430e+001
  5.7779460e+001  2.1227400e+001  1.0515190e+001 -1.3634340e+001  1.4842540e+001
  2.7052110e+001  3.3709800e+000  3.1383300e+000 -3.1998700e+000  3.8206700e+000
  2.9365600e+001  1.7106300e+000  4.8470200e+000 -5.2170100e+000  4.6751400e+000
  2.3159300e+001  5.4151000e+000  2.7039000e+000 -2.2220000e+000  6.8116000e+000
  2.2326920e+002  4.9613500e+001  1.2669900e+001 -3.9997200e+001  4.9589000e+000
  1.1785050e+002  4.4287700e+001  4.2032000e+000 -1.9023700e+001 -6.2341000e+000
  1.7127600e+001  6.6190000e+000 -1.5399000e+000 -2.5388000e+000 -4.9820000e-001
  5.7912100e+001  1.3351200e+001 -4.0440000e+000 -8.4726000e+000 -6.1212000e+000
  2.1719500e+001  2.7950000e+000  2.9392000e+000 -8.4500000e-002 -2.9404000e+000
  3.8467880e+001  4.7946800e+000  4.1613700e+000  2.0322100e+000 -4.8641700e+000
  1.9275400e+001  2.7070000e-001  1.3926000e+000 -2.0616000e+000 -1.2087000e+000
  4.4337800e+001  9.2939000e+000  5.8794000e+000 -6.7354000e+000  1.9100000e+000
  2.3090700e+001  2.5149000e+000 -6.1140000e-001 -2.6631000e+000 -2.4210000e-001
  3.2180300e+001  5.4006000e+000 -1.7159000e+000 -3.6750000e+000  1.1200000e-002
  3.6055700e+001  7.3597000e+000 -2.4731000e+000 -5.8711000e+000 -3.3930000e+000
  2.7364100e+001  9.7707000e+000 -4.9379000e+000 -2.6099000e+000 -3.8203000e+000
  2.2092600e+001  6.0000000e-001 -6.4083000e+000 -3.7603000e+000 -4.7322000e+000
  3.8508300e+001  5.4300000e-001 -7.5984000e+000 -4.8549000e+000 -1.0742000e+000
