  3.6091700e+000  6.7097000e-001  3.2962000e-001 -6.6613000e-001 -1.0110000e+000
  9.3072000e-001  6.1959000e-001 -2.2099000e+000  2.7365800e+000 -4.0266000e-001
  2.8162200e+000  4.7597000e-001  3.7090000e-001 -1.9179300e+000 -1.9219300e+000
  4.0882200e+000  7.6944000e-001  3.0458400e+000 -9.6883000e-001  6.0353000e-001
  3.5112200e+000 -2.2962000e-001 -3.2512800e+000  6.0274000e-001 -3.5341200e+000
  4.5072700e+000  1.1647400e+000  2.4948000e+000 -1.7875500e+000 -6.9040000e-002
  5.8860600e+000  3.8991800e+000  3.0069200e+000  2.1320200e+000  3.6958600e+000
  2.1643760e+001  8.1239100e+000  3.9413000e-001  2.3415800e+000 -2.1698600e+000
  8.0898000e+000  8.6160000e-001  1.7903000e+000  2.3702500e+000 -2.0560000e+000
  7.5481700e+000  9.6110800e+000  3.4229700e+000  1.4618400e+000 -5.1983000e-001
  1.8885810e+001  2.0552030e+001  7.3696300e+000 -6.4785800e+000 -3.2001600e+000
  2.8894750e+001  2.1013530e+001  5.3075000e+000 -2.4379100e+000 -1.8685800e+000
  5.0635420e+001  6.0828400e+000 -1.2040800e+001  7.4222000e+000 -1.7846520e+001
  3.3557680e+001  5.8726200e+000 -5.6866800e+000  6.3179800e+000 -1.5013780e+001
  1.0214300e+001 -1.7724100e+000  1.8838800e+000  3.1044600e+000  1.0742100e+000
  1.4909940e+001  1.1435220e+001 -2.0884100e+000 -1.2716100e+000 -7.5017000e+000
  7.3058800e+000  3.5253200e+000 -1.8058000e+000  1.0337600e+000  1.3072200e+000
  1.7875870e+001  3.3060800e+000 -7.0005000e-001  2.8082200e+000 -7.4852600e+000
  3.8702400e+001  1.3573080e+001 -1.1757060e+001  7.0657800e+000 -2.3204040e+001
  1.0313010e+001  4.1050900e+000 -2.4377700e+000  2.6895300e+000 -1.4382000e+000
  1.5843370e+001  5.5878400e+000 -8.9586600e+000  1.5145000e+000 -9.4299300e+000
  7.0180400e+000  2.2596200e+000  1.0854800e+000 -2.5278000e+000 -1.4442000e+000
  2.7565230e+001  1.3320590e+001 -4.2374800e+000 -7.8990000e+000 -2.2570000e+000
  2.0372910e+001  6.3573100e+000 -1.3092400e+000 -4.1524900e+000  3.7166700e+000
  3.4588340e+001  1.1511620e+001 -1.3266200e+001 -3.1550700e+000 -1.3556620e+001
  2.6337520e+001  5.5251400e+000 -1.0028250e+001 -2.1788300e+000 -7.9712500e+000
  3.5371960e+001  7.1250500e+000 -2.6934700e+000 -8.3226200e+000 -6.6641300e+000
  1.0776624e+002  3.5691650e+001 -6.3742050e+001  1.4562260e+001 -5.6161300e+001
  2.9354150e+001  1.7171310e+001 -1.9229850e+001  2.4887900e+000 -1.9035950e+001
  1.5293270e+001  5.8415400e+000 -1.3146000e-001 -3.3452300e+000 -2.7227900e+000
  1.9449530e+001  1.7250890e+001 -2.2705100e+000 -4.5224400e+000 -3.7824400e+000
  1.9799040e+001  6.5144600e+000  3.0150000e-002 -5.2253200e+000 -2.0487000e+000
  2.8374390e+001  8.1346600e+000  4.8080600e+000 -3.4307800e+000 -1.6237700e+000
  3.9437250e+001  1.0825120e+001  1.3882300e+000 -6.1554100e+000 -3.7045200e+000
  1.4063880e+001  6.0496000e+000 -8.7150000e-001 -2.8346000e-001 -6.8940000e-002
  1.7283310e+001  5.8547500e+000 -2.4135900e+000 -2.0779000e-001 -2.3091000e-001
  9.8064500e+000  1.0469400e+000 -2.7607000e+000 -2.9352600e+000 -5.8433000e-001
  8.9249400e+000 -5.3560000e-001 -2.7888200e+000  8.4661000e-001 -1.3121200e+000
  3.2387890e+001  3.8255700e+000 -1.2095320e+001  3.0174600e+000  2.1369700e+000
  2.6732740e+001  1.1564280e+001 -6.7778100e+000 -4.2445400e+000  7.0820100e+000
  3.8283780e+001  5.7970800e+000 -2.0426720e+001  3.2857200e+000 -1.1692980e+001
  1.1752774e+002  1.4477400e+001 -1.9520140e+001  2.7308000e+000 -8.0662000e-001
  7.3329400e+001 -1.3601200e+001 -1.0925560e+001  2.1933100e+000  1.2367200e+000
  4.1236340e+001 -1.0445540e+001 -1.0391580e+001 -3.7250000e-001 -9.8578400e+000
  1.5647479e+002 -4.4815330e+001 -2.4018880e+001  5.5984300e+000 -3.2129690e+001
  1.3814838e+002 -5.5818720e+001 -3.5022410e+001  1.1820450e+001 -2.4205940e+001
  4.8081050e+001 -6.5745200e+000 -5.6796000e+000 -1.3840000e-002 -9.1088800e+000
  3.6864240e+001 -3.6261300e+000 -1.9224900e+000  5.1175000e-001 -2.9668600e+000
  7.0165240e+001 -1.3288920e+001 -1.9516600e+000  1.3873400e+000  9.8973000e-001
  3.6456880e+001 -8.2674800e+000  2.3473000e+000  9.5566000e-001  1.4214400e+000
  3.4133560e+001 -1.0545000e-001  1.3790100e+001 -1.0878800e+000  2.2953500e+000
  2.4212870e+001 -1.7326400e+000  6.6519200e+000 -1.9333000e-001  1.1577300e+000
  1.1434540e+001 -1.6806800e+000 -6.0025000e-001 -5.4211000e-001  8.7353000e-001
  2.8591070e+001 -3.0030200e+000 -3.0881900e+000  9.0705000e-001  7.1131000e-001
  1.0676770e+001 -1.5752000e-001 -1.5948000e+000  9.6026000e-001 -1.0038600e+000
  5.2420800e+000  4.4900000e-001  2.1764000e-001 -4.1768000e-001  4.5186000e-001
  1.3787800e+001 -2.7125000e+000 -5.4934500e+000  1.0847200e+000  7.7268000e-001
  2.0252830e+001  2.0876000e-001 -5.8576900e+000  2.5580100e+000 -1.0413800e+000
  1.7498680e+001 -4.4735400e+000 -5.3146000e+000  3.3612300e+000  7.0803000e-001
  1.8929280e+001  3.9782200e+000 -4.5535900e+000  1.9611700e+000 -7.7048000e-001
  4.7975190e+001  3.2384360e+001 -8.6968600e+000  3.6581500e+000 -7.8459400e+000
  5.3944870e+001  1.3746940e+001 -1.8078780e+001  1.3022180e+001 -7.9991600e+000
  1.3520780e+001  2.1502500e+000 -4.6302600e+000  2.2875300e+000 -1.9208700e+000
  1.1137200e+001  2.1370900e+000 -1.3217800e+000  2.0281100e+000 -1.3165800e+000
  2.2395710e+001 -1.8552800e+000 -5.3638100e+000  5.0984800e+000 -3.9325600e+000
  5.5919520e+001  2.2941690e+001 -4.9463900e+000  1.7011000e-001 -7.1175700e+000
  8.6062590e+001  4.1945910e+001 -1.0810710e+001 -1.8875240e+001 -4.4934600e+000
  3.9630850e+001 -5.0130300e+000 -5.6929700e+000 -8.4674000e-001 -4.4812200e+000
  5.3276960e+001  4.0284000e-001 -3.0393420e+001  1.4885920e+001 -1.2955280e+001
  7.2481880e+001 -1.3366200e+000 -3.4971150e+001  8.3219700e+000 -1.9128990e+001
  3.4691080e+001  1.7803600e+000 -1.5953310e+001  1.0977700e+000 -7.3462400e+000
  2.3483460e+001  4.3807200e+000 -5.7735300e+000 -1.7292200e+000 -2.9931900e+000
  5.2219740e+001  1.6310890e+001 -3.6541690e+001  3.2240900e+000 -1.9455120e+001
  2.5990630e+001 -3.5777400e+000 -1.4776660e+001  2.3777000e+000 -7.4239800e+000
  3.5956480e+001 -2.2054400e+000 -3.0824280e+001  8.6497200e+000 -1.6734840e+001
  4.0234050e+001 -7.8582200e+000 -1.9659070e+001  7.6436700e+000 -1.3173530e+001
  5.8416200e+001 -2.3749680e+001 -1.4389840e+001 -6.5341000e-001 -9.2730500e+000
  5.4371550e+001 -2.8979000e+000 -1.8120350e+001  7.4654000e-001 -8.2709200e+000
  3.6681950e+001 -3.3650700e+000 -9.3220400e+000 -4.2973000e-001 -1.3151300e+000
  1.5528940e+001  5.3025800e+000 -5.8914600e+000 -3.1432800e+000 -2.3001200e+000
  1.4558960e+001 -4.4038000e+000 -6.1967000e+000 -2.2207700e+000 -2.4375300e+000
  1.0268040e+001 -2.3377000e-001 -6.8874700e+000 -8.4760000e-002 -2.4508700e+000
  3.3429100e+001 -1.0356170e+001 -1.4287610e+001 -1.7482400e+000 -3.1103500e+000
  1.5530140e+001 -7.4410000e-001 -6.8910100e+000 -2.6071500e+000 -2.6051700e+000
  1.2906860e+001  1.0126100e+000 -9.9765800e+000 -1.6650300e+000 -4.6644400e+000
  8.8824000e+000 -1.5125000e+000 -3.3637400e+000 -2.2779900e+000 -1.7826400e+000
  1.0888800e+001 -4.6563300e+000 -4.8970400e+000  9.0988000e-001 -1.9325900e+000
  5.1114400e+000 -1.9044600e+000 -8.9512000e-001 -3.8136000e-001 -1.7382600e+000
  1.2592270e+001  2.8438200e+000 -3.3824300e+000 -2.2431300e+000 -2.2828700e+000
  1.9417570e+001 -7.4694800e+000 -8.0487600e+000  8.5660000e-002 -4.8729500e+000
  1.9764900e+001 -5.8648600e+000 -2.8376300e+000 -1.0878100e+000 -4.1181800e+000
  2.7219150e+001 -6.4644300e+000 -6.2685100e+000 -3.1615900e+000 -7.5984000e-001
  3.3879350e+001 -6.3696600e+000 -1.1952210e+001 -1.1754500e+000 -4.3719700e+000
  2.2816830e+001 -5.4456200e+000 -2.6990900e+000 -1.7955800e+000  3.2333800e+000
  2.0953660e+001  3.3382000e-001 -1.1407940e+001 -1.6717700e+000 -2.8276700e+000
  1.5198180e+001  6.6837000e-001  8.7810000e-001  1.5452400e+000  8.3840000e-001
  1.8151780e+001 -5.8255800e+000 -4.3439700e+000  1.1149800e+000 -5.2258000e-001
  2.3745245e+002  4.8109830e+001 -7.1709300e+001 -2.4229940e+001 -3.6628800e+001
  1.6887660e+001  1.0596300e+000 -5.4732700e+000 -9.0375000e-001 -3.3803300e+000
  2.5793040e+001 -7.4766200e+000 -4.0572800e+000  1.0634700e+000 -2.7438400e+000
  2.1273930e+001 -8.9005300e+000 -7.0465600e+000  1.7793500e+000 -3.2689400e+000
  2.0791740e+001 -5.8698500e+000 -6.7795000e+000  1.8984500e+000 -3.1564300e+000
  1.8688400e+001 -6.4461000e+000 -2.8811000e+000  7.9840000e-002 -2.5803600e+000
  1.7511740e+001 -6.6708200e+000 -4.8347800e+000  2.2036600e+000 -3.2590200e+000
  7.3176600e+000 -7.5933000e-001 -3.1513200e+000  1.0502900e+000 -1.6059000e+000
  5.5042820e+001 -1.2091770e+001 -1.0204330e+001  2.3578400e+000 -6.5972500e+000
  4.2022620e+001 -3.3014100e+000 -9.3620300e+000  4.1809500e+000 -5.5405700e+000
  1.4691320e+001 -7.9508100e+000 -2.5893200e+000  1.9276000e+000 -2.1019300e+000
  9.8709600e+001  1.0456020e+001 -4.3996690e+001  1.6406590e+001 -3.0425850e+001
  5.9739990e+001 -1.4423840e+001 -2.2574030e+001  1.3805740e+001 -2.3725310e+001
  4.3875950e+001  1.0527600e+000 -1.1122780e+001  9.0085100e+000 -1.3099930e+001
  2.6591330e+001 -4.3651100e+000 -7.5851000e+000  3.7701400e+000 -4.0794600e+000
  2.3826790e+001 -5.9520000e-001  1.5953000e+000  3.3107200e+000 -5.7446000e-001
  4.1290780e+001 -8.5954800e+000 -9.6936800e+000  1.5480200e+000 -5.1995600e+000
  1.9813950e+001  4.5587000e+000 -1.6416300e+001  2.3328500e+000 -9.1707500e+000
  2.6028180e+001  3.2513900e+000 -6.9900200e+000  2.8643500e+000 -6.3254600e+000
  1.1051840e+001 -3.7648400e+000 -4.9937800e+000 -8.7044000e-001 -1.6349800e+000
  3.8431200e+000 -1.4678900e+000 -3.8144600e+000  2.7535600e+000 -2.3415700e+000
  2.0680650e+001 -3.6379700e+000 -1.4969370e+001  2.4537500e+000 -8.0964200e+000
  1.4302280e+001 -4.9405400e+000  4.2813500e+000 -7.4320000e-001  1.6400000e-001
  4.4618100e+000  7.8130700e+000 -3.6422000e+000 -1.4112200e+000 -2.5303000e+000
  1.1224300e+001  6.8553300e+000 -7.2504400e+000  1.0255600e+000 -5.1429100e+000
  2.3216020e+001  4.4757600e+000 -2.9545200e+000 -2.0090700e+000 -3.4088500e+000
  3.2032820e+001  2.5827000e+000 -8.0446900e+000 -3.5595000e+000 -7.0109800e+000
  1.3247930e+001 -7.0616500e+000  3.3821000e-001 -8.5948000e-001 -8.5962000e-001
  1.2518150e+001 -1.6496600e+000  1.4722700e+000 -1.3772500e+000  3.8577000e-001
  8.0073600e+000 -1.9946900e+000 -1.4596400e+000 -1.5143400e+000 -1.5073300e+000
  1.3191130e+001 -5.1217400e+000 -2.9070300e+000  5.8230000e-002 -3.1968000e+000
  1.0809100e+001 -3.1663000e+000 -3.9678300e+000  1.6600900e+000 -4.6092700e+000
  1.7523090e+001 -1.7452100e+000 -7.6637700e+000 -5.3681900e+000 -5.8862800e+000
  2.7044690e+001 -5.2350500e+000 -1.1001030e+001  2.7699000e-001 -4.7876100e+000
  1.9074150e+001 -2.5088300e+000 -6.7971000e+000  1.5295100e+000 -2.1148300e+000
  3.2292670e+001  1.2261000e-001 -1.9939310e+001 -1.4299500e+000 -1.2757580e+001
  2.1606300e+001 -5.7161800e+000 -9.0816800e+000  4.9224600e+000 -6.1165800e+000
  2.6510780e+001 -1.6059740e+001 -9.1285100e+000  6.0949700e+000 -1.6989400e+000
  5.0425410e+001 -2.3197880e+001 -1.6204560e+001  1.3632790e+001 -2.6727000e+000
  1.8154450e+001 -9.8394000e-001 -6.4691100e+000  1.2694600e+000 -7.7434700e+000
  7.1820420e+001 -1.3216080e+001 -2.8030180e+001  1.4945900e+000 -1.5613200e+001
  2.8764050e+001 -8.9684300e+000 -5.3236900e+000  2.0268700e+000 -4.0625900e+000
  2.1622550e+001 -2.0406700e+000 -3.5592700e+000  1.4965600e+000 -3.7168100e+000
  1.1324566e+002 -1.1350420e+001 -3.7046840e+001 -4.6714000e-001 -3.4925900e+001
  5.7421060e+001  1.1290960e+001 -2.8870090e+001 -3.6978000e-001 -2.5517030e+001
  5.8348270e+001 -3.7736380e+001 -3.6513000e-001  6.3574600e+000 -3.6921100e+000
  1.2486130e+001  9.4340000e-001 -7.5024800e+000 -2.4599100e+000 -3.8627900e+000
  5.8483400e+000  1.7120200e+000 -1.1379600e+000 -9.3700000e-001 -3.5025400e+000
  1.5040650e+001 -8.6004100e+000  4.2017000e-001  1.0974320e+001  1.2660500e+000
  5.9473550e+001 -3.6451260e+001 -2.6901600e+000  1.3905340e+001  5.3435800e+000
  9.1408820e+001  2.6150650e+001 -4.1073490e+001 -4.4561070e+001 -9.9103500e+000
  7.1857900e+000  4.9564100e+000  7.6411000e-001 -3.7523000e+000 -2.2355000e-001
  5.1672830e+001  1.8662240e+001 -3.8846360e+001 -4.5286280e+001 -2.2414780e+001
  5.1948710e+001 -2.6629700e+000 -2.5976790e+001 -1.1824330e+001 -1.3806760e+001
  4.5069320e+001  5.0410400e+000 -2.5239880e+001 -2.1567840e+001 -1.7338800e+001
  9.5533420e+001  1.0846570e+001 -1.7687290e+001 -1.2104870e+001 -2.4715390e+001
  3.4403210e+001  8.1228700e+000 -9.5031100e+000 -1.3507840e+001 -1.3575590e+001
  3.0759160e+001 -1.3860300e+000 -8.1102600e+000 -3.5684700e+000 -6.0420600e+000
  4.2099280e+001  4.9362500e+000 -1.3126810e+001 -1.6740300e+000 -7.1333000e+000
  1.3011565e+002 -2.0234020e+001 -1.6284410e+001 -5.9374500e+000 -1.3073000e+000
  6.2760220e+001  1.6720000e+000  5.7063000e-001 -2.3824430e+001  1.3322730e+001
  4.4166800e+001 -1.0364950e+001 -4.4456500e+000 -7.1428500e+000  5.0532000e+000
  6.4338400e+001 -4.1183500e+000 -1.7085150e+001 -1.5966170e+001  5.5808400e+000
  3.0708310e+001  1.8024180e+001  3.1719000e+000 -1.6063770e+001  1.1760510e+001
  3.2112090e+001  1.4225360e+001 -1.8875000e-001 -8.2154900e+000  3.9175300e+000
  2.3136290e+001  1.0055770e+001  3.5692800e+000 -8.0401300e+000  7.0019900e+000
  1.9276990e+001  1.4179970e+001  3.4580200e+000 -1.0916470e+001  7.3283100e+000
  2.7024800e+001  2.1474950e+001 -1.7394950e+001 -1.4565300e+001  4.5881000e+000
  1.5191110e+001  6.3217000e+000 -6.6073100e+000 -1.9165400e+000 -6.6093000e-001
  1.7556880e+001  6.0755500e+000 -1.9000300e+000 -3.1330200e+000  8.7842000e-001
  2.0662460e+001  9.2157900e+000  1.0889000e+000  4.1530000e-001  3.0810000e-001
  1.9571240e+001  1.2399630e+001 -2.3859200e+000  1.0177500e+000 -2.1107700e+000
  2.1513360e+001  1.2129940e+001  1.7350700e+000 -9.9661000e-001  1.0130000e+000
  8.1699000e+000  4.9937800e+000 -1.7754000e+000 -1.8689700e+000  6.7015000e-001
  3.2841420e+001  1.3365360e+001 -3.4296800e+000 -3.4533500e+000 -9.9519000e-001
  3.2392600e+001  2.0530240e+001 -1.0849040e+001  1.1207400e+000 -3.4526200e+000
  1.6011200e+001  1.1076340e+001 -2.7603200e+000 -2.3173400e+000  4.9816000e-001
  4.9999280e+001  7.6056400e+000  4.3904000e-001  3.4136900e+000 -6.2174000e+000
  3.1674280e+001  4.8630000e-001  2.9515000e+000  1.2477000e-001  1.3714700e+000
  9.2216730e+001  1.2704070e+001 -6.2113600e+000 -2.7206800e+000 -1.1179070e+001
  1.5927954e+002  1.4311500e+001 -7.9506200e+000  3.9443400e+000 -1.5138140e+001
  2.1139067e+002 -3.4062500e+000 -4.2175580e+001  2.4875900e+001 -4.7271780e+001
  6.6739120e+001  6.3954200e+000 -7.5506000e-001  1.6225120e+001 -1.4340520e+001
  2.6831548e+002 -3.5164240e+001  7.8227560e+001 -3.1198750e+001 -7.4412260e+001
  1.2538543e+003 -6.6512840e+001  1.0580799e+002 -5.7198000e+001 -1.0355848e+002
  2.8596770e+002  1.9367810e+001  1.1402679e+002 -3.8640910e+001 -3.1335190e+001
  1.0839720e+002  1.9711630e+001  5.6615270e+001 -1.1694910e+001 -5.6045600e+000
  6.4187260e+001  5.9393000e+000  3.0555740e+001 -8.7359000e+000  4.2779800e+000
  6.1746500e+001  1.3389400e+001  2.9897300e+001 -9.1682000e+000  7.5936000e+000
  4.2288400e+001  6.2900000e+000  2.0147700e+001 -3.9992000e+000  2.9813000e+000
  9.1744470e+001 -5.9109800e+000  2.8686420e+001 -1.2540550e+001  5.7533300e+000
  7.9026060e+001  2.5774300e+001  1.1443990e+001 -1.5927540e+001  2.1221140e+001
  4.4024710e+001  1.6182080e+001 -4.2447000e-001 -9.4859700e+000  6.8787700e+000
  5.7753500e+001  2.6150130e+001  1.5198200e+000 -1.9224110e+001  1.3338140e+001
  4.6641800e+001  1.3874300e+001  2.6560000e-001 -9.9465000e+000  1.0165200e+001
  2.9967340e+002  6.8373300e+001  3.3373000e+000 -5.0639000e+001 -3.8469000e+000
  2.2783620e+002  7.7573200e+001  2.2206200e+001 -4.7621200e+001 -8.7071000e+000
  3.0928300e+001  8.4313000e+000 -2.1037000e+000 -5.7068000e+000 -1.9511000e+000
  8.0126500e+001  2.4584200e+001 -9.7960000e+000 -9.5471000e+000 -1.0166200e+001
  2.4272100e+001  3.3218000e+000  1.3893000e+000 -2.1537000e+000 -3.5955000e+000
  4.0022380e+001  2.6223800e+000  1.5700700e+000  3.5258100e+000 -5.0754700e+000
  2.7175700e+001 -4.3300000e-001  3.3218000e+000 -5.0867000e+000  3.7400000e-001
  5.0208000e+001  1.3424600e+001  7.7073000e+000 -5.8320000e+000 -3.9040000e-001
  1.7779600e+001 -1.5042000e+000  1.1671000e+000 -4.1473000e+000  1.3938000e+000
  2.4836500e+001  5.3435000e+000 -6.7420000e-001 -3.5813000e+000 -1.2934000e+000
  2.9053600e+001  8.8498000e+000 -3.0667000e+000 -2.8318000e+000 -1.5994000e+000
  2.7600800e+001  7.6087000e+000 -4.4085000e+000 -4.0830000e+000 -4.8065000e+000
  1.2783700e+001  3.0269000e+000 -3.3011000e+000 -7.3480000e-001 -1.6773000e+000
  4.2463100e+001  5.5454000e+000 -2.7006000e+000 -5.9230000e+000 -3.2480000e+000
