  5.6500700e+000  5.5427000e-001  3.3255200e+000  4.1570000e-002  5.2660000e-001
  3.0126220e+001 -5.0063100e+000  7.6700000e-001  2.2085800e+000 -7.7332600e+000
  6.1741200e+000  1.5350700e+000  3.3572000e+000  7.7957000e-001  3.1077000e-001
  1.3772920e+001  3.0294000e-001  1.9424400e+000 -1.6473000e-001 -2.8888700e+000
  2.2913200e+000 -2.1182000e-001  6.0163200e+000 -1.9367600e+000  3.7508800e+000
  1.2714070e+001  6.0314000e-001  1.8442000e+000 -1.7562500e+000 -1.2184000e-001
  1.0704860e+001 -9.4382000e-001  7.3102000e-001 -4.4368000e-001 -2.7467400e+000
  3.4700060e+001  1.0494610e+001 -1.3074700e+000  1.4629800e+000 -7.4867600e+000
  7.2166000e+000  1.7228000e+000 -1.1383000e+000  8.5155000e-001 -8.5800000e-001
  7.1468700e+000  5.8081800e+000 -2.6123000e-001 -6.2906000e-001  2.7095700e+000
  8.2733100e+000  1.1379300e+000 -4.0037000e-001 -1.0938800e+000 -2.0458600e+000
  3.8295850e+001  2.2545330e+001  1.1622800e+001 -2.1143100e+000  5.8012000e-001
  6.9504820e+001  6.0391400e+000 -1.9387000e+001  1.0669300e+001 -2.4988520e+001
  4.4192280e+001  6.1753200e+000 -1.5506380e+001  8.9965800e+000 -2.4049380e+001
  2.7729600e+001  5.7885900e+000  1.7595800e+000  6.2323600e+000 -8.1409900e+000
  5.9171440e+001  1.9596520e+001 -1.0701610e+001  6.4394900e+000 -2.7292600e+001
  1.0403080e+001  3.8866200e+000  1.5436000e+000  9.6966000e-001 -4.5453800e+000
  2.7685770e+001  9.6707800e+000 -3.6109500e+000  3.8064200e+000 -8.4518600e+000
  2.6760600e+001  1.5456380e+001 -6.0152600e+000  2.1660800e+000 -1.2859240e+001
  2.4918910e+001  7.2909000e-001 -4.0836700e+000  3.8108300e+000 -1.8409000e+000
  1.5286770e+001  4.2055400e+000 -8.4491600e+000  4.9190000e-001 -6.8806300e+000
  6.1301400e+000  1.7673200e+000  1.6040800e+000 -2.7259000e+000 -1.6837000e+000
  2.5240630e+001  1.0376590e+001 -6.6019800e+000 -1.2448000e+000 -2.4226000e+000
  2.0101710e+001  9.0892100e+000 -3.0216400e+000 -5.4588900e+000 -9.7223000e-001
  4.7162540e+001  1.1651320e+001 -2.4546100e+001 -4.6273700e+000 -2.0484620e+001
  3.3468120e+001  7.9385400e+000 -7.0716500e+000 -5.7854300e+000 -7.9579500e+000
  3.7236160e+001  8.0978500e+000 -2.8650700e+000 -5.1460200e+000 -4.6781300e+000
  1.3644044e+002  4.2686550e+001 -7.7052350e+001  8.4898600e+000 -5.9378300e+001
  6.9340650e+001  1.7569310e+001 -2.4414450e+001 -1.6091000e-001 -2.7129150e+001
  3.8868170e+001  1.4552840e+001 -5.3463600e+000 -4.6200300e+000 -1.6480890e+001
  2.2404530e+001  1.3290290e+001  1.0832900e+000 -4.8697400e+000 -3.0169400e+000
  2.5348940e+001  8.8114600e+000 -1.2143500e+000 -6.4335200e+000 -4.3724000e+000
  5.8027590e+001  1.3071360e+001  8.8301600e+000 -6.0957800e+000  4.8439300e+000
  6.2939750e+001  1.2998720e+001 -5.4870700e+000 -1.0585100e+000 -6.4737200e+000
  1.5010880e+001  2.8270000e+000  2.3090000e-001 -3.9606600e+000  3.1804600e+000
  1.7515410e+001  5.3718500e+000 -1.4751900e+000 -3.0499000e-001 -1.1473100e+000
  9.1329500e+000  2.8365400e+000 -9.2440000e-001 -2.7690600e+000  1.7850700e+000
  1.2972540e+001  1.0080000e+000 -3.2433200e+000  8.5071000e-001 -1.4423200e+000
  3.9918490e+001 -2.0724300e+000 -9.4273200e+000 -1.4000400e+000  2.9065700e+000
  6.6949840e+001  9.7918800e+000 -1.8723310e+001 -1.6050400e+000  6.4077100e+000
  5.0071980e+001  2.8060800e+000 -1.5514320e+001  2.0934200e+000 -8.5792800e+000
  1.0266424e+002  1.1169900e+001 -1.9431840e+001  1.6328000e+000 -1.6692200e+000
  6.9549200e+001 -1.3304500e+001 -1.0280660e+001  4.1271100e+000  1.8322200e+000
  5.9611340e+001 -8.1278400e+000 -6.1495800e+000 -6.4958000e+000 -6.3841400e+000
  2.2741819e+002 -7.3271430e+001 -4.8917180e+001  2.1163530e+001 -6.1877890e+001
  1.5099018e+002 -5.6903120e+001 -4.2671210e+001  9.8602500e+000 -2.8170240e+001
  6.7588850e+001 -3.5211200e+000 -5.5085000e+000  3.1611600e+000 -9.4904800e+000
  5.3563140e+001 -1.1620630e+001 -3.2165900e+000  7.8530500e+000 -6.0657600e+000
  6.1181740e+001 -7.5404200e+000  1.3739400e+000 -1.7870600e+000  9.5053000e-001
  2.9782880e+001 -1.0122980e+001 -6.9190000e-001  4.7708600e+000 -2.4453600e+000
  5.4521260e+001  7.8371500e+000  2.4202800e+001 -4.1670800e+000  8.9919500e+000
  2.8066970e+001 -9.8034000e-001  8.7893200e+000  6.7547000e-001  6.2453000e-001
  2.0362440e+001 -4.9250800e+000  2.1205000e-001 -8.5111000e-001  3.2237300e+000
  2.9834170e+001 -2.9991200e+000  1.6229100e+000 -2.3747500e+000  4.6729100e+000
  8.3094700e+000 -4.3912000e-001  9.9180000e-001 -1.4114400e+000 -3.9760000e-002
  8.5030800e+000 -1.7042000e+000 -2.0718600e+000  4.8972000e-001 -1.1134000e-001
  6.1636000e+000 -1.1820000e-001 -2.8459500e+000 -1.0028000e-001  2.0171800e+000
  1.6230530e+001 -1.8201400e+000 -4.6839900e+000  2.5855100e+000 -1.9418000e-001
  1.2587080e+001 -2.9374400e+000 -4.3566000e+000  2.4633300e+000 -7.3437000e-001
  1.7061980e+001  1.6616200e+000 -5.3981900e+000  2.6398700e+000 -9.1478000e-001
  4.8431990e+001  2.5905960e+001 -7.6480600e+000  3.8817500e+000 -7.8973400e+000
  4.6193370e+001  1.3880140e+001 -1.1864580e+001  8.2615800e+000 -5.0555600e+000
  1.2841780e+001 -1.3334500e+000 -1.4404600e+000  1.6248300e+000 -1.2702700e+000
  1.7720300e+001 -8.4961000e-001 -2.2518800e+000  2.8661000e-001 -2.0625800e+000
  1.9384510e+001 -1.5147800e+000 -1.7236100e+000 -1.5032000e-001  1.2004000e-001
  7.0262520e+001  2.0099390e+001 -7.8860900e+000  1.7617100e+000 -9.2702700e+000
  6.3475290e+001  3.1101010e+001 -6.4104100e+000 -1.0732340e+001 -2.7649600e+000
  4.0327850e+001 -1.2445930e+001 -6.4053700e+000  5.8137600e+000 -2.7953200e+000
  5.2676260e+001  2.9848400e+000 -2.5404320e+001  1.1859120e+001 -1.4371180e+001
  4.4693880e+001  3.8144800e+000 -2.3651050e+001  4.5064700e+000 -1.2241790e+001
  3.5269380e+001  2.9012600e+000 -1.4938810e+001  2.9400700e+000 -7.9582400e+000
  1.8960260e+001  4.2639200e+000 -6.3243300e+000  1.0387800e+000 -3.3835900e+000
  4.7813140e+001  2.3386990e+001 -3.3149690e+001 -1.0851000e-001 -1.5703920e+001
  3.0412630e+001 -3.7764400e+000 -1.9402960e+001  2.6074000e+000 -1.0351780e+001
  5.5014480e+001  3.0792600e+000 -5.1901680e+001  1.4991820e+001 -2.4523740e+001
  2.7245650e+001 -4.8912200e+000 -1.8488670e+001  6.8392700e+000 -1.2613330e+001
  5.1897600e+001  5.1137200e+000 -3.1216140e+001  5.1035900e+000 -2.1872250e+001
  6.8843250e+001 -1.2862400e+001 -2.6195150e+001  5.9043400e+000 -1.4585520e+001
  4.7334350e+001 -7.6768700e+000 -1.4031440e+001 -5.6300000e-003 -9.1404300e+000
  2.9671540e+001  1.9735800e+000 -7.7836600e+000 -1.0941800e+000 -2.3918200e+000
  4.1024460e+001 -6.5637000e+000 -1.5036400e+001 -3.0322700e+000 -1.8652300e+000
  9.6878400e+000 -3.2948700e+000 -3.9964700e+000 -1.5922600e+000 -1.2609700e+000
  1.7065200e+001  1.0633000e-001 -9.6591100e+000 -1.1227400e+000 -2.4302500e+000
  1.2935340e+001 -4.3303000e+000 -5.5874100e+000 -1.0545000e-001 -2.2246700e+000
  2.5316060e+001 -1.5361900e+000 -1.4750780e+001 -3.3589300e+000 -8.4483400e+000
  8.2311000e+000 -2.8323000e+000 -3.6169400e+000 -1.7338900e+000 -1.2244400e+000
  1.2874900e+001 -6.7833000e-001 -7.1451400e+000 -1.0258200e+000 -5.6576900e+000
  7.8985400e+000 -3.1765600e+000 -4.5691200e+000 -9.7146000e-001 -2.8896600e+000
  9.3846700e+000 -6.1358000e-001 -1.5748300e+000 -8.8453000e-001 -1.6670700e+000
  9.5450700e+000 -1.7459800e+000 -2.8381600e+000 -1.1768400e+000 -1.1352500e+000
  1.3722800e+001  1.8374000e-001  2.0570000e-002 -9.3611000e-001  3.8212000e-001
  2.1541750e+001 -6.8472300e+000 -5.4789100e+000 -1.4065900e+000 -2.1358400e+000
  4.4644950e+001 -2.0189600e+000 -1.5552010e+001  3.5425000e-001 -5.5082700e+000
  1.5042530e+001 -4.1163200e+000 -3.1933900e+000 -5.8018000e-001  1.8663800e+000
  3.8446860e+001 -3.2378000e-001 -1.0319140e+001 -2.7915700e+000 -3.0909700e+000
  3.3243680e+001 -8.7523300e+000 -5.9440000e-001 -3.9396000e-001 -1.3249000e+000
  1.2967380e+001 -3.8742800e+000 -2.8423700e+000  1.6344800e+000 -1.8033800e+000
  4.4320045e+002  5.9629230e+001 -1.0921230e+002 -3.5337640e+001 -5.4186700e+001
  4.6709960e+001 -6.8306700e+000 -1.0834370e+001 -1.4767500e+000 -4.2157300e+000
  4.3675340e+001 -1.3495220e+001 -7.0595800e+000  2.8663700e+000 -3.6848400e+000
  1.1647130e+001 -2.8854300e+000 -3.3574600e+000  1.0186500e+000 -1.8814400e+000
  7.7408400e+000 -1.6266500e+000 -2.2961000e+000  9.7755000e-001 -1.0726300e+000
  1.2916800e+001 -2.4167000e+000 -2.5650000e+000  7.8214000e-001 -2.9446600e+000
  1.4346240e+001 -5.3258200e+000 -3.1612800e+000  6.6396000e-001 -1.8997200e+000
  1.3101160e+001 -6.6031300e+000 -2.1527200e+000  7.6909000e-001 -1.8060000e-001
  4.5105320e+001 -1.2938270e+001 -9.6760300e+000  4.7437400e+000 -4.5074500e+000
  3.6777720e+001 -1.5847010e+001 -7.7420300e+000  4.8319500e+000 -5.7572700e+000
  2.2853420e+001 -1.0107510e+001 -1.8495200e+000  1.0821000e+000 -3.4456300e+000
  1.0511000e+002  1.4149620e+001 -4.7412390e+001  2.4333090e+001 -4.2187750e+001
  6.0339190e+001 -1.3562940e+001 -2.1691730e+001  1.0112140e+001 -2.2034110e+001
  6.6321250e+001 -7.9829400e+000 -1.6717580e+001  1.5849810e+001 -1.7693730e+001
  2.8913330e+001 -4.3184100e+000 -7.3063000e+000  4.2780400e+000 -2.1829600e+000
  1.4836790e+001  1.3912000e+000  5.9970000e-001  3.5272000e-001 -1.0072600e+000
  4.5215380e+001 -5.5729800e+000 -1.0989180e+001  1.6508200e+000 -7.5859600e+000
  2.9084150e+001  6.6035000e+000 -4.0420000e-001  4.7695000e-001 -1.6408500e+000
  2.6148380e+001  1.1114590e+001 -1.0248320e+001 -9.2665000e-001 -5.7904600e+000
  2.8130940e+001 -4.4369400e+000 -1.3634580e+001 -1.3489400e+000 -5.5795800e+000
  1.4881620e+001  2.3216100e+000 -6.5798600e+000  1.1095600e+000 -2.8993700e+000
  2.3662050e+001  4.6730000e-002 -1.8158270e+001  3.3639500e+000 -1.2169220e+001
  1.4587680e+001 -1.0145400e+000 -5.2248500e+000  5.1589000e+000 -6.9184000e+000
  1.3741710e+001 -1.9009300e+000 -8.5229000e+000  1.3465800e+000 -6.0757000e+000
  6.8360000e+000  5.5306300e+000 -3.0829400e+000 -4.1804000e-001 -3.3950100e+000
  2.2890920e+001  8.0576000e-001 -4.5812200e+000 -3.0023700e+000 -4.2340500e+000
  3.1198920e+001 -9.2390000e-001 -4.1268900e+000 -3.9969000e+000 -7.7022800e+000
  1.1295830e+001 -2.6114500e+000 -1.4130900e+000 -5.8808000e-001 -5.1922000e-001
  1.8009350e+001 -6.0668600e+000 -2.3221300e+000  1.9946500e+000 -8.7453000e-001
  9.6923600e+000 -3.2631900e+000 -1.0894400e+000  2.7856000e-001 -1.5810300e+000
  1.4531030e+001 -1.0653540e+001 -5.7279300e+000  1.1370300e+000  9.1490000e-001
  6.2347000e+000  2.0298000e+000 -7.7323000e-001 -2.7124100e+000 -9.0277000e-001
  1.4322090e+001  1.5984900e+000 -6.7105700e+000 -1.8779900e+000 -4.7505800e+000
  2.9884390e+001 -1.1683050e+001 -7.5716300e+000  1.8468900e+000 -3.5700100e+000
  1.5373750e+001  4.7235700e+000 -5.9915000e+000 -1.3075900e+000 -4.0563300e+000
  3.0728570e+001  5.1510100e+000 -2.2421110e+001 -2.3907500e+000 -1.5801180e+001
  1.0158200e+001  3.3045200e+000 -7.3413800e+000 -3.4324000e-001 -4.6827800e+000
  1.7020380e+001 -3.3842400e+000 -8.2048100e+000  2.3993700e+000 -7.0040400e+000
  3.0534810e+001 -3.8846800e+000 -1.1004160e+001  3.3973900e+000 -3.2388000e+000
  1.0949450e+001  7.3600000e-003 -2.3276100e+000 -4.0084000e-001 -3.5042700e+000
  3.9272320e+001  5.6911200e+000 -1.0439680e+001 -5.7177100e+000 -7.9138000e+000
  1.9846650e+001 -7.6443000e-001 -4.1949900e+000  3.5887000e-001 -6.0938900e+000
  2.7617450e+001  6.8015300e+000 -1.0476670e+001 -2.8910400e+000 -6.1464100e+000
  1.2502026e+002  8.9734800e+000 -3.6637540e+001 -4.9599400e+000 -4.2905800e+001
  6.3684060e+001  3.9153360e+001 -3.2592590e+001 -9.1334800e+000 -3.9066330e+001
  4.3476370e+001 -8.8598800e+000 -1.1406430e+001 -3.5154000e-001 -1.7513910e+001
 -2.6908700e+000  7.6204000e+000  4.2612820e+001  2.9891890e+001  2.2000110e+001
  3.2317040e+001 -3.7224800e+000 -9.7007600e+000  1.2070000e-001 -1.0803240e+001
  2.7873550e+001 -4.4968100e+000 -7.9501300e+000 -5.2448000e-001 -8.3332500e+000
  6.0433550e+001 -1.0444860e+001 -1.2006260e+001 -7.2030600e+000 -3.5604200e+000
  7.6502720e+001  3.0828050e+001 -4.0959890e+001 -3.1747370e+001 -2.3383450e+001
  8.1574590e+001 -5.8118900e+000 -6.6672590e+001 -4.6410000e+001 -4.1599550e+001
  9.1865030e+001  2.2048340e+001 -8.2816760e+001 -6.7022380e+001 -5.1400980e+001
  1.0305991e+002 -1.1033670e+001 -7.8222890e+001 -2.4083730e+001 -6.4606660e+001
  6.3224220e+001 -2.4606600e+000 -3.9206280e+001 -1.6549240e+001 -2.5978300e+001
  1.0527792e+002  1.3942470e+001 -7.9973900e+000 -1.9202970e+001 -2.7997590e+001
  7.1575110e+001  1.5849700e+000 -2.3338710e+001 -2.1864740e+001 -3.2690890e+001
  4.5601360e+001  6.9034700e+000 -1.1237760e+001 -9.1237700e+000 -1.4348460e+001
  6.5032280e+001  5.3738500e+000 -8.0078100e+000 -1.1636030e+001 -1.5005800e+001
  2.2372685e+002 -1.7665420e+001 -2.2334610e+001 -3.1910250e+001  8.5403000e+000
  1.3626662e+002 -7.9410000e-001 -2.7847000e-001 -5.6159630e+001  3.0520830e+001
  1.0844660e+002 -2.5219450e+001 -1.5892050e+001 -2.6533550e+001  1.0274700e+001
  5.9068300e+001 -1.1875500e+000 -9.4191500e+000 -1.8826170e+001  3.0634400e+000
  4.9136210e+001  1.9413780e+001  8.9820000e-001 -2.2062670e+001  1.4528810e+001
  2.8977490e+001  2.1610560e+001  4.5855000e-001 -1.1139790e+001  7.4646300e+000
  4.2134990e+001  2.2847370e+001  9.7117800e+000 -2.1619730e+001  1.9546590e+001
  4.2832790e+001  2.1551970e+001  8.7776200e+000 -1.9250070e+001  1.3512310e+001
  3.2289500e+001  2.1556150e+001 -1.0547450e+001 -1.6049900e+001  4.8262000e+000
  3.4332210e+001  6.5406000e+000 -1.0272810e+001 -4.0328400e+000 -7.0733000e-001
  3.0483280e+001  1.5597350e+001 -2.9396300e+000 -7.6218200e+000 -3.1298000e-001
  3.3810060e+001  1.5513790e+001 -2.6113000e+000 -2.4273000e+000 -7.3100000e-002
  2.9407040e+001  1.7669630e+001 -8.4265200e+000  3.9838500e+000 -4.4036700e+000
  3.4659660e+001  2.4693240e+001 -5.1265300e+000 -6.2060100e+000  1.1261000e+000
  2.0878600e+001  1.2313380e+001 -4.8970000e-001 -3.4003700e+000  9.9935000e-001
  4.7593820e+001  3.5506160e+001 -3.8063800e+000 -5.9199500e+000 -1.4996900e+000
  4.1413900e+001  3.6546340e+001 -1.5667940e+001 -1.2770600e+000 -2.4333200e+000
  2.2735400e+001  2.0872140e+001 -6.4965200e+000 -1.3562400e+000 -3.6171400e+000
  3.7888180e+001  1.0804740e+001 -6.0136000e-001  1.0376900e+000 -5.8053000e+000
  3.1860380e+001  1.0591600e+001 -2.2882000e+000  9.2137000e-001 -2.7817300e+000
  1.0449113e+002  1.3953370e+001  6.3773400e+000  4.8494200e+000  3.3870300e+000
  9.8927840e+001  1.9370000e+001 -6.8442200e+000 -1.8408600e+000 -6.3523400e+000
  1.7313197e+002  3.3903250e+001 -8.3726800e+000  1.6564700e+001 -2.4552380e+001
  7.9151320e+001  4.6448200e+000 -1.3065600e+000  4.6200200e+000 -6.0872200e+000
  3.0748968e+002 -1.6055440e+001  1.3198456e+002 -4.7438450e+001 -5.8712260e+001
  1.2171237e+003  8.4391460e+001  1.8678449e+002 -6.9671300e+001 -9.1290780e+001
  5.7842550e+002  8.5903410e+001  2.5237029e+002 -8.9056710e+001 -3.7873690e+001
  2.8565660e+002  1.1158133e+002  1.5470237e+002 -2.6012810e+001 -2.6070260e+001
  1.1911636e+002  4.4409400e+001  7.5990840e+001 -1.7043200e+001  1.7588180e+001
  9.6533400e+001  4.5849500e+001  4.8291900e+001 -7.0110000e+000  1.1677600e+001
  7.2278600e+001  2.1696800e+001  2.7217500e+001 -6.0959000e+000  8.2018000e+000
  2.2410197e+002  7.9335120e+001  9.1069820e+001 -3.2264950e+001  2.8324630e+001
  1.2235426e+002  6.1072500e+001  2.4251890e+001 -3.3891140e+001  3.3582940e+001
  5.1734210e+001  2.2771880e+001  5.6624300e+000 -1.2720970e+001  1.0727870e+001
  6.8538400e+001  3.3090130e+001  6.2015200e+000 -2.0777710e+001  1.4073340e+001
  6.6602900e+001  3.3632300e+001 -2.9912000e+000 -1.7783000e+001  1.2534100e+001
  4.5031410e+002  1.1597110e+002  2.7519000e+000 -8.1090100e+001 -7.8721000e+000
  3.0259730e+002  1.2742740e+002  1.5272400e+001 -6.0085100e+001 -2.1062100e+001
  4.3409500e+001  2.5175600e+001  2.9894000e+000 -1.4816600e+001  1.5673000e+000
  1.0016770e+002  2.3620300e+001 -1.4688100e+001 -1.2299800e+001 -1.4297300e+001
  5.2868600e+001  1.8097900e+001 -1.6198000e+000 -2.4227000e+000 -1.2252000e+001
  3.6733880e+001  7.0357800e+000  1.8804700e+000 -1.5393900e+000 -3.9945700e+000
  3.2854900e+001  6.6143000e+000  2.8719000e+000 -5.1971000e+000  6.2210000e-001
  8.2028100e+001  3.3818500e+001  1.5844600e+001 -1.2877400e+001 -6.9900000e-002
  3.0348200e+001  1.8032500e+001  6.5500000e-002 -8.2776000e+000  1.3170000e-001
  4.2930600e+001  2.5294600e+001 -4.1352000e+000 -1.5523500e+001 -1.5412600e+001
  4.8015500e+001  1.9652800e+001 -3.5610000e+000 -7.0273000e+000 -5.0060000e+000
  4.7284500e+001  3.8427400e+001 -2.0352400e+001 -1.3284900e+001 -1.1934300e+001
  3.8809100e+001  2.4176300e+001 -1.2386300e+001 -9.4543000e+000 -7.7391000e+000
  7.8574100e+001  4.8245700e+001  5.5080000e+000 -1.7586900e+001 -3.9372000e+000
