  9.9644700e+000 -1.8947300e+000  1.7275200e+000  8.8997000e-001 -9.6600000e-001
  3.8167720e+001 -8.6668100e+000  4.0876000e+000 -2.3392000e-001 -4.5927600e+000
  3.5333200e+000 -4.1263000e-001  1.8949000e+000 -7.6003000e-001  2.6495700e+000
  8.7904200e+000 -2.3656000e-001  3.5425400e+000  2.2597000e-001  2.8623000e-001
  6.3704200e+000 -1.3598200e+000  1.2209200e+000  7.2384000e-001  4.6428000e-001
  4.9907700e+000 -2.4296000e-001  3.2140000e-001 -3.9425000e-001  1.6254600e+000
  5.6624600e+000  6.5838000e-001 -1.0268000e-001  4.9232000e-001  1.3444600e+000
  2.1845260e+001  6.1321100e+000 -2.2051700e+000  1.8332800e+000 -2.1703600e+000
  8.9256000e+000  8.1110000e-001  3.9110000e-001  1.4442500e+000 -7.4130000e-001
  6.4130700e+000  9.5568000e-001  1.8286700e+000  7.2840000e-002  1.5936700e+000
  1.4299310e+001  2.8809300e+000  3.1166300e+000 -5.2718000e-001 -1.3243600e+000
  2.2298650e+001  1.1827430e+001  3.5477000e+000 -7.3181000e-001 -9.1648000e-001
  4.8513220e+001  9.3954000e-001 -1.4306200e+001  9.6919000e+000 -1.7253620e+001
  3.6959780e+001 -7.6234800e+000 -9.9756800e+000  1.0596780e+001 -1.4736580e+001
  1.7003300e+001  4.9016900e+000  1.6320800e+000  4.9934600e+000 -4.2256900e+000
  2.7702440e+001  6.5334200e+000 -6.8421100e+000  3.4008900e+000 -1.1997200e+001
  9.2705800e+000  4.4682000e-001  1.2556000e+000  6.6666000e-001 -2.8488000e-001
  1.5219970e+001  3.1607800e+000 -5.6565000e-001  2.1542000e-001 -3.1421600e+000
  2.3935700e+001  9.7235800e+000 -7.5169600e+000  3.0896800e+000 -1.1508340e+001
  2.4531910e+001  1.9073900e+000 -1.3141700e+000  1.6046300e+000 -6.1964000e+000
  1.6306870e+001  4.9617400e+000 -7.8265600e+000  7.9130000e-001 -2.4724300e+000
  6.8699400e+000  2.4272000e-001 -5.2452000e-001 -6.1290000e-001 -2.2650000e-001
  1.8625230e+001  8.0838900e+000 -5.0889800e+000 -1.2705000e+000 -1.8147000e+000
  1.8520510e+001  4.4947100e+000 -3.8797400e+000 -3.3413900e+000 -1.9493300e+000
  3.4771740e+001  8.0572200e+000 -1.5443100e+001 -3.1753700e+000 -1.3537520e+001
  3.1492920e+001  8.2240400e+000 -7.7599500e+000 -3.7039300e+000 -7.7384500e+000
  3.1063360e+001  1.6074500e+000 -3.2007700e+000 -2.9406200e+000 -4.8137300e+000
  1.2485754e+002  2.9442950e+001 -7.4316150e+001  7.9785600e+000 -6.2026100e+001
  4.8358550e+001  4.4561000e-001 -1.4674050e+001  9.2569000e-001 -1.8421750e+001
  2.2556170e+001  5.6099400e+000 -3.5544600e+000 -1.3646300e+000 -6.7496900e+000
  1.1526030e+001  6.9107900e+000 -1.4607100e+000 -9.4494000e-001 -2.3189400e+000
  1.6177740e+001  4.2247600e+000 -1.5855000e-001 -3.2586200e+000 -5.2380000e-001
  3.5380990e+001  5.4142600e+000  6.7094600e+000 -4.5945800e+000  3.1078300e+000
  3.4689550e+001  5.0228200e+000 -6.6607000e-001 -2.4520100e+000 -2.1431200e+000
  1.5087780e+001  2.7223000e+000 -1.8742000e+000 -7.0716000e-001  8.1116000e-001
  1.5879910e+001  1.7844500e+000 -2.2685900e+000 -3.4989000e-001 -4.9741000e-001
  1.6056550e+001 -1.6515600e+000 -5.1819000e+000  1.8124000e-001 -2.5543000e-001
  1.4207840e+001 -2.1446000e+000 -2.1060200e+000  1.6194100e+000 -5.9422000e-001
  3.5066490e+001 -8.9030000e-002 -9.9724200e+000  5.0876000e-001  3.2432700e+000
  7.4706140e+001 -8.0241200e+000 -2.4257010e+001  2.8375600e+000  8.2431000e-001
  4.0640680e+001  5.8778000e-001 -1.3222420e+001  2.2640200e+000 -6.0305800e+000
  1.3674074e+002  3.5630000e+000 -2.9515540e+001  8.7310000e+000 -3.9555200e+000
  7.5296800e+001 -1.4709700e+001 -1.2799760e+001  6.8462100e+000 -6.6538000e-001
  6.2191140e+001 -1.7637240e+001 -1.1606080e+001  1.2042000e+000 -7.7439400e+000
  1.8409659e+002 -5.8839230e+001 -3.6095580e+001  1.2545730e+001 -4.1593790e+001
  1.7814188e+002 -7.0321920e+001 -4.8080410e+001  1.8697450e+001 -3.6294340e+001
  8.8833950e+001 -1.0137020e+001 -4.4236000e+000  7.6461600e+000 -1.5588180e+001
  6.4826240e+001 -1.8543730e+001 -5.0203900e+000  9.0516500e+000 -1.0352660e+001
  6.1194640e+001 -1.4988320e+001 -1.6106000e-001  3.6447400e+000 -2.1698700e+000
  4.0902280e+001 -1.5431480e+001  2.8950000e-001  4.6450600e+000  1.7474000e-001
  4.9725460e+001  5.5535000e-001  1.7009300e+001 -9.6548000e-001  5.6728500e+000
  2.8591270e+001 -4.5111400e+000  7.0548200e+000  2.4299700e+000  3.7703000e-001
  2.3572540e+001 -8.6159800e+000 -1.8317500e+000  2.9299000e-001  1.9555300e+000
  3.4846870e+001 -1.0635720e+001 -4.3358900e+000  1.9500500e+000 -3.2309000e-001
  2.0514470e+001 -5.9835200e+000 -1.9626000e+000  2.0259600e+000 -7.0646000e-001
  1.8327680e+001 -6.5770000e+000 -3.8661600e+000  1.6644200e+000 -3.9104000e-001
  2.1187300e+001 -7.1322000e+000 -5.5909500e+000  1.9222200e+000  1.3738800e+000
  3.3202730e+001 -7.9035400e+000 -1.1046390e+001  5.9667100e+000 -2.9068000e-001
  2.9831180e+001 -1.2033140e+001 -1.0709700e+001  5.9518300e+000 -8.8487000e-001
  2.9658480e+001 -8.3746800e+000 -9.4143900e+000  6.1275700e+000 -2.0996800e+000
  5.1856990e+001  4.9048600e+000 -1.2649760e+001  8.9221500e+000 -5.8369400e+000
  6.7060370e+001  2.8814400e+000 -2.2159980e+001  1.7335280e+001 -8.8114600e+000
  1.8845880e+001 -1.8098500e+000 -4.0065600e+000  2.9298300e+000 -6.6807000e-001
  2.3606200e+001 -2.2136100e+000 -3.6204800e+000  4.6692100e+000 -2.1318800e+000
  3.0422110e+001 -5.5455800e+000 -7.1235100e+000  8.0794800e+000 -4.3896600e+000
  5.7471020e+001  3.7559900e+000 -9.1786900e+000  4.7000100e+000 -7.7431700e+000
  8.9968690e+001  1.1659510e+001 -9.7311100e+000 -7.2386400e+000 -1.6085600e+000
  5.4247950e+001 -1.3353130e+001 -1.0691270e+001  6.1274600e+000 -4.9007200e+000
  5.6485160e+001 -7.6251600e+000 -2.5300920e+001  1.4765520e+001 -1.3875080e+001
  6.9279980e+001 -1.4308120e+001 -3.0697850e+001  1.0185270e+001 -1.6642390e+001
  5.0114480e+001 -1.0395440e+001 -2.2200110e+001  5.3686700e+000 -8.7548400e+000
  2.9886960e+001 -8.0832800e+000 -1.0404930e+001  2.1085800e+000 -4.9680900e+000
  6.0238940e+001 -2.1710100e+000 -3.6179090e+001  7.5131900e+000 -2.0500320e+001
  3.9117430e+001 -1.1521440e+001 -2.0817260e+001  4.7014000e+000 -1.1857580e+001
  6.0795380e+001 -1.3304340e+001 -5.1314780e+001  1.6593320e+001 -2.8778440e+001
  3.4797250e+001 -9.7482200e+000 -1.8988070e+001  7.1869700e+000 -1.1050630e+001
  8.0628300e+001 -3.7556480e+001 -1.6536240e+001 -1.2705100e+000 -1.2195550e+001
  1.1467105e+002 -3.7308600e+001 -3.1224650e+001  8.0585400e+000 -1.5773720e+001
  6.8565750e+001 -2.1193870e+001 -1.7248340e+001  2.1215700e+000 -9.6144300e+000
  3.7143940e+001 -3.4688200e+000 -8.3298600e+000 -1.3002800e+000 -3.8480200e+000
  3.7181760e+001 -1.1750200e+001 -1.3171000e+001 -4.3607700e+000  1.6617000e-001
  1.7860840e+001 -7.4956700e+000 -5.1581700e+000 -1.3306600e+000  5.4733000e-001
  3.7721900e+001 -1.2236070e+001 -1.9333910e+001 -4.0537400e+000 -4.0168500e+000
  3.0187240e+001 -1.4561700e+001 -8.9664100e+000 -3.5202500e+000 -1.5754700e+000
  4.4171460e+001 -1.4629490e+001 -2.2017380e+001 -5.3787300e+000 -1.3011540e+001
  2.5037700e+001 -1.0875800e+001 -9.7015400e+000 -2.4961900e+000 -5.9743400e+000
  2.0596200e+001 -8.1578300e+000 -9.5289400e+000 -4.3832000e-001 -4.7658900e+000
  1.4641140e+001 -6.8445600e+000 -5.1958200e+000 -2.2826000e-001 -3.3785600e+000
  1.5208870e+001 -3.3811800e+000 -3.8478300e+000 -1.0741300e+000 -1.3048700e+000
  2.2342370e+001 -8.6656800e+000 -5.2013600e+000  6.8916000e-001 -8.6145000e-001
  3.5099700e+001 -1.8571660e+001 -2.6885300e+000  3.2989000e-001 -9.3838000e-001
  4.0093250e+001 -1.8596430e+001 -9.9284100e+000 -1.8972900e+000 -1.3540000e-002
  6.8502650e+001 -1.6232060e+001 -2.2186510e+001 -1.3695000e-001 -5.6071700e+000
  3.1920830e+001 -1.4977320e+001 -5.5184900e+000 -1.4991800e+000  5.7178000e-001
  5.2853560e+001 -1.3102780e+001 -1.6005140e+001  8.4013000e-001 -3.9700700e+000
  6.0981980e+001 -2.8806930e+001 -5.0663000e+000  1.2723400e+000 -2.8435000e+000
  3.6310380e+001 -1.9389580e+001 -6.3315700e+000  5.1809800e+000 -1.1252800e+000
  7.0375445e+002 -1.2333087e+002 -1.4459170e+002 -1.5569440e+001 -5.3734800e+001
  1.0172616e+002 -4.8309870e+001 -2.4304970e+001  6.2646500e+000 -9.4429300e+000
  6.8125440e+001 -3.2793420e+001 -8.2547800e+000  3.2070700e+000 -5.0613400e+000
  3.6876030e+001 -2.0458430e+001 -9.2928600e+000  2.5430500e+000 -5.3483400e+000
  2.4633640e+001 -1.3537250e+001 -6.1325000e+000  3.5130500e+000 -2.6708300e+000
  2.8387400e+001 -1.1031700e+001 -4.5168000e+000  7.5314000e-001 -4.1495600e+000
  1.9205340e+001 -9.5110200e+000 -4.6984800e+000  6.3686000e-001 -3.4595200e+000
  2.0063360e+001 -1.0762730e+001 -3.3709200e+000  1.9762900e+000 -1.4349000e+000
  5.1514220e+001 -1.9868670e+001 -9.2767300e+000  4.1750400e+000 -2.7953500e+000
  3.9295420e+001 -1.4883010e+001 -9.6429300e+000  6.9547500e+000 -5.4626700e+000
  2.7288720e+001 -1.2855110e+001 -5.1604200e+000  3.3302000e+000 -1.6623300e+000
  8.8952700e+001 -2.7644800e+000 -4.0735690e+001  2.4463690e+001 -3.4780450e+001
  7.6872190e+001 -2.7679340e+001 -2.3938730e+001  1.5599740e+001 -2.5726310e+001
  6.8598050e+001 -1.3576340e+001 -1.8256080e+001  1.6368010e+001 -1.7330730e+001
  4.2343630e+001 -1.3424210e+001 -7.2285000e+000  6.0525400e+000 -4.2093600e+000
  3.3537590e+001 -7.7188000e+000 -2.8750000e+000  3.9665200e+000 -5.4015600e+000
  4.2773880e+001 -6.8735800e+000 -3.4698800e+000 -2.8158000e-001 -5.7223600e+000
  1.4914650e+001  1.0755000e+000  4.1644000e+000  1.8529500e+000 -1.2550000e-002
  2.6194080e+001 -1.3329100e+000 -3.7773200e+000  2.0255500e+000 -9.0676000e-001
  2.4140340e+001 -5.3119400e+000 -6.9460800e+000 -1.9438400e+000 -1.2213800e+000
  1.5359620e+001 -3.0446900e+000 -4.4182600e+000 -6.4094000e-001 -4.0077000e-001
  2.0174650e+001 -5.6146700e+000 -1.1808700e+000 -1.1394500e+000  2.6430800e+000
  9.8357800e+000 -7.2248400e+000  1.7304500e+000 -6.1480000e-001  2.6692000e+000
  8.9673100e+000 -3.4685300e+000 -1.5143000e+000 -3.5902000e-001  4.2000000e-003
  5.2209000e+000 -2.9124700e+000  7.2006000e-001 -1.9540000e-002 -3.2891000e-001
  2.3891520e+001  5.4196000e-001 -2.3599200e+000 -4.2370700e+000 -2.3649500e+000
  2.5095720e+001  1.6635000e+000 -4.0605900e+000 -3.1020000e+000 -4.8140800e+000
  1.2534530e+001 -5.2568500e+000 -7.2439000e-001 -1.7927800e+000 -7.1402000e-001
  2.4663050e+001 -2.9954600e+000 -5.2093300e+000 -9.8385000e-001 -1.9784300e+000
  1.0762560e+001 -3.0629000e-001  3.7496000e-001 -2.6388400e+000 -6.5823000e-001
  1.4163530e+001 -6.4188400e+000 -1.9821300e+000 -3.6707000e-001 -8.8430000e-001
  1.2541900e+001  9.6440000e-001 -2.3377300e+000 -1.1626100e+000 -3.6208700e+000
  1.4220290e+001  8.5389000e-001 -3.7717700e+000 -3.7390900e+000 -2.4922800e+000
  3.0417490e+001 -1.1860250e+001 -7.0465300e+000  8.4089000e-001 -6.3261000e-001
  1.2505350e+001 -2.2667300e+000 -2.9956000e+000 -1.3394900e+000 -1.3182300e+000
  3.2681270e+001 -2.7792900e+000 -1.9514410e+001 -9.6495000e-001 -1.3064280e+001
  1.6268100e+001 -7.6386800e+000 -1.9090800e+000  1.9314600e+000  1.6882000e-001
  2.9602480e+001 -1.7340540e+001 -9.3257100e+000  7.1890700e+000 -1.5564400e+000
  5.1499210e+001 -2.5083280e+001 -1.4071660e+001  1.2141590e+001 -1.7262000e+000
  4.3541650e+001 -2.7935840e+001 -1.0210410e+001  6.6918600e+000 -5.3992700e+000
  1.0522132e+002 -1.7247480e+001 -3.9585880e+001  1.1997900e+000 -2.1858700e+001
  4.1375550e+001 -1.1719930e+001 -1.1054290e+001  5.7015700e+000 -8.1356900e+000
  4.0687250e+001 -9.0952700e+000 -1.3547170e+001  1.3217600e+000 -3.8974100e+000
  1.4638126e+002 -3.1789020e+001 -4.3151940e+001  1.6661600e+000 -3.9772500e+001
  7.8505460e+001 -8.7755400e+000 -3.1621990e+001 -7.5588000e-001 -2.8741030e+001
  4.9892970e+001 -2.1829180e+001 -1.4276830e+001 -2.4332400e+000 -1.2074610e+001
  5.5317300e+000 -6.2497000e+000  4.0022120e+001  1.9535790e+001  2.4098710e+001
  4.0399940e+001 -1.3348680e+001 -9.5571600e+000 -1.4914000e+000 -6.5218400e+000
  3.4172650e+001 -2.2026010e+001  4.4313700e+000 -4.6388000e-001 -1.7652500e+000
  7.6847650e+001 -1.2643946e+002  4.7833040e+001  8.5903340e+001  1.3193580e+001
  1.6664220e+001 -4.4709750e+001  2.4678110e+001  3.5775830e+001  1.5754850e+001
  1.7193590e+001 -3.2775900e+000  3.3174100e+000 -6.6040000e-001  5.8157500e+000
  5.1838930e+001 -4.3698600e+000 -1.6980360e+001 -2.5215800e+000  2.8576200e+000
  7.1768410e+001 -1.0423170e+001 -1.9075690e+001 -3.7114300e+000  3.1156400e+000
  8.4704420e+001 -1.5276160e+001 -3.9322380e+001 -1.5433640e+001 -2.3505300e+001
  1.3254142e+002 -3.2679300e+000 -2.3860900e+000 -1.8963870e+001 -3.0577790e+001
  7.2035310e+001 -7.8425300e+000 -1.8340210e+001 -2.0765440e+001 -3.0591290e+001
  5.9510460e+001 -4.2464300e+000 -7.4916600e+000 -6.7200700e+000 -1.4123660e+001
  7.6495580e+001 -7.3326500e+000 -2.2104710e+001 -4.5216300e+000 -2.2316100e+001
  2.7476185e+002 -4.3835120e+001 -4.1702610e+001 -1.7707550e+001  9.6616000e+000
  2.2335822e+002 -3.8768200e+001 -2.4024570e+001 -5.7689430e+001  3.4936930e+001
  1.2891880e+002 -3.4080750e+001 -1.6304850e+001 -2.6722550e+001  1.1037700e+001
  6.9756600e+001 -7.8856500e+000 -1.4644850e+001 -1.7321370e+001  3.8332400e+000
  4.6177710e+001  9.3508800e+000  2.3387000e+000 -2.0558970e+001  1.4354310e+001
  3.2237690e+001  1.2862760e+001  1.4682500e+000 -9.5661900e+000  6.6884300e+000
  4.0721390e+001  1.6922770e+001  1.6052800e+000 -1.9625030e+001  1.8941690e+001
  4.2283890e+001  2.0397970e+001  7.2562200e+000 -1.6585470e+001  1.3219510e+001
  3.6572000e+001  2.0597050e+001 -1.3390850e+001 -1.4960200e+001  4.7298000e+000
  2.8837510e+001  7.7119000e+000 -1.1222100e+000 -2.3659400e+000 -1.0185300e+000
  3.2985480e+001  1.3341050e+001 -7.6253000e-001 -6.9061200e+000  2.0409200e+000
  5.1303860e+001  2.1066290e+001  2.1707000e+000 -4.1004000e+000 -1.4286000e+000
  2.4944240e+001  1.2033130e+001 -6.8212200e+000  1.0798500e+000 -1.7637700e+000
  2.8019360e+001  1.1149240e+001  3.6237000e-001  2.1733900e+000 -1.4740000e+000
  2.1331100e+001  6.3629800e+000 -4.8820000e-001  6.9530000e-002  3.0450000e-002
  5.3119120e+001  2.9525860e+001 -8.4158000e-001 -3.7171500e+000 -7.9979000e-001
  3.8303000e+001  2.7077440e+001 -1.2702640e+001  7.9740000e-002 -3.7737200e+000
  1.6708300e+001  1.0881940e+001 -3.1885200e+000  8.7636000e-001 -2.6760400e+000
  3.9169780e+001  9.5016400e+000  9.3140000e-002  1.7048900e+000 -2.7512000e+000
  3.1724580e+001  5.0431000e+000  1.6521000e+000  3.2777000e-001 -1.1727300e+000
  9.9800530e+001  7.2004700e+000  3.0983400e+000  5.7840200e+000  7.2153000e-001
  1.0719594e+002  1.2724900e+001 -5.8514200e+000  2.7313400e+000 -7.4611400e+000
  1.7036867e+002  1.9113650e+001 -1.3750180e+001  1.6977000e+001 -2.4549280e+001
  7.2965820e+001  5.7299200e+000 -4.4948600e+000  6.7065200e+000 -8.5717200e+000
  2.8170368e+002 -3.7387740e+001  1.1446196e+002 -3.8969650e+001 -5.5972360e+001
  1.3019637e+003 -9.1230400e+000  1.5464919e+002 -6.4315200e+001 -9.5145380e+001
  4.6547440e+002  5.2226710e+001  1.9218269e+002 -7.2417310e+001 -4.0915990e+001
  2.4097250e+002  7.3212630e+001  1.2415487e+002 -2.4976610e+001 -1.9372660e+001
  1.1167446e+002  2.7137200e+001  7.0138840e+001 -1.9494400e+001  1.1856480e+001
  9.8255700e+001  3.2477600e+001  4.8919800e+001 -1.2604900e+001  1.3570100e+001
  6.2816700e+001  1.3445800e+001  2.9465900e+001 -4.3190000e+000  8.0102000e+000
  1.9650067e+002  5.0314920e+001  7.7525520e+001 -2.9645850e+001  2.3875130e+001
  1.0546736e+002  4.0840500e+001  1.9111290e+001 -2.6156940e+001  2.8448640e+001
  4.6718510e+001  1.5705980e+001  2.8331300e+000 -8.6487700e+000  8.9245700e+000
  6.0276400e+001  2.5386530e+001  5.7004200e+000 -1.9395810e+001  1.3169240e+001
  5.4305600e+001  2.5596000e+001 -7.2430000e-001 -1.5434700e+001  1.0943200e+001
  3.7111680e+002  8.4333100e+001  8.9968000e+000 -6.8395600e+001 -4.1596000e+000
  2.5103900e+002  9.1907400e+001  2.1104200e+001 -5.5077600e+001 -1.3935300e+001
  3.6857000e+001  1.5475200e+001  3.0478000e+000 -1.0534100e+001 -2.3861000e+000
  9.1535900e+001  2.2902700e+001 -1.1831000e+001 -1.0548400e+001 -1.2559500e+001
  3.9053300e+001  6.9288000e+000  2.7018000e+000  7.1230000e-001 -8.0730000e+000
  4.3793980e+001  1.8259800e+000  3.8816700e+000  1.6178100e+000 -3.3646700e+000
  3.2318100e+001  3.4324000e+000  5.8733000e+000 -5.8291000e+000  7.4590000e-001
  5.6843400e+001  1.5854900e+001  9.6360000e+000 -6.8065000e+000  1.0641000e+000
  2.4912700e+001  4.8394000e+000 -1.7660000e-001 -4.4888000e+000  2.0290000e-001
  3.1356900e+001  4.2374000e+000 -1.6602000e+000 -6.0207000e+000 -2.7388000e+000
  3.8149800e+001  1.0717800e+001 -3.7318000e+000 -4.7507000e+000 -3.3628000e+000
  2.8820300e+001  1.1338000e+001 -7.0251000e+000 -5.5115000e+000 -5.4549000e+000
  2.2732300e+001  3.1955000e+000 -4.3441000e+000 -2.4083000e+000 -2.7013000e+000
  6.4875800e+001  5.2008000e+000  5.5960000e-001 -8.9885000e+000 -2.6114000e+000
