  7.3078700e+000 -1.1846300e+000  2.5115200e+000  1.0875700e+000 -1.9097000e+000
  4.4566120e+001 -5.0166100e+000  4.7932000e+000 -2.5356200e+000 -5.2996600e+000
  3.4646200e+000  2.5210700e+000  5.2569000e+000 -2.7261300e+000  1.8789700e+000
  1.2001120e+001 -7.4736000e-001  6.2947400e+000 -9.4903000e-001 -1.6276700e+000
  7.5769200e+000 -1.0807200e+000  2.1625200e+000 -1.4580600e+000 -1.2021200e+000
  1.0543770e+001  5.6304000e-001  4.6026000e+000 -1.8487500e+000 -2.1369400e+000
  9.2605600e+000  2.3678000e-001  8.4072000e-001 -9.9438000e-001 -3.6874400e+000
  3.6301660e+001  1.5149510e+001 -2.9871700e+000  3.4649800e+000 -7.4069600e+000
  1.1427400e+001  1.7779000e+000  2.8561000e+000  7.8055000e-001 -3.0175000e+000
  4.1696700e+000  4.0007800e+000  9.7437000e-001 -3.5085600e+000 -1.1725300e+000
  2.9059910e+001  2.1090930e+001  9.8658300e+000 -7.1133800e+000 -6.3000600e+000
  5.7293950e+001  3.3555730e+001  6.9686000e+000 -4.6997100e+000 -7.0547800e+000
  8.0305420e+001  6.7041400e+000 -2.5742200e+001  1.5116200e+001 -3.3897620e+001
  5.3142780e+001  2.9982000e-001 -1.8796780e+001  1.5015780e+001 -3.0071880e+001
  1.9946800e+001  5.8553900e+000  6.5448000e-001  1.2573600e+000 -5.8323900e+000
  3.5913840e+001  1.3752720e+001 -7.0161100e+000  2.2274900e+000 -1.6622000e+001
  1.4419180e+001  5.7300200e+000 -2.1000000e-003  2.3673600e+000 -4.0476800e+000
  2.2011370e+001  9.0075800e+000 -5.5881500e+000  3.8343200e+000 -9.8001600e+000
  3.7924100e+001  1.3751580e+001 -1.3748660e+001  3.7438800e+000 -2.1333140e+001
  2.3243710e+001  4.8483900e+000 -2.2124700e+000  4.6093000e-001 -7.8253000e+000
  2.1439370e+001  5.7193400e+000 -1.2244660e+001 -5.3800000e-002 -8.2642300e+000
  9.8938400e+000  2.9903200e+000 -1.4874200e+000 -2.5476000e+000 -3.9280000e+000
  2.5011630e+001  9.2336900e+000 -5.6552800e+000 -2.2289000e+000 -1.9419000e+000
  2.4753910e+001  6.2121100e+000 -4.4309400e+000 -4.8831900e+000 -1.3327300e+000
  5.5395240e+001  1.1739320e+001 -2.8050200e+001 -3.5739700e+000 -2.3820320e+001
  3.3986020e+001  1.1160540e+001 -1.1976150e+001 -5.5387300e+000 -1.1100350e+001
  2.5482860e+001  3.2823500e+000 -1.5741700e+000 -5.3601200e+000 -5.4382300e+000
  1.5981314e+002  4.3694850e+001 -9.6222650e+001  7.2489600e+000 -7.8310800e+001
  3.5925950e+001  7.9741100e+000 -1.1559650e+001 -1.5285100e+000 -1.4434350e+001
  2.0762770e+001  8.3172400e+000 -2.6609600e+000 -2.9387300e+000 -7.1903900e+000
  1.5779730e+001  9.6097900e+000 -2.7848100e+000 -1.2676400e+000 -6.5592400e+000
  1.7288040e+001  4.1587600e+000 -1.1242500e+000 -4.7523200e+000 -1.5879000e+000
  2.6191390e+001  4.7182600e+000  3.7134600e+000 -3.6167800e+000 -3.0340700e+000
  4.2469850e+001  7.1994200e+000 -1.3736700e+000 -4.0687100e+000 -4.2814200e+000
  1.0960980e+001  5.2722000e+000 -1.4824000e+000 -2.2231600e+000  6.4460000e-002
  1.1430010e+001  1.5658500e+000 -2.2897900e+000 -4.1859000e-001 -1.0517100e+000
  1.2592750e+001 -1.3576000e-001 -3.2969000e+000 -1.0600000e-003 -1.6597300e+000
  1.2102040e+001 -2.3593000e+000 -2.3158200e+000  1.5433100e+000 -6.3442000e-001
  2.2482190e+001  4.8597000e-001 -6.4964200e+000 -1.3434000e-001  1.1880700e+000
  6.0258740e+001  5.9366800e+000 -2.0598310e+001 -8.5764000e-001  1.2417100e+000
  2.7144680e+001  4.6519800e+000 -7.6272200e+000 -1.2677800e+000 -3.4090800e+000
  1.0915524e+002  7.9463000e+000 -1.9309840e+001  1.5178000e+000  1.5743800e+000
  5.8169700e+001 -5.7002000e+000 -1.7187600e+000 -5.8268900e+000  5.0843200e+000
  5.8595940e+001 -1.0758740e+001 -7.5682800e+000 -4.8316000e+000 -5.5487400e+000
  1.5989269e+002 -4.1414330e+001 -2.4449080e+001  3.4810300e+000 -2.9170490e+001
  1.1226238e+002 -4.0225620e+001 -2.7806510e+001  5.2395500e+000 -1.8154340e+001
  5.2171250e+001  2.6618000e-001 -3.9641000e+000  4.2532600e+000 -8.6334800e+000
  4.4268340e+001 -8.4987300e+000 -4.8128900e+000  1.7334500e+000 -4.4561600e+000
  5.4054440e+001 -1.2225820e+001 -1.3531600e+000  1.3466400e+000 -2.4767000e-001
  3.1225080e+001 -5.7858800e+000  1.8643000e+000  1.7031600e+000  2.1748400e+000
  3.0178660e+001  7.4455000e-001  1.0368400e+001 -6.3978000e-001  4.6424500e+000
  1.8721970e+001 -2.6772400e+000  4.0683200e+000  1.4771700e+000  2.3743000e-001
  1.3367040e+001 -3.2141800e+000 -1.0327500e+000  3.4399000e-001  7.6793000e-001
  2.3710070e+001 -5.7268200e+000 -7.0749000e-001 -2.6455000e-001  1.2607100e+000
  1.1119870e+001 -1.8860200e+000 -8.4830000e-001  8.7326000e-001  3.4604000e-001
  7.4806800e+000 -3.0324000e+000 -1.3413600e+000  3.5182000e-001 -1.9424000e-001
  1.4867800e+001 -2.6980000e+000 -2.8577500e+000 -8.9598000e-001  8.3618000e-001
  2.6809330e+001 -3.5822400e+000 -7.4324900e+000  2.6730100e+000 -4.9918000e-001
  2.1026180e+001 -6.7496400e+000 -7.0173000e+000  3.7855300e+000 -2.2847000e-001
  1.9539080e+001 -3.6597800e+000 -5.8032900e+000  4.0114700e+000 -1.5387800e+000
  3.9281290e+001  1.6490660e+001 -6.2694600e+000  3.5715500e+000 -4.7987400e+000
  5.4089470e+001  9.9915400e+000 -1.7392080e+001  1.1088980e+001 -7.8578600e+000
  1.2947180e+001  4.1295000e-001 -3.1150600e+000  1.8642300e+000 -8.9157000e-001
  1.6903500e+001 -5.7921000e-001 -2.5860800e+000  1.6419100e+000 -1.9885800e+000
  2.0608910e+001 -1.5432800e+000 -3.2017100e+000  2.9327800e+000 -3.3566000e-001
  6.4981720e+001  1.5431290e+001 -8.9442900e+000  8.8641000e-001 -7.9348700e+000
  1.1419429e+002  3.8970610e+001 -5.6102100e+000 -2.6042740e+001  6.9912400e+000
  5.8200650e+001 -1.3009230e+001 -1.3209570e+001  5.5200600e+000 -5.2901200e+000
  6.5117160e+001 -5.1121600e+000 -3.2152320e+001  1.5270220e+001 -2.0058380e+001
  8.2320880e+001 -1.3506320e+001 -4.4902950e+001  1.3692970e+001 -2.1997490e+001
  5.4920080e+001 -7.2523400e+000 -2.5249810e+001  1.4577700e+000 -1.2342940e+001
  2.8303360e+001 -1.0699480e+001 -1.5283730e+001  1.5898800e+000 -6.5921900e+000
  7.1473840e+001 -1.2173100e+000 -4.8943190e+001  1.1698990e+001 -3.1327920e+001
  6.7718030e+001 -2.1779540e+001 -3.7616060e+001  7.9086000e+000 -2.0326680e+001
  9.2935380e+001 -2.1621240e+001 -8.0411780e+001  2.5884820e+001 -4.5890440e+001
  5.1518150e+001 -1.8863020e+001 -3.0533570e+001  1.1156570e+001 -1.7410330e+001
  1.0846430e+002 -4.7158480e+001 -2.7215240e+001  1.4854900e+000 -1.8652150e+001
  1.3410585e+002 -4.4982600e+001 -3.8874250e+001  1.2854440e+001 -2.4573920e+001
  9.8153750e+001 -2.7607170e+001 -3.1705140e+001  4.8414700e+000 -1.7868030e+001
  4.4617540e+001 -7.6370200e+000 -7.9397600e+000 -5.5546800e+000 -3.2227200e+000
  4.1859460e+001 -7.8069000e+000 -1.4248800e+001 -3.8942700e+000 -6.4613000e-001
  2.3713640e+001 -8.0350700e+000 -8.8687700e+000 -8.8096000e-001 -1.3147000e-001
  3.0243000e+001 -8.3260700e+000 -1.0375910e+001 -4.5083400e+000 -9.9995000e-001
  2.0330940e+001 -8.3840000e+000 -3.1927100e+000 -6.2615500e+000  7.5493000e-001
  4.3414760e+001 -7.1585900e+000 -1.6833580e+001 -1.2136830e+001 -9.8846400e+000
  1.8961100e+001 -6.9817000e+000 -4.5886400e+000 -2.4614900e+000 -9.0374000e-001
  2.8419600e+001 -1.1611730e+001 -1.0946640e+001 -2.6061200e+000 -4.3493900e+000
  1.3821340e+001 -5.9172600e+000 -6.5169200e+000 -1.4317600e+000 -4.3848600e+000
  1.9082970e+001 -1.9292800e+000 -7.8201300e+000 -3.2028300e+000 -4.0603700e+000
  1.4752370e+001 -9.4668000e-001 -8.3036000e-001 -1.9982400e+000  4.6952500e+000
  1.5241300e+001 -5.4150600e+000 -1.3713000e-001 -1.6832100e+000  2.2853200e+000
  2.4014550e+001 -1.2858630e+001 -4.4886100e+000 -5.3682900e+000 -2.2899400e+000
  4.1683750e+001 -8.8855600e+000 -1.0242810e+001 -5.5573500e+000  2.2365300e+000
  2.2618630e+001 -8.8524200e+000 -1.9452900e+000 -1.4660800e+000  2.6996800e+000
  4.5414560e+001 -3.8722800e+000 -1.3996340e+001  1.1435300e+000  1.6984300e+000
  1.7753580e+001 -7.3563000e-001  1.0948000e+000 -2.8380600e+000  6.8302000e+000
  3.1584280e+001 -1.3590480e+001 -4.3745700e+000  1.0231800e+000  5.3334200e+000
  7.2993855e+002 -4.9110370e+001 -1.6156670e+002 -3.3745040e+001 -6.5292200e+001
  9.2424860e+001 -3.7272770e+001 -1.9856970e+001  3.4571500e+000 -7.3245300e+000
  5.0547340e+001 -2.3586820e+001 -4.9066800e+000  5.6917000e-001 -2.0903400e+000
  5.1147300e+000 -8.9563000e-001 -1.5890600e+000  4.6055000e-001 -1.7342400e+000
  3.7446400e+000  2.2848500e+000 -1.9300000e+000 -1.4695000e-001 -7.4773000e-001
  1.0599100e+001 -3.2329000e+000 -1.8986000e+000 -6.3086000e-001 -1.3212600e+000
  1.1327840e+001 -6.0684200e+000 -3.0902800e+000  1.4240600e+000 -2.6004200e+000
  8.6506600e+000 -2.1214300e+000 -1.1807200e+000  2.1729000e-001 -8.4460000e-001
  3.3631320e+001  3.1330300e+000 -6.7598300e+000  9.3674000e-001 -4.6421500e+000
  1.4810620e+001  3.4704900e+000 -3.8309300e+000  7.0915000e-001 -3.7274700e+000
  1.1469520e+001 -5.3089100e+000 -1.5608200e+000  7.5440000e-001 -1.4982300e+000
  6.0357000e+001  3.8482200e+000 -3.0228390e+001  1.6013490e+001 -2.4529450e+001
  2.0920890e+001  3.0530600e+000 -5.8456300e+000  2.6430400e+000 -7.0906100e+000
  1.9909750e+001  7.2304600e+000 -6.8058000e-001  2.5241100e+000 -4.4298300e+000
  1.7163530e+001 -2.1466100e+000 -3.4536000e+000  2.5785400e+000  5.2534000e-001
  1.8274990e+001 -1.0420000e+000  8.0400000e-002  1.2957200e+000 -2.2282600e+000
  1.8331480e+001  2.9617200e+000  7.2245200e+000 -5.9323800e+000  3.1233400e+000
  7.3359500e+000  6.2463000e+000  9.7601000e+000 -2.6930500e+000  2.8323500e+000
  1.2745980e+001  1.1986900e+000 -1.4812000e-001  8.6815000e-001  8.3674000e-001
  1.2853740e+001 -3.0522400e+000 -4.5920800e+000 -2.1971400e+000 -1.9460800e+000
  1.4248320e+001  2.0190100e+000 -1.1304600e+000 -3.2525400e+000  4.4163000e-001
  9.3382500e+000  9.0763000e-001  5.6233000e-001 -3.5449500e+000  2.5772800e+000
  7.4951800e+000  4.0089600e+000  3.0425500e+000 -2.9260000e-001  3.8724000e+000
  2.6844100e+000  7.2667000e-001  9.8350000e-001 -2.7021200e+000  3.0750000e-001
  5.6823000e+000  4.8550300e+000 -3.0478400e+000 -7.5844000e-001 -1.3048100e+000
  2.7073620e+001  3.4950600e+000 -2.5595200e+000 -5.0960700e+000 -3.0984500e+000
  2.3726920e+001  4.9517000e+000 -4.9708900e+000 -2.7311000e+000 -5.5498800e+000
  5.3452300e+000  2.6965000e-001  4.2211000e-001 -2.0059800e+000  1.8328000e-001
  6.2962500e+000  3.8446400e+000  1.8277000e-001 -2.5562500e+000  1.1342700e+000
  2.5045600e+000  1.6785100e+000 -9.0344000e-001 -3.0133400e+000 -3.6403000e-001
  4.3335300e+000  2.3613600e+000 -4.8884300e+000  3.2473000e-001 -2.8035000e+000
  1.8473700e+001  5.5386000e+000 -5.5823300e+000 -3.7741000e-001 -7.5041700e+000
  1.2195090e+001  2.0641900e+000 -2.9320700e+000 -3.0569900e+000 -6.9378000e-001
  1.7039690e+001 -2.1191500e+000 -4.6359300e+000 -1.0665100e+000 -1.5708100e+000
  6.0793500e+000  1.6085700e+000 -3.2294000e+000 -3.3475900e+000 -3.0921300e+000
  2.2543370e+001  2.1332100e+000 -1.4299010e+001 -2.6363500e+000 -8.3106800e+000
  9.5009000e+000 -4.0290800e+000 -3.1938000e-001  1.5576000e-001  9.3942000e-001
  1.4077680e+001 -7.3802400e+000  3.4059000e-001  5.0811700e+000  4.2529600e+000
  2.6731910e+001 -9.4904800e+000 -9.2172600e+000  5.8890900e+000  1.5943000e+000
  1.0673750e+001 -4.8993400e+000 -1.8638100e+000 -3.7124000e-001 -8.5657000e-001
  5.9262220e+001  4.4436200e+000 -2.1692380e+001 -6.4905100e+000 -1.6040700e+001
  3.1294550e+001 -2.1422300e+000 -1.1276890e+001  2.4740700e+000 -8.7857900e+000
  3.7782850e+001 -1.2743700e+000 -1.0301870e+001  9.0406000e-001 -9.0737100e+000
  1.0316576e+002 -1.1724200e+000 -4.1218040e+001 -1.5035400e+000 -3.5865300e+001
  6.2811960e+001  2.4199860e+001 -2.3544590e+001 -5.4319800e+000 -2.6294030e+001
  2.4145170e+001 -5.9267800e+000 -6.1374300e+000 -6.3125400e+000 -1.0772110e+001
 -1.0476070e+001  1.2984800e+001  3.5888820e+001  1.5330690e+001  2.3225410e+001
  2.0457140e+001 -3.8234800e+000 -4.2214600e+000 -6.9760000e-001 -2.4512400e+000
  3.3991250e+001 -9.5299100e+000 -2.9237300e+000 -6.8837800e+000 -5.4856500e+000
  6.8416150e+001 -6.4165360e+001  1.8109540e+001  3.4256640e+001  1.1645780e+001
  2.7405220e+001  2.2791500e+000 -9.9720900e+000 -1.4535270e+001 -6.2107500e+000
  1.8544190e+001  5.7550100e+000  6.5221000e-001 -2.1964000e+000  4.0420500e+000
  7.0768230e+001 -9.1386600e+000 -3.1481160e+001 -8.7755800e+000 -2.4495280e+001
  9.1323510e+001 -5.1150700e+000 -4.0470390e+001 -1.8801030e+001 -2.2925860e+001
  6.9195420e+001 -6.7785600e+000 -2.8878380e+001 -1.7687540e+001 -1.4572400e+001
  9.9025120e+001 -2.1390300e+000 -5.8349000e-001 -1.2464470e+001 -2.0478690e+001
  5.0415410e+001  1.0605700e+000 -1.2217910e+001 -2.1490740e+001 -2.6068090e+001
  3.5949160e+001 -6.6547300e+000 -2.5083600e+000 -3.9719700e+000 -7.2150600e+000
  3.9846380e+001 -7.2389500e+000 -1.7772910e+001 -6.3413000e-001 -1.3864500e+001
  2.5535215e+002 -4.8921520e+001 -2.7024110e+001 -2.0971550e+001  5.4948000e+000
  1.9718212e+002 -1.6706400e+001 -6.6995700e+000 -6.9105530e+001  3.0653430e+001
  8.6874400e+001 -2.1958550e+001 -1.2661750e+001 -1.2365650e+001  5.7485000e+000
  6.4928500e+001 -1.5988500e+000 -1.2428250e+001 -2.2562870e+001  3.2038400e+000
  3.8288210e+001  1.7881880e+001  2.5137000e+000 -1.3171370e+001  1.0470010e+001
  4.3110690e+001  3.7292360e+001  3.2345000e-001 -1.6944090e+001  1.2117030e+001
  4.8835890e+001  3.0783270e+001  1.2658180e+001 -2.8867730e+001  2.5440090e+001
  5.4778590e+001  2.6155470e+001  1.2717020e+001 -1.5529470e+001  1.2093310e+001
  4.1723200e+001  2.3318850e+001 -1.3272550e+001 -2.3715000e+001  6.8284000e+000
  3.3051210e+001  1.1274100e+001  7.8787900e+000 -1.0839400e+000 -6.6553000e-001
  2.9398780e+001  1.9649750e+001  7.6034700e+000 -7.3780200e+000 -4.2180000e-002
  4.8977760e+001  2.5785890e+001  8.2510000e+000 -4.9990000e+000 -3.4534000e+000
  2.9430640e+001  1.8302730e+001  2.6898000e-001  6.1381500e+000 -5.8420700e+000
  5.5147260e+001  2.3632740e+001  6.2163700e+000  4.9636900e+000 -4.9503000e+000
  4.3089400e+001  2.4251580e+001  7.4487000e+000 -3.7237000e-001 -3.9011500e+000
  1.0753202e+002  6.3661860e+001  3.2706200e+000 -5.3511500e+000 -6.3978900e+000
  5.4367700e+001  3.3921040e+001 -1.0584640e+001  6.0851400e+000 -1.4368520e+001
  1.8336100e+001  1.2160940e+001 -2.9057200e+000  3.0089600e+000 -1.1639740e+001
  7.0416480e+001  1.5466540e+001  1.3427400e+000  3.7840900e+000 -1.3649300e+001
  3.5827980e+001  8.4445000e+000  1.5599000e+000 -6.2300000e-003 -4.3990300e+000
  1.5437333e+002  4.7999700e+000  1.0294000e-001  7.2067200e+000 -9.2998700e+000
  1.8937064e+002  2.7746200e+001 -1.1309320e+001  1.5666400e+000 -2.3037040e+001
  1.9544557e+002  1.1336750e+001 -4.0473680e+001  2.3715500e+001 -5.1495480e+001
  6.6239420e+001 -3.0738800e+000 -5.6096000e-001  1.7207520e+001 -1.8961120e+001
  3.9051218e+002 -8.2712140e+001  1.1712196e+002 -5.6685850e+001 -1.0606336e+002
  1.8483159e+003 -2.0210840e+001  1.9961869e+002 -8.6147800e+001 -1.5978208e+002
  5.9234120e+002  5.2763410e+001  2.3055519e+002 -9.3311610e+001 -5.5986490e+001
  3.4826170e+002  8.2820230e+001  1.9955067e+002 -4.3961610e+001 -3.8043160e+001
  1.4515256e+002  3.9367300e+001  1.0740924e+002 -2.7102800e+001  1.5872280e+001
  1.2673000e+002  3.6992800e+001  6.2779700e+001 -1.2309300e+001  1.1928800e+001
  1.1201580e+002  2.0204200e+001  5.2198900e+001 -7.6534000e+000  1.4383000e+001
  2.6179427e+002  5.7383620e+001  1.0992972e+002 -4.2779050e+001  3.2772630e+001
  1.3403026e+002  5.4360200e+001  2.2248890e+001 -3.5177240e+001  3.6861040e+001
  8.0551110e+001  2.3054480e+001  1.3295630e+001 -1.9371670e+001  2.0296170e+001
  6.6774700e+001  3.0365930e+001  2.9045200e+000 -2.6045810e+001  1.3752140e+001
  6.7274400e+001  2.9485500e+001  1.0141000e+000 -2.3737500e+001  1.5811200e+001
  3.9817230e+002  1.0032950e+002  7.1733000e+000 -7.5066600e+001 -8.6838000e+000
  3.3554820e+002  1.2907230e+002  2.4509900e+001 -7.5823700e+001 -2.2390900e+001
  4.8580300e+001  1.7442100e+001  1.6606000e+000 -1.4774900e+001 -8.8122000e+000
  1.0065760e+002  1.8860900e+001 -8.4312000e+000 -1.5994900e+001 -1.8970000e+001
  5.7291400e+001  1.6373200e+001  1.0277400e+001  1.6085000e+000 -1.4003400e+001
  4.9826780e+001  9.2047800e+000  4.2036700e+000  4.4894100e+000 -6.2969700e+000
  3.0963400e+001  3.6377000e+000  8.1420000e+000 -7.2203000e+000 -8.1690000e-001
  7.9819300e+001  2.8380200e+001  2.0722100e+001 -9.6840000e+000 -3.2506000e+000
  3.2311000e+001  4.3336000e+000  4.9049000e+000 -8.7146000e+000  2.1645000e+000
  3.3891900e+001  5.9191000e+000 -1.2070000e+000 -6.4619000e+000 -2.4597000e+000
  4.2097200e+001  9.5704000e+000 -4.4778000e+000 -4.7707000e+000 -2.1538000e+000
  2.3873500e+001  1.1356600e+001 -5.2173000e+000 -5.1163000e+000 -5.0182000e+000
  2.1391500e+001  4.2198000e+000 -3.8529000e+000 -2.2998000e+000 -2.1980000e+000
  6.4169000e+001  1.2581200e+001  1.3124500e+001 -1.4102500e+001 -4.6080000e+000
