  1.3910370e+001 -2.1882300e+000  4.9117200e+000  1.5914700e+000 -1.8402000e+000
  3.8596820e+001 -2.4358100e+000  6.6127000e+000 -2.0247200e+000 -6.2149600e+000
  4.0193200e+000  1.2228700e+000  5.5226000e+000  3.5187000e-001  1.0492700e+000
  1.2494720e+001 -2.5486000e-001  7.8582400e+000  1.2711700e+000  6.7430000e-002
  8.8369200e+000 -1.2314200e+000  1.0995200e+000  1.9274000e-001 -1.9630200e+000
  9.6684700e+000  1.8504400e+000  4.8890000e+000 -2.9591500e+000 -3.7834000e-001
  7.5254600e+000  1.9355800e+000  1.0286200e+000 -4.2688000e-001 -1.6570400e+000
  2.8709060e+001  1.1784610e+001 -1.1784700e+000  1.6062800e+000 -6.6097600e+000
  1.1823800e+001  3.3850000e+000  1.8764000e+000  1.8540500e+000 -1.9763000e+000
  8.6961700e+000  8.8052800e+000  5.1365700e+000 -1.7571600e+000  5.2817000e-001
  2.5851810e+001  1.5811930e+001  9.3386300e+000 -5.1248800e+000 -3.6345600e+000
  5.9057550e+001  3.4314530e+001  9.1459000e+000 -1.2916100e+000 -6.5720800e+000
  8.6180620e+001  4.0147400e+000 -2.7915200e+001  1.9488600e+001 -3.9062620e+001
  5.8524980e+001 -5.1595800e+000 -2.0622080e+001  2.0412180e+001 -3.3669880e+001
  2.0469800e+001  6.9131900e+000  1.5514800e+000  4.5749600e+000 -6.9497900e+000
  3.1292540e+001  1.0006820e+001 -5.3024100e+000  7.0319000e-001 -1.3237200e+001
  9.6279800e+000  3.2715200e+000 -1.5960000e-001  1.5279600e+000 -6.3850800e+000
  2.0427770e+001  5.4329800e+000 -5.1750500e+000  5.8128200e+000 -9.2374600e+000
  3.3595600e+001  1.3666180e+001 -1.1508660e+001  5.0451800e+000 -1.8985440e+001
  2.6069010e+001  6.6633900e+000  1.0835300e+000 -2.4027000e-001 -1.0204300e+001
  2.0973070e+001  7.5065400e+000 -1.1651960e+001  1.7190000e-001 -6.5809300e+000
  1.2044240e+001  8.0482000e-001 -1.6313200e+000  4.5170000e-001 -2.8571000e+000
  2.4529530e+001  1.2060390e+001 -5.8140800e+000 -2.7057000e+000 -2.0598000e+000
  1.5821510e+001  5.5358100e+000 -2.0437400e+000 -2.7423900e+000 -1.8337300e+000
  5.8151640e+001  1.1841520e+001 -2.7799800e+001 -4.2445700e+000 -2.4878020e+001
  3.5787820e+001  1.0666640e+001 -8.0039500e+000 -6.8662300e+000 -9.9187500e+000
  4.2672660e+001  5.9671500e+000 -7.5687700e+000 -3.6345200e+000 -1.1119430e+001
  1.6539764e+002  4.5337850e+001 -9.9645950e+001  7.1250600e+000 -8.4713300e+001
  5.8437750e+001  1.2701010e+001 -1.5872350e+001 -2.8783100e+000 -2.2228450e+001
  3.9902370e+001  1.2904640e+001 -7.4703600e+000 -4.6537300e+000 -1.4799390e+001
  2.2690630e+001  1.4584090e+001  7.5900000e-003 -4.5806400e+000 -4.9300400e+000
  3.2922940e+001  1.0105360e+001  2.2450000e-002 -7.0797200e+000 -4.4961000e+000
  5.5638190e+001  8.1530600e+000  8.4532600e+000 -6.1423800e+000  1.1863300e+000
  5.5373350e+001  7.5085200e+000 -2.7911700e+000 -3.4462100e+000 -7.4294200e+000
  1.9991780e+001  4.3809000e+000  1.5546000e+000 -4.2724600e+000  1.2844600e+000
  2.3476910e+001  2.6939500e+000  5.5621000e-001 -2.7814900e+000 -9.4711000e-001
  2.2850750e+001 -5.2376000e-001 -1.0413700e+001  1.7594000e-001  8.9257000e-001
  1.8873540e+001 -4.6780000e-001 -3.5842200e+000 -6.7279000e-001  2.2460800e+000
  4.2203690e+001 -2.3884300e+000 -1.4322820e+001  8.2596000e-001  8.9767000e-001
  9.4982340e+001 -8.6777200e+000 -3.1218310e+001  1.3423600e+000  6.0921000e-001
  4.5708080e+001 -2.2719200e+000 -1.4363920e+001  1.7927200e+000 -5.6499800e+000
  1.3625214e+002  5.9723000e+000 -2.4627840e+001  5.0818000e+000 -5.4972000e-001
  7.9727400e+001 -2.0816300e+001 -1.4107560e+001  6.3312100e+000 -1.0677800e+000
  7.0149440e+001 -1.8918140e+001 -1.1794680e+001 -6.9970000e-001 -8.1536400e+000
  1.6928289e+002 -4.4519430e+001 -2.9541880e+001  8.1341300e+000 -3.8308190e+001
  1.5716918e+002 -5.4842620e+001 -4.1776810e+001  1.2504550e+001 -3.0774140e+001
  9.2943950e+001 -9.1466200e+000 -7.5300000e-002  6.9290600e+000 -1.4731680e+001
  4.3012640e+001 -1.0916130e+001  2.4410000e-002  3.3792500e+000 -4.7412600e+000
  5.9715640e+001 -7.9427200e+000  5.1511400e+000  7.6714000e-001  8.1993000e-001
  3.9422880e+001 -1.3006980e+001  2.6281000e+000  2.5147600e+000  3.4357400e+000
  4.3447660e+001  1.8861500e+000  1.9767500e+001 -3.2233800e+000  7.3933500e+000
  3.1209070e+001 -3.5146400e+000  9.3645200e+000  1.0712700e+000  1.6497300e+000
  1.7792240e+001 -4.5961800e+000  2.6435000e-001 -1.3203100e+000  2.3969300e+000
  3.4025570e+001 -6.4387200e+000  1.1425100e+000 -1.0061500e+000  3.7471100e+000
  1.6703970e+001 -3.9437200e+000 -2.2690000e-001  7.9476000e-001 -5.7796000e-001
  1.3443780e+001 -3.1177000e+000 -1.6143600e+000  2.8312000e-001  8.0906000e-001
  1.6585600e+001 -4.0016000e+000 -2.5630500e+000  3.8662000e-001  1.6631800e+000
  3.1622830e+001 -4.0007400e+000 -7.9737900e+000  4.0572100e+000  2.0472000e-001
  2.5401180e+001 -8.4154400e+000 -8.1792000e+000  4.4454300e+000  3.5193000e-001
  2.8880580e+001 -5.0522800e+000 -7.9310900e+000  5.5883700e+000 -1.4245800e+000
  6.1333290e+001  1.8132460e+001 -1.2843660e+001  8.9516500e+000 -7.9772400e+000
  8.4607470e+001  9.5160400e+000 -2.7940280e+001  2.0833580e+001 -1.2201660e+001
  1.9263080e+001  4.8685000e-001 -4.4052600e+000  3.2769300e+000 -1.3786700e+000
  2.2044700e+001 -1.0002100e+000 -2.6349800e+000  3.6408100e+000 -2.2050800e+000
  2.5729510e+001 -2.2473800e+000 -5.9883100e+000  6.7165800e+000 -5.1004600e+000
  5.6036620e+001  1.2016390e+001 -5.1523900e+000  2.6767100e+000 -7.5964700e+000
  9.2341490e+001  2.9157210e+001 -1.2305810e+001 -1.1838140e+001 -5.4618600e+000
  5.1181550e+001 -1.0064830e+001 -8.7905700e+000  3.1934600e+000 -5.2400200e+000
  5.8723460e+001 -2.7189600e+000 -2.9297520e+001  1.4908920e+001 -1.4568080e+001
  7.5715880e+001 -1.1259420e+001 -3.5640850e+001  9.3384700e+000 -2.0023090e+001
  5.3891880e+001 -5.3537400e+000 -2.3095610e+001  5.1703700e+000 -1.0645540e+001
  3.2731160e+001 -1.5006800e+000 -1.1535530e+001  2.1471800e+000 -7.3726900e+000
  6.7571940e+001  3.4238900e+000 -4.1971590e+001  7.3219900e+000 -2.2756720e+001
  4.1259430e+001 -1.1168140e+001 -2.0868460e+001  4.6895000e+000 -1.2127380e+001
  6.6938180e+001 -1.6810640e+001 -5.3877680e+001  1.5931820e+001 -2.9227540e+001
  3.6805950e+001 -1.0979520e+001 -1.9291370e+001  6.2111700e+000 -1.1152730e+001
  8.9104800e+001 -3.8741280e+001 -2.3662140e+001  3.1954900e+000 -1.6263050e+001
  1.3772085e+002 -4.2777000e+001 -4.7209050e+001  1.1239040e+001 -1.9191920e+001
  5.0733650e+001 -1.6408470e+001 -1.2588640e+001 -3.5529300e+000 -1.7617300e+000
  3.7137040e+001  1.0421800e+000 -1.0434160e+001 -5.5381800e+000 -2.3106200e+000
  5.0719160e+001 -1.2865000e+001 -2.4344100e+001 -5.7585700e+000 -4.9497300e+000
  1.7880840e+001 -7.7211700e+000 -7.5627700e+000 -4.0123600e+000 -4.1937000e-001
  5.1689600e+001 -1.6631170e+001 -2.7432210e+001 -6.7289400e+000 -6.6990500e+000
  3.9168140e+001 -1.6021000e+001 -1.4639510e+001 -5.2852500e+000 -4.3809700e+000
  5.0122760e+001 -1.2468290e+001 -3.1579780e+001 -8.1911300e+000 -2.0342240e+001
  2.9916600e+001 -1.4687700e+001 -1.4176340e+001 -1.9935900e+000 -1.2221540e+001
  2.5906600e+001 -9.5362300e+000 -1.2792940e+001 -8.1732000e-001 -5.8166900e+000
  1.9396040e+001 -8.7410600e+000 -9.5004200e+000 -7.5626000e-001 -8.0259600e+000
  2.2675070e+001 -3.7884800e+000 -7.9602300e+000 -2.2999300e+000 -5.4362700e+000
  2.6956370e+001 -1.0520780e+001 -9.1112600e+000  2.1596000e-001 -4.6276500e+000
  2.8375300e+001 -1.0478860e+001 -3.2131300e+000 -1.7233100e+000 -6.2287800e+000
  3.0822450e+001 -1.5087030e+001 -7.9303100e+000 -1.8332900e+000 -1.5890400e+000
  5.4980750e+001 -1.2377860e+001 -1.5527610e+001  6.1945000e-001 -4.2340700e+000
  2.4142730e+001 -1.0852920e+001 -5.3767900e+000 -2.1822800e+000 -1.4739200e+000
  4.4887460e+001 -1.1659180e+001 -1.3759440e+001 -2.0447000e-001 -5.9104700e+000
  4.7987280e+001 -2.2151130e+001 -7.2276000e+000 -1.9266000e-001 -3.2510000e+000
  2.3144480e+001 -7.8588800e+000 -4.5842700e+000  3.7906800e+000 -4.4878800e+000
  6.4748215e+002 -6.5864670e+001 -1.3843550e+002 -2.6647940e+001 -5.6113200e+001
  7.5973860e+001 -2.8555870e+001 -1.3771970e+001  3.3886500e+000 -4.8875300e+000
  5.1593540e+001 -2.2481820e+001 -8.0541800e+000  2.7667700e+000 -5.7565400e+000
  3.4604030e+001 -1.9869530e+001 -7.9887600e+000  2.0709500e+000 -4.1276400e+000
  2.5766840e+001 -1.4374150e+001 -6.6720000e+000  2.7817500e+000 -2.6069300e+000
  2.6854200e+001 -1.1058500e+001 -3.5400000e+000  5.6340000e-002 -3.1292600e+000
  2.1525640e+001 -1.1250120e+001 -3.9999800e+000  8.0556000e-001 -2.2079200e+000
  2.0556560e+001 -1.1179230e+001 -3.0132200e+000  2.7223900e+000 -1.8505000e+000
  5.2547820e+001 -4.9472700e+000 -7.1053300e+000  2.0630400e+000 -4.8018500e+000
  3.8946820e+001 -1.3558010e+001 -8.4771300e+000  5.6030500e+000 -5.2138700e+000
  2.2985220e+001 -1.0626410e+001 -2.3086200e+000  1.6400000e+000 -1.6096300e+000
  9.4630300e+001  1.6672200e+000 -4.0743390e+001  2.2526990e+001 -3.3281950e+001
  7.0741390e+001 -2.3299940e+001 -2.1558530e+001  1.6492640e+001 -2.8352310e+001
  6.9600950e+001 -1.2590540e+001 -1.8682280e+001  1.6378810e+001 -2.1391830e+001
  3.8117130e+001 -7.9014100e+000 -6.0708000e+000  3.5017400e+000 -3.9787600e+000
  3.2926790e+001 -5.0548000e+000 -2.3511000e+000  3.1323200e+000 -6.0656600e+000
  6.2439280e+001 -8.7584800e+000 -3.9438800e+000 -1.8595800e+000 -6.6576600e+000
  1.9357850e+001  2.1936000e+000  6.6286000e+000 -2.3139500e+000 -4.0850000e-002
  3.6561880e+001 -2.4481000e-001 -7.0893200e+000  8.1225000e-001 -3.6187600e+000
  2.6066240e+001 -3.6626400e+000 -5.5097800e+000 -3.0878400e+000 -1.7511800e+000
  2.0112320e+001 -3.8342900e+000 -4.6512600e+000 -3.3354000e-001 -1.5856700e+000
  2.5830250e+001 -2.8088700e+000 -3.7226700e+000 -1.2777500e+000 -1.9859200e+000
  2.1202380e+001 -9.4222400e+000  1.2865500e+000  1.4159000e+000  1.9200000e-001
  1.2139710e+001 -8.6763000e-001 -3.2888000e+000 -1.8334200e+000 -1.7549000e+000
  7.3984000e+000 -3.6527000e-001 -6.1704000e-001 -1.0944400e+000 -2.6451100e+000
  2.2013020e+001  1.1190600e+000 -1.3423200e+000 -4.0243700e+000 -2.4103500e+000
  3.3114920e+001  2.0449000e+000 -6.7056900e+000 -4.5269000e+000 -8.2256800e+000
  1.3476230e+001 -4.2565500e+000 -6.6209000e-001 -1.8763800e+000 -2.7173200e+000
  2.3340450e+001 -8.5956000e-001 -5.7327300e+000 -1.5589500e+000 -4.0373300e+000
  1.4410660e+001 -5.3050900e+000  1.8447600e+000 -2.3992400e+000 -8.3633000e-001
  1.6154630e+001 -6.3827400e+000 -4.4766300e+000 -1.5637000e-001 -1.5776000e+000
  1.8388800e+001  2.6081000e+000 -3.6028300e+000 -1.7471000e-001 -6.8880700e+000
  1.7603890e+001  6.9738900e+000 -9.4585700e+000 -4.8311900e+000 -6.8919800e+000
  3.2370090e+001 -1.1316650e+001 -9.3450300e+000  2.9290000e-002 -4.7841000e-001
  1.5478850e+001 -1.3830300e+000 -2.7423000e+000 -8.8889000e-001 -2.6482300e+000
  3.6992270e+001  2.7959100e+000 -2.1054610e+001 -4.6173500e+000 -1.4673780e+001
  1.7964900e+001 -7.4005800e+000 -2.7512800e+000  2.2593600e+000 -1.7353800e+000
  2.6494580e+001 -1.0497540e+001 -1.0076410e+001  3.1830700e+000 -5.1085400e+000
  3.5943610e+001 -1.3607680e+001 -1.3912060e+001  8.7886900e+000 -5.3217000e+000
  3.5759650e+001 -1.9848140e+001 -7.3778100e+000  2.5090600e+000 -7.5041700e+000
  1.1527112e+002 -1.7324280e+001 -4.1518980e+001 -1.7501000e-001 -2.5513300e+001
  4.1722850e+001 -1.2433830e+001 -1.2366590e+001  5.3230700e+000 -8.4316900e+000
  3.2042450e+001  4.8347300e+000 -1.2862870e+001 -2.4335400e+000 -1.0066610e+001
  1.7564236e+002 -2.8313020e+001 -5.4021040e+001  3.2504600e+000 -5.1768200e+001
  1.1785006e+002  6.7949600e+000 -4.7519690e+001 -5.1796800e+000 -5.7157430e+001
  7.1028070e+001 -2.3510280e+001 -2.5326330e+001  4.2476000e-001 -2.4183610e+001
  2.9668130e+001 -8.8310000e+000  4.4490200e+000  5.6889900e+000 -4.4809000e-001
  4.5198740e+001 -1.6049280e+001 -1.4799760e+001  4.7900000e-002 -1.0301940e+001
  4.5821150e+001 -3.3901610e+001 -4.8898300e+000  4.2408200e+000 -3.6007500e+000
  8.6200550e+001 -6.9012360e+001  3.3716400e+000  2.9393940e+001 -3.7761200e+000
  9.4851520e+001  3.1901350e+001 -4.1882590e+001 -4.5242770e+001 -9.7672500e+000
  1.8374290e+001  1.7538100e+000 -2.3569000e-001 -4.6857000e+000 -4.7257500e+000
  1.2294323e+002 -1.1101360e+001 -7.3132760e+001 -4.8038580e+001 -5.5267480e+001
  8.1563310e+001 -5.9719700e+000 -4.3358790e+001 -7.4032300e+000 -2.7264960e+001
  8.5063520e+001 -9.8710600e+000 -4.9172580e+001 -2.7674740e+001 -3.8288200e+001
  1.4971632e+002  1.1578970e+001  1.2849100e+000 -3.0368870e+001 -4.0045290e+001
  7.6042110e+001  3.7166700e+000 -1.7247110e+001 -2.3627940e+001 -3.5546390e+001
  6.1422060e+001 -3.1144300e+000 -7.6556600e+000 -8.9555700e+000 -2.0020560e+001
  7.9246780e+001 -6.0241500e+000 -1.7780210e+001 -1.1106930e+001 -2.5688200e+001
  2.1690025e+002 -2.8836120e+001 -1.7889510e+001 -3.7409850e+001  8.6437000e+000
  1.7072952e+002 -2.0435400e+001 -1.2259570e+001 -5.1272830e+001  2.6706530e+001
  1.1206350e+002 -2.9919850e+001 -1.3448550e+001 -2.1064050e+001  6.7875000e+000
  6.3859000e+001 -4.5223500e+000 -1.2011550e+001 -1.8917270e+001  4.2485400e+000
  4.5855010e+001  1.0820980e+001  1.1643000e+000 -2.0054970e+001  1.2586110e+001
  3.4762690e+001  1.8206460e+001 -3.2835000e-001 -1.3711490e+001  7.1998300e+000
  3.8473590e+001  1.6632570e+001  2.6146800e+000 -1.6292430e+001  1.4177190e+001
  3.5197990e+001  1.6771970e+001  5.5743200e+000 -1.2062170e+001  9.7021100e+000
  4.1433300e+001  2.0479550e+001 -1.7132450e+001 -1.7766200e+001  4.9227000e+000
  3.2178410e+001  8.9174000e+000 -5.3142100e+000 -2.5031400e+000 -6.2203000e-001
  3.0295780e+001  1.0463950e+001 -3.2505300e+000 -5.8686200e+000  7.6332000e-001
  5.2978560e+001  2.0221490e+001 -3.3919000e+000 -3.3240000e+000 -1.5332000e+000
  1.9070140e+001  9.4227300e+000 -4.8124200e+000  9.8965000e-001 -1.6307700e+000
  3.4139660e+001  1.6069340e+001  1.8700000e-003  1.6152900e+000 -2.2850000e+000
  2.3116200e+001  1.1452680e+001 -1.6829000e+000 -2.8154700e+000  7.9745000e-001
  5.8028420e+001  2.8071160e+001 -1.3828800e+000 -4.0414500e+000 -1.1605900e+000
  5.0308700e+001  3.8586140e+001 -1.8574140e+001  1.7979400e+000 -5.1823200e+000
  2.0729400e+001  1.3098340e+001 -4.9793200e+000  7.5236000e-001 -4.0106400e+000
  3.5715080e+001  5.1660400e+000  2.4040000e-002  6.0889000e-001 -1.0286000e+000
  3.1739680e+001  3.5214000e+000  2.5387000e+000 -7.9430000e-002 -8.6930000e-002
  8.9764830e+001  5.7828700e+000  4.1236400e+000  4.4942200e+000 -1.9867700e+000
  9.2492640e+001  1.8336700e+001 -1.4714200e+000 -1.0560000e-002 -8.0854000e-001
  1.5556017e+002  2.7999150e+001  7.3334200e+000  1.5630000e+001 -6.0832800e+000
  9.3980920e+001  1.1844120e+001 -4.9275600e+000 -5.1587800e+000  3.0481800e+000
  2.6856408e+002  1.0742760e+001  1.7155676e+002 -4.3586850e+001 -1.5817060e+001
  9.8602985e+002  2.5297460e+001  1.5150479e+002 -4.4408400e+001 -6.7602280e+001
  4.7957360e+002  5.9011210e+001  2.0184449e+002 -6.7780510e+001 -2.8951690e+001
  2.5449380e+002  8.6585930e+001  1.3517917e+002 -2.0601310e+001 -2.3146560e+001
  9.3644960e+001  2.9783700e+001  5.6974140e+001 -1.3068300e+001  1.2763480e+001
  7.5745500e+001  3.6346500e+001  4.3054400e+001 -1.3334100e+001  1.2202700e+001
  4.8013400e+001  8.2588000e+000  1.7701700e+001 -2.9849000e+000  5.2566000e+000
  1.9204527e+002  5.5633820e+001  7.2490120e+001 -2.8440750e+001  2.3516130e+001
  1.1024666e+002  4.4005000e+001  2.0111590e+001 -2.8383340e+001  2.9443040e+001
  3.9917010e+001  1.3421080e+001  4.5032300e+000 -8.4357700e+000  7.6355700e+000
  5.1747700e+001  1.9444530e+001  5.8573200e+000 -1.1787010e+001  1.0544140e+001
  4.1039100e+001  1.5497000e+001  9.7640000e-001 -7.8466000e+000  8.0401000e+000
  3.0359880e+002  7.3414000e+001  1.1218700e+001 -5.6805200e+001  8.9730000e-001
  2.0946730e+002  8.3004800e+001  1.8750900e+001 -4.4707600e+001 -9.2168000e+000
  3.1207900e+001  1.5201400e+001  1.1822000e+000 -9.2017000e+000 -1.2218000e+000
  7.1144500e+001  1.6827000e+001 -7.6497000e+000 -8.2383000e+000 -7.0556000e+000
  3.2757400e+001  8.9588000e+000  3.4313000e+000 -4.0230000e-001 -4.0213000e+000
  3.2397480e+001  4.3887800e+000  1.7898700e+000  1.6332100e+000 -2.3968700e+000
  3.0718100e+001  3.2728000e+000  5.0046000e+000 -5.4824000e+000  2.0349000e+000
  5.9265700e+001  1.6762300e+001  1.0274500e+001 -8.9126000e+000  2.8127000e+000
  2.9849700e+001  8.1632000e+000  2.9598000e+000 -6.4644000e+000  5.8760000e-001
  2.6803400e+001  8.1115000e+000 -3.2143000e+000 -2.7329000e+000 -2.6028000e+000
  4.3607400e+001  1.2614500e+001 -4.3986000e+000 -6.6772000e+000 -4.8797000e+000
  2.9413300e+001  1.2630400e+001 -7.1728000e+000 -5.4274000e+000 -5.2210000e+000
  2.5297700e+001  5.7836000e+000 -6.3864000e+000 -3.9089000e+000 -4.9120000e+000
  6.2199300e+001  5.0560000e+000 -1.1687200e+001 -6.6717000e+000 -5.2668000e+000
