  6.0255700e+000 -7.6943000e-001  4.9042000e-001  9.0197000e-001  7.1390000e-001
  3.4043320e+001  8.1190000e-002  4.2325000e+000 -5.3542000e-001 -4.7829600e+000
  2.7812200e+000 -7.3063000e-001  1.5418000e+000  1.0762700e+000 -2.3466300e+000
  6.9138200e+000  3.0899400e+000  3.4332400e+000  1.3679700e+000  8.1130000e-002
  3.6796200e+000  8.4238000e-001  1.1911200e+000  2.8582400e+000 -8.3372000e-001
  5.9725700e+000 -1.2376000e-001  2.0459000e+000  7.5025000e-001 -5.6404000e-001
  1.1270560e+001  1.1621800e+000  1.9092200e+000  1.5977200e+000 -4.0791400e+000
  2.9915660e+001  1.7988310e+001  3.1113000e-001  4.0613800e+000 -7.5087600e+000
  8.7251000e+000  1.3022000e+000  5.1950000e-001 -6.4185000e-001  2.0600000e-001
  6.2627700e+000  7.3608800e+000  2.0607700e+000  8.5640000e-002  3.3370000e-002
  1.0042010e+001  7.9770300e+000  4.8825300e+000 -1.0406800e+000 -1.7487600e+000
  4.4556350e+001  3.0690330e+001  3.8796000e+000  1.3633900e+000 -8.6690800e+000
  4.5267320e+001  9.2137400e+000 -9.4139000e+000  3.6963000e+000 -1.2534820e+001
  3.9979080e+001 -1.2664800e+000 -1.5899080e+001  6.6563800e+000 -1.8538880e+001
  1.7405200e+001  7.6574900e+000 -3.1255200e+000  1.0115060e+001 -4.2926900e+000
  3.5453940e+001  1.9298720e+001 -8.1818100e+000  3.2455900e+000 -1.6359700e+001
  8.8661800e+000  5.8740200e+000 -1.6181000e+000  3.9476000e-001 -1.9546800e+000
  2.3487770e+001  1.4016480e+001 -7.9619500e+000  2.1239200e+000 -1.1481760e+001
  5.3903300e+001  3.0450780e+001 -2.0248760e+001  1.0641480e+001 -3.1378140e+001
  4.2013810e+001  1.0711690e+001 -4.7123700e+000  7.9422300e+000 -1.1567800e+001
  3.1084170e+001  1.0770440e+001 -1.9142360e+001  3.8273000e+000 -9.0979300e+000
  8.4176400e+000  2.2379200e+000 -3.3421200e+000 -1.0060000e-001 -2.9527000e+000
  3.6742530e+001  1.4040190e+001 -8.8371800e+000 -5.9930000e-001 -5.0279000e+000
  2.8435110e+001  1.0074710e+001 -8.1883400e+000 -2.5661900e+000 -4.6244300e+000
  6.9069240e+001  1.8663620e+001 -4.0165100e+001 -3.8072700e+000 -2.9518120e+001
  4.0551820e+001  1.2655040e+001 -1.2725450e+001 -3.8325300e+000 -1.3847050e+001
  5.5833760e+001  7.0480500e+000 -3.3676070e+001  7.1114800e+000 -3.4122030e+001
  2.7554314e+002  8.0014850e+001 -1.7665485e+002  1.5156460e+001 -1.5228000e+002
  8.0885350e+001  1.8310310e+001 -3.8968750e+001  7.3517900e+000 -4.5997950e+001
  3.8779370e+001  1.9144040e+001 -1.5017060e+001 -4.0414300e+000 -2.4445090e+001
  2.0872630e+001  1.4502690e+001 -2.9520100e+000  1.6716000e-001 -6.1897400e+000
  8.6984400e+000  1.2429600e+000 -2.6459500e+000 -1.2020000e-002 -2.5088000e+000
  4.3551690e+001  1.0508160e+001  5.6429600e+000 -3.6017800e+000  1.1111300e+000
  5.6690250e+001  9.5543200e+000 -4.9702700e+000 -1.0338100e+000 -7.7382200e+000
  2.1507780e+001  5.8941000e+000 -4.0392000e+000 -2.1327600e+000  4.0286000e-001
  2.0449110e+001  4.0729500e+000  3.0610000e-002 -3.4103900e+000 -6.7041000e-001
  2.4434950e+001  5.9104000e-001 -1.5602200e+001  1.0094400e+000 -4.4833300e+000
  2.0796440e+001  2.9216000e+000 -3.3325200e+000  2.6502100e+000 -7.6312000e-001
  4.9242290e+001  2.9007000e-001 -2.0858020e+001  5.4619600e+000 -3.9076300e+000
  9.9597540e+001  7.8528800e+000 -3.4506010e+001  8.0986000e-001  5.2704100e+000
  5.1827780e+001  7.7670800e+000 -2.0148820e+001  1.9760200e+000 -1.1454080e+001
  1.0702234e+002  8.8294000e+000 -2.7648640e+001  1.3586700e+001 -9.0374200e+000
  6.9447700e+001 -1.2673000e+001 -1.9455160e+001  1.1438610e+001 -4.6438800e+000
  5.8641940e+001 -9.2971400e+000 -7.5307800e+000 -7.5756000e+000 -9.6682400e+000
  1.3159019e+002 -2.9379430e+001 -2.0934180e+001  8.6869300e+000 -3.0146290e+001
  1.6287968e+002 -6.0933820e+001 -4.4328310e+001  1.1338850e+001 -2.7511440e+001
  7.7077250e+001 -3.1398200e+000 -5.0418000e+000  9.3699600e+000 -1.3511780e+001
  3.7663040e+001 -3.4663300e+000 -4.6562900e+000  2.4840500e+000 -7.2236600e+000
  4.6413340e+001 -1.9048200e+000  4.3726400e+000 -5.6176000e-001  2.3488300e+000
  3.4796380e+001 -1.0129980e+001  1.6436000e+000  2.3857600e+000  2.7331400e+000
  3.5332560e+001  3.7204500e+000  1.0492100e+001 -6.4848000e-001  2.8221500e+000
  2.2421370e+001  1.8486000e-001  7.7232200e+000 -1.5759300e+000  2.2509300e+000
  2.0921340e+001 -5.2128800e+000  1.8497500e+000 -1.8339100e+000  4.2917300e+000
  2.5845670e+001 -1.3837200e+000 -1.1231900e+000 -1.2573500e+000  9.0971000e-001
  1.3679670e+001 -3.1192200e+000 -1.2665000e+000  6.2096000e-001  3.3584000e-001
  1.6669980e+001 -1.9832000e+000 -3.0379600e+000  1.6326200e+000 -3.4594000e-001
  1.0929500e+001 -7.5980000e-001 -2.7971500e+000  5.3362000e-001 -1.2852000e-001
  2.3893930e+001 -1.0184000e-001 -6.2082900e+000  2.9021100e+000 -1.9018000e-001
  1.8488980e+001 -3.8971400e+000 -5.9108000e+000  3.3455300e+000 -1.2907000e-001
  1.9815180e+001 -1.3218000e-001 -5.4756900e+000  3.3510700e+000 -1.4519800e+000
  6.3065690e+001  2.8233260e+001 -1.2354360e+001  8.4686500e+000 -1.0828040e+001
  7.2852570e+001  9.8668400e+000 -2.4271780e+001  1.7834580e+001 -1.2823060e+001
  1.7789780e+001  2.3216500e+000 -4.5626600e+000  3.0304300e+000 -2.8746700e+000
  1.6330300e+001  2.0652900e+000 -2.0130800e+000  2.3633100e+000 -2.7113800e+000
  2.4999310e+001 -3.6626800e+000 -5.0644100e+000  5.9832800e+000 -3.4258600e+000
  4.9537620e+001  2.2226290e+001 -1.9478900e+000 -1.1703900e+000 -6.7972700e+000
  8.1574590e+001  3.8367210e+001 -1.2764710e+001 -1.2772940e+001 -8.6798600e+000
  3.4581850e+001 -2.2327300e+000 -5.7479700e+000  5.5236000e-001 -4.6129200e+000
  5.0331160e+001  1.8992400e+000 -2.7475820e+001  1.4670520e+001 -1.4612980e+001
  5.7492680e+001 -3.0194200e+000 -2.5775150e+001  4.5929700e+000 -1.3618490e+001
  2.7816280e+001  5.5616000e-001 -8.0659100e+000 -1.6043300e+000 -1.2671400e+000
  1.6932460e+001  1.6132200e+000 -2.1849300e+000 -1.5342200e+000  1.3751000e-001
  5.6227740e+001  9.9082900e+000 -3.2703090e+001  3.8557900e+000 -1.6871220e+001
  1.8721330e+001 -1.4208400e+000 -8.9248600e+000  9.6700000e-001 -4.4358800e+000
  3.5584180e+001 -2.1898400e+000 -2.8495680e+001  8.3310200e+000 -1.5451740e+001
  2.4630250e+001 -4.7153200e+000 -1.4563270e+001  6.3188700e+000 -9.1372300e+000
  5.0823600e+001 -1.1286680e+001 -1.2976440e+001  9.1589000e-001 -7.1978500e+000
  6.5290250e+001 -1.0209500e+001 -1.7176650e+001  3.7096400e+000 -6.3323200e+000
  2.7928950e+001  1.3953000e-001 -8.2256400e+000 -2.1480300e+000 -3.8593000e-001
  2.9617940e+001  1.6736800e+000 -7.1367600e+000 -4.8158800e+000  1.8800000e-003
  3.4754460e+001 -5.0120000e+000 -1.6768300e+001 -3.4737700e+000 -4.3209300e+000
  1.7695740e+001  8.1633000e-001 -1.2686670e+001 -2.6994600e+000 -3.2860700e+000
  4.1713200e+001 -4.6467700e+000 -2.4557710e+001 -4.0820400e+000 -4.9220500e+000
  2.2488840e+001 -4.8358000e+000 -1.1201410e+001 -2.5930500e+000 -4.0718700e+000
  3.6633960e+001 -6.2367900e+000 -2.3887980e+001 -3.8573300e+000 -1.6510640e+001
  2.8391700e+001 -7.6772000e+000 -1.5171940e+001 -2.7730900e+000 -1.0545240e+001
  2.0101000e+001 -2.3046300e+000 -1.1408140e+001 -1.0219200e+000 -6.5874900e+000
  1.4959940e+001 -5.7493600e+000 -6.9685200e+000  1.3299400e+000 -5.5458600e+000
  1.5338270e+001  6.9442000e-001 -5.3411300e+000 -1.1712300e+000 -4.8644700e+000
  2.4171870e+001 -5.3214800e+000 -8.9364600e+000  2.4576000e-001 -4.4872500e+000
  2.3756000e+001 -7.0937600e+000 -2.2250300e+000 -1.3004100e+000 -3.8230800e+000
  2.6124950e+001 -1.0074330e+001 -7.1414100e+000 -9.6249000e-001 -2.6819400e+000
  8.4056450e+001 -1.5730660e+001 -2.4292410e+001  1.7606500e+000 -1.2476970e+001
  2.4382830e+001 -1.0918320e+001 -4.8180900e+000 -8.4138000e-001 -2.0152000e-001
  4.0864960e+001 -5.7203800e+000 -1.4863440e+001 -2.6850700e+000 -7.2034700e+000
  6.2571880e+001 -2.7369430e+001 -7.7260000e+000  1.6710400e+000 -7.3283000e+000
  2.5608280e+001 -7.1078800e+000 -5.4187700e+000  3.7884800e+000 -3.4069800e+000
  6.6309645e+002 -5.6277670e+001 -1.5725290e+002 -1.8734740e+001 -6.8500700e+001
  8.2450760e+001 -3.1481970e+001 -1.8808270e+001  4.0280500e+000 -8.0816300e+000
  5.8346940e+001 -2.7512620e+001 -1.0056980e+001  3.7893700e+000 -6.3573400e+000
  3.0823030e+001 -1.5560130e+001 -9.7510600e+000  2.9928500e+000 -5.0531400e+000
  2.2400640e+001 -7.0141500e+000 -5.8436000e+000  1.7981500e+000 -4.3145300e+000
  2.3089500e+001 -7.1422000e+000 -4.1060000e+000  2.2540000e-002 -4.1950600e+000
  1.7054140e+001 -6.9794200e+000 -4.6503800e+000  1.0513600e+000 -4.2006200e+000
  1.7605760e+001 -8.3677300e+000 -3.5888200e+000  8.9089000e-001 -1.8423000e+000
  4.2291620e+001 -8.2026700e+000 -6.7892300e+000  2.5011400e+000 -4.3734500e+000
  4.0512320e+001 -1.0177010e+001 -1.0646230e+001  6.9993500e+000 -5.6641700e+000
  2.4823020e+001 -9.5866100e+000 -7.8811200e+000  2.6971000e+000 -3.7025300e+000
  1.0053630e+002  8.4149200e+000 -4.5019890e+001  2.6164590e+001 -4.0041450e+001
  6.0018790e+001 -1.8291440e+001 -2.0259630e+001  1.4528140e+001 -2.5189710e+001
  6.0652150e+001 -5.4409400e+000 -1.7568980e+001  1.3212910e+001 -1.4701630e+001
  2.9066830e+001 -5.6950100e+000 -4.9679000e+000  1.7987400e+000 -3.8194600e+000
  2.6096090e+001 -5.3788000e+000 -1.7765000e+000  3.3905200e+000 -4.8310600e+000
  4.2643380e+001 -3.3941800e+000 -4.3317800e+000  9.0212000e-001 -5.3877600e+000
  2.3342850e+001  1.4755000e+000 -1.3126000e+000 -1.7395000e-001 -2.4251500e+000
  2.7234380e+001  3.5955900e+000 -1.0655320e+001  2.1137500e+000 -6.4581600e+000
  1.9153740e+001 -4.0131400e+000 -5.2027800e+000 -7.9024000e-001 -2.2445800e+000
  1.7861020e+001  1.9449100e+000 -7.5647600e+000 -1.2403400e+000 -2.8685700e+000
  2.1370750e+001  1.6303000e-001 -6.5231700e+000  1.1983500e+000 -3.9799200e+000
  1.6905680e+001 -4.8024400e+000 -5.2961500e+000  3.1971000e+000 -2.9290000e+000
  1.3525310e+001  6.0037000e-001 -5.2611000e+000 -1.4304200e+000 -2.6160000e+000
  1.5778200e+001  9.2121300e+000 -8.2459400e+000 -1.6630400e+000 -5.9904100e+000
  2.4931920e+001  1.9293600e+000 -3.5413200e+000 -3.2417700e+000 -4.4594500e+000
  3.5732220e+001  1.5178000e+000 -8.3316900e+000 -2.2910000e+000 -1.1083880e+001
  1.6039030e+001 -3.9964500e+000 -3.3839900e+000 -6.9118000e-001 -3.6413200e+000
  2.5739450e+001 -2.7788600e+000 -7.6027300e+000 -1.1193500e+000 -5.0929300e+000
  1.2424460e+001 -7.9529000e-001 -3.0495400e+000  1.8805600e+000 -4.7055300e+000
  8.3803300e+000 -1.3434400e+000 -5.3602300e+000  1.7471300e+000 -4.3834000e+000
  1.1114300e+001  1.1701000e+000 -3.5553300e+000 -1.1254100e+000 -3.7852700e+000
  1.9589290e+001  2.8549900e+000 -1.2025370e+001 -4.0977900e+000 -1.0955180e+001
  3.8848990e+001 -7.5353500e+000 -1.2990230e+001  7.5729000e-001 -5.4903100e+000
  2.5682850e+001  3.1530700e+000 -1.0030400e+001 -2.1310900e+000 -6.0973300e+000
  5.1090970e+001  7.5193100e+000 -3.6655110e+001 -5.4307500e+000 -2.6437680e+001
  2.1071600e+001 -5.1621800e+000 -9.5097800e+000  2.2881600e+000 -5.3242800e+000
  3.0337380e+001 -1.0230540e+001 -1.3130410e+001  3.3332700e+000 -9.5212400e+000
  5.0133910e+001 -1.5899280e+001 -2.1686260e+001  9.6496900e+000 -8.8412000e+000
  3.1924750e+001 -1.5725540e+001 -9.3706100e+000  4.7260600e+000 -4.1133700e+000
  1.1267512e+002 -1.5905080e+001 -4.2019280e+001 -4.9101000e-001 -2.5373800e+001
  4.0783450e+001 -8.9781300e+000 -1.3921290e+001  3.1112700e+000 -1.1262990e+001
  4.4084450e+001 -1.6143700e+000 -1.9464570e+001  4.0600000e-003 -1.4747210e+001
  2.2645986e+002 -1.5267820e+001 -7.7032040e+001 -2.3701400e+000 -7.3444200e+001
  1.2971586e+002  2.7637860e+001 -6.8190090e+001 -7.1619800e+000 -8.0517030e+001
  5.8810070e+001 -1.2332480e+001 -1.8509130e+001 -5.8270400e+000 -2.6781810e+001
  4.6796930e+001 -1.3004400e+001 -2.4238180e+001 -7.3143100e+000 -1.1582390e+001
  4.0565040e+001 -7.9789800e+000 -1.5853860e+001 -2.1164000e+000 -1.2583440e+001
  3.2726650e+001 -5.4998100e+000 -7.7424300e+000 -4.5102800e+000 -9.6854500e+000
  9.5239950e+001 -4.0658260e+001 -1.5771760e+001  1.1603740e+001 -9.3635200e+000
  1.2640542e+002  2.0689550e+001 -6.2944690e+001 -5.4702870e+001 -2.4887050e+001
  3.6100890e+001 -2.5723900e+000 -1.9826490e+001 -1.0471000e+001 -1.3232450e+001
  1.1799693e+002  2.6360400e+000 -7.9934160e+001 -5.9972680e+001 -5.1878680e+001
  1.0353491e+002 -3.5336700e+000 -6.1734690e+001 -2.4674130e+001 -3.7184960e+001
  8.1046720e+001  2.3515400e+000 -5.5065280e+001 -2.5940040e+001 -3.6232000e+001
  9.2256620e+001  1.2660070e+001 -9.3178900e+000 -1.5853370e+001 -2.6128390e+001
  5.2627410e+001  7.4644700e+000 -2.1342310e+001 -1.6225040e+001 -2.2316690e+001
  4.6806960e+001 -1.5512300e+000 -9.2565600e+000 -5.1211700e+000 -1.3594960e+001
  5.0147080e+001  7.7885500e+000 -1.4480710e+001 -4.4204300e+000 -1.6208200e+001
  2.3123615e+002 -4.0576520e+001 -4.5289910e+001 -2.1365550e+001  3.7078000e+000
  1.5583672e+002 -2.2377300e+001 -1.8625970e+001 -2.2105230e+001  1.3344930e+001
  1.0052840e+002 -2.4082150e+001 -1.4315250e+001 -1.7444050e+001  6.4806000e+000
  8.4714800e+001 -5.9142500e+000 -1.8266650e+001 -1.9838870e+001  3.4705400e+000
  4.1977810e+001  1.6594680e+001 -2.1483000e+000 -1.6635970e+001  9.8070100e+000
  3.9789090e+001  2.9611260e+001 -2.7081500e+000 -1.5788390e+001  8.4355300e+000
  3.4344690e+001  1.8355470e+001  3.8019800e+000 -1.6295830e+001  1.5129790e+001
  3.8778990e+001  2.1207470e+001  2.4498200e+000 -1.5806170e+001  1.2540810e+001
  2.5318400e+001  1.8516750e+001 -1.4674050e+001 -1.2499300e+001  2.9605000e+000
  2.9512110e+001  9.2249000e+000 -1.3704810e+001 -4.0195400e+000 -1.3987300e+000
  2.6166480e+001  9.7792500e+000 -4.3624300e+000 -4.1559200e+000  1.5877200e+000
  2.9165660e+001  1.4267990e+001 -1.7526000e+000 -6.2120000e-001 -2.9786000e+000
  2.2152140e+001  1.2045330e+001 -4.7626200e+000  1.6378500e+000 -1.0402700e+000
  3.1425060e+001  1.5238040e+001  1.4327700e+000  1.9231900e+000 -9.8840000e-001
  1.8100300e+001  7.1867800e+000 -4.5928000e+000 -1.0810700e+000  2.0915000e-001
  3.5454820e+001  1.5686360e+001 -3.4439800e+000 -3.3072500e+000 -7.9099000e-001
  3.3212400e+001  2.5664540e+001 -1.3461540e+001 -8.7406000e-001 -2.0655200e+000
  1.7818100e+001  1.4061140e+001 -5.2125200e+000  2.4116000e-001 -3.0689400e+000
  2.7385680e+001  9.6101400e+000 -1.3475600e+000 -3.1951000e-001 -6.1320000e-001
  2.2887480e+001  6.9373000e+000 -9.2930000e-001  1.0860700e+000 -1.2654300e+000
  7.6499330e+001  4.4945700e+000  4.2637400e+000  5.9787200e+000  1.5226300e+000
  1.0769974e+002  2.1589900e+001  8.2108000e-001  5.2640000e-002 -1.9514000e-001
  1.9170067e+002  3.4334150e+001 -7.3747800e+000  2.0224000e+001 -7.4600800e+000
  9.2395220e+001  2.0051720e+001 -1.6052960e+001 -1.0468780e+001  5.3454800e+000
  2.1792558e+002  1.6238260e+001  1.5258756e+002 -3.7970450e+001 -1.0067860e+001
  9.4088455e+002  7.0048960e+001  1.4950629e+002 -4.1285600e+001 -6.4775980e+001
  2.2669740e+002  5.1289710e+001  7.3076090e+001 -2.3751210e+001 -9.6299000e-001
  1.0753080e+002  6.5909130e+001  2.1784170e+001 -5.3599100e+000 -9.6647600e+000
  5.8359860e+001  2.1918800e+001  3.4588440e+001 -1.0270300e+001  8.0476800e+000
  7.7887200e+001  4.1316200e+001  3.7301700e+001 -1.1440500e+001  7.8438000e+000
  3.6684800e+001  1.1567300e+001  1.0398900e+001 -4.1587000e+000  4.0348000e+000
  1.4283907e+002  4.1472220e+001  4.9395520e+001 -1.6300150e+001  1.5979130e+001
  9.5811860e+001  4.7652400e+001  1.4531190e+001 -2.1123340e+001  2.6544740e+001
  3.5743210e+001  1.0712980e+001  7.7282300e+000 -1.0788670e+001  1.0997970e+001
  5.3829100e+001  2.4822030e+001  6.7655200e+000 -1.1610110e+001  1.3185740e+001
  4.1642700e+001  2.0099400e+001 -1.8453000e+000 -8.7060000e+000  7.5036000e+000
  3.3503380e+002  8.9116600e+001  1.3757900e+001 -6.5043600e+001 -6.3560000e-001
  2.2184230e+002  9.2023400e+001  1.5854800e+001 -4.6400200e+001 -1.1127000e+001
  2.5104500e+001  1.9720400e+001  5.5240000e-001 -8.3230000e+000 -8.7920000e-001
  8.6316300e+001  2.6498600e+001 -1.1149500e+001 -1.0473700e+001 -1.2913400e+001
  3.9470400e+001  2.4338900e+001  1.5224000e+000 -9.6290000e-001 -9.0835000e+000
  3.8710880e+001  6.1913800e+000  4.5030700e+000  2.8507100e+000 -3.6298700e+000
  2.9652700e+001  7.5591000e+000  6.2757000e+000 -4.4409000e+000  2.0702000e+000
  7.0062000e+001  2.0881100e+001  1.0883400e+001 -1.0940200e+001  1.9097000e+000
  2.6441100e+001  1.0253800e+001  4.5329000e+000 -7.5335000e+000  1.3828000e+000
  3.8513400e+001  1.2732500e+001 -4.9904000e+000 -6.0803000e+000 -5.3743000e+000
  4.6196200e+001  1.6536300e+001 -6.6396000e+000 -7.7544000e+000 -4.3633000e+000
  3.7193000e+001  2.1808600e+001 -1.1372500e+001 -9.8818000e+000 -7.8971000e+000
  2.4813200e+001  1.2335400e+001 -8.5860000e+000 -5.2652000e+000 -5.4768000e+000
  6.6150900e+001  1.6348500e+001 -4.5718000e+000 -9.4567000e+000 -4.9139000e+000
