  6.3315700e+000 -5.4253000e-001  1.4918200e+000 -1.6823000e-001  2.2310000e-001
  3.2378120e+001 -1.8633100e+000  4.4599000e+000 -2.8990200e+000 -4.4418600e+000
  3.3997200e+000  1.4260700e+000  4.8733000e+000  6.2067000e-001 -1.2934300e+000
  8.3876200e+000  2.8674000e-001  2.4344400e+000  1.4410700e+000 -1.7099700e+000
  7.6666200e+000 -1.2802200e+000  3.2582000e-001  1.4314400e+000 -1.9455200e+000
  6.8220700e+000  2.1106400e+000  1.0817000e+000 -1.3369500e+000 -6.3414000e-001
  4.5622600e+000  2.1813800e+000  2.1762000e-001  3.8762000e-001 -1.3136400e+000
  3.3009260e+001  1.5138610e+001  3.4963000e-001  4.7518000e-001 -6.9563600e+000
  8.5400000e+000  2.4529000e+000 -1.3491000e+000  2.0638500e+000 -2.2882000e+000
  5.3072700e+000  7.2359800e+000  3.3973700e+000 -2.1456600e+000 -1.4188300e+000
  1.3643510e+001  7.8775300e+000  3.4563300e+000 -1.7067800e+000 -4.0116600e+000
  2.6228450e+001  1.7057130e+001  3.5808000e+000  1.9719000e-001 -3.7983800e+000
  5.1627120e+001  8.0601400e+000 -1.5277800e+001  9.8252000e+000 -2.0319320e+001
  2.0651480e+001  9.7529200e+000 -9.0917800e+000  7.0554800e+000 -1.3777580e+001
  1.3704700e+001  4.4552900e+000  8.1880000e-002  2.4769600e+000 -4.7449900e+000
  2.2069940e+001  6.5114200e+000 -7.3348100e+000  5.5021900e+000 -1.1170800e+001
  3.3158800e+000  1.7403200e+000  6.4380000e-001 -9.4554000e-001  6.7912000e-001
  1.4508570e+001  2.9810800e+000 -2.4672500e+000  1.5961200e+000 -6.9879600e+000
  2.9807900e+001  1.2417680e+001 -8.6347600e+000  5.2042800e+000 -1.3507240e+001
  2.2764510e+001  5.9610900e+000 -2.3773700e+000  1.5291300e+000 -5.4220000e+000
  1.1036970e+001  4.8934400e+000 -7.3544600e+000  4.4010000e-001 -2.7003300e+000
  4.0825400e+000  1.0111200e+000 -2.1672000e-001 -7.1520000e-001 -1.0303000e+000
  1.3413830e+001  8.0653900e+000 -4.3537800e+000 -1.8555000e+000 -2.6438000e+000
  1.6563410e+001  5.1149100e+000 -3.2060400e+000 -4.2935900e+000 -1.0862300e+000
  4.0136940e+001  1.2775120e+001 -1.9229800e+001 -3.5577700e+000 -1.5428520e+001
  1.9066020e+001  6.3605400e+000 -5.2777500e+000 -3.1893300e+000 -5.4689500e+000
  2.0700060e+001 -6.3245000e-001 -5.5988700e+000  4.5848000e-001 -8.5563300e+000
  1.3325684e+002  4.2908950e+001 -7.6959950e+001  8.4955600e+000 -6.4120000e+001
  4.7652750e+001  7.6831100e+000 -1.6882350e+001 -1.6110000e-002 -1.9781050e+001
  2.3299670e+001  5.0774400e+000 -1.9888600e+000 -2.6711300e+000 -4.8702900e+000
  1.5571530e+001  1.0602890e+001 -3.1684100e+000 -5.5254000e-001 -4.7840400e+000
  1.3875740e+001  4.6968600e+000  6.1685000e-001 -4.5609200e+000 -7.5670000e-001
  2.3564990e+001  5.1807600e+000  2.9811600e+000 -2.9619800e+000  1.2353300e+000
  3.4932850e+001  8.8433200e+000 -4.9617000e-001 -2.9162100e+000 -3.1680200e+000
  1.1368280e+001  3.1750000e-001 -3.3819000e+000  5.9664000e-001 -7.7944000e-001
  1.2862710e+001  3.5146500e+000 -1.2185900e+000 -7.8209000e-001 -1.5097100e+000
  1.1274650e+001  2.7740000e-002 -5.5480000e+000  7.1374000e-001 -5.2613000e-001
  1.3126040e+001  6.8100000e-002 -3.7571200e+000  1.6017100e+000 -2.9242000e-001
  3.1238190e+001  8.9227000e-001 -1.1379820e+001  2.5577600e+000 -7.1023000e-001
  6.8150640e+001  6.9058000e-001 -2.4122010e+001  3.6619600e+000 -7.4309000e-001
  3.7579580e+001  4.9256800e+000 -1.6134620e+001  2.6895200e+000 -9.8584800e+000
  1.0912774e+002  1.1867800e+001 -2.6435740e+001  1.0043000e+001 -4.7912200e+000
  4.5881600e+001 -6.0542000e+000 -1.3661160e+001  7.3817100e+000 -2.8119800e+000
  3.4625240e+001 -5.7284400e+000 -6.4257800e+000 -1.1981000e+000 -4.8521400e+000
  1.4442359e+002 -3.4180530e+001 -2.7204380e+001  5.1467300e+000 -3.2175290e+001
  1.0562708e+002 -2.8103920e+001 -2.1182610e+001  7.2552500e+000 -2.0494240e+001
  7.1458050e+001  1.1636580e+001  8.5159000e+000  4.4990600e+000 -9.3782800e+000
  3.4564940e+001 -6.6147300e+000 -1.0486900e+000  1.9615500e+000 -3.5176600e+000
  5.3575540e+001 -4.6425200e+000  4.0417400e+000 -1.0614600e+000  2.3880300e+000
  3.4513280e+001 -9.7115800e+000  3.3543000e+000  1.7500600e+000  3.1101400e+000
  3.6831260e+001  3.8253500e+000  1.3761400e+001 -1.4896800e+000  4.2666500e+000
  1.7416770e+001 -1.4484000e-001  4.6154200e+000 -2.4983000e-001  1.7083300e+000
  1.1427540e+001 -1.7659800e+000  5.8705000e-001 -3.6391000e-001  1.0928300e+000
  2.4226870e+001 -2.3424200e+000  6.9941000e-001 -9.0685000e-001  3.3268100e+000
  1.4844770e+001 -4.4304200e+000 -1.4362000e+000  1.4924600e+000  1.7740000e-002
  1.1204580e+001 -9.7830000e-001 -1.5288600e+000  9.3182000e-001  1.3326000e-001
  1.0947600e+001 -2.0980000e-001 -8.0625000e-001 -2.0428000e-001  5.6538000e-001
  2.5725630e+001 -6.7504000e-001 -7.2393900e+000  3.7306100e+000 -9.4218000e-001
  2.1944980e+001 -6.4354400e+000 -7.8193000e+000  4.8355300e+000 -4.0447000e-001
  2.0147280e+001 -1.5475800e+000 -6.3241900e+000  4.5559700e+000 -1.9749800e+000
  3.6048990e+001  1.9939760e+001 -6.4336600e+000  2.8303500e+000 -7.3862400e+000
  4.6190370e+001  9.6943400e+000 -1.4501580e+001  1.1058580e+001 -7.5753600e+000
  1.1796880e+001  1.7455000e-001 -2.1736600e+000  1.7511300e+000 -3.1507000e-001
  1.2403100e+001  7.7059000e-001 -1.6403800e+000  1.8234100e+000 -1.6833800e+000
  1.3632410e+001  7.9162000e-001 -3.7468100e+000  3.8910800e+000 -4.2056600e+000
  4.3958520e+001  1.7393790e+001 -2.9858900e+000  2.2931000e-001 -5.7648700e+000
  6.2217790e+001  2.8883910e+001 -1.2152310e+001 -7.2218400e+000 -8.0993600e+000
  2.8795250e+001 -2.6541300e+000 -6.0637700e+000  2.3932600e+000 -3.5700200e+000
  3.7102160e+001  9.5914000e-001 -1.9235320e+001  9.7805200e+000 -1.0958980e+001
  3.8638780e+001 -4.5259200e+000 -1.6805050e+001  4.4882700e+000 -9.9851900e+000
  2.3121880e+001  1.4404600e+000 -1.1619010e+001  7.6167000e-001 -4.9276400e+000
  1.5341260e+001  4.6683200e+000 -3.0617300e+000  9.3018000e-001 -1.7432900e+000
  4.0064040e+001  5.4618900e+000 -2.2818090e+001  3.7699900e+000 -1.3165520e+001
  2.4020430e+001 -2.2478400e+000 -1.3771960e+001  2.6857000e+000 -6.8234800e+000
  4.1622880e+001 -5.2016400e+000 -3.3736480e+001  9.5712200e+000 -1.7989540e+001
  2.5089550e+001 -6.4209200e+000 -1.2722170e+001  4.3947700e+000 -6.4076300e+000
  5.8205000e+001 -1.4621280e+001 -1.6572840e+001  1.3058900e+000 -1.0388650e+001
  9.2805450e+001 -1.5078600e+001 -2.8065650e+001  6.6409400e+000 -1.1868520e+001
  4.0894050e+001 -1.0647370e+001 -1.0541440e+001  9.5847000e-001 -3.4602300e+000
  3.1284340e+001  3.1610800e+000 -8.4206600e+000 -2.0933800e+000 -1.3938200e+000
  3.2091760e+001 -4.8227000e+000 -1.6977300e+001 -3.1990700e+000 -3.1028300e+000
  1.4515640e+001 -2.2685700e+000 -1.0725570e+001 -1.7060600e+000 -2.7764700e+000
  4.5617800e+001 -1.4754870e+001 -2.4490910e+001 -4.6806400e+000 -4.6077500e+000
  2.6083640e+001 -1.0377400e+001 -1.1116510e+001 -1.4890500e+000 -3.2572700e+000
  4.3218160e+001 -1.1758490e+001 -2.6262180e+001 -4.8832300e+000 -1.6564140e+001
  2.9946300e+001 -1.2210400e+001 -1.2400240e+001 -2.1462900e+000 -9.3094400e+000
  2.7879600e+001 -1.0845830e+001 -1.2856740e+001 -3.4032000e-001 -4.9415900e+000
  1.4385140e+001 -6.1878600e+000 -6.5375200e+000  9.2484000e-001 -4.6358600e+000
  1.6459670e+001 -3.3643800e+000 -3.8565300e+000 -1.9094300e+000 -3.7801700e+000
  2.5984070e+001 -9.0289800e+000 -8.7119600e+000  1.2328600e+000 -4.6845500e+000
  3.4371000e+001 -1.7274760e+001 -3.9925300e+000  1.3824900e+000 -4.1438800e+000
  4.5006350e+001 -2.4330130e+001 -1.0777710e+001 -9.4690000e-002 -2.3292400e+000
  7.4148850e+001 -1.5913160e+001 -2.6061910e+001  2.3138500e+000 -1.0992470e+001
  3.1294330e+001 -1.5155420e+001 -5.5930900e+000 -8.4438000e-001 -4.1932000e-001
  5.2511860e+001 -1.1966880e+001 -2.0012040e+001 -2.4717000e-001 -9.2257700e+000
  6.6358480e+001 -3.5735230e+001 -6.6758000e+000  3.5700400e+000 -7.3410000e+000
  4.6086580e+001 -2.5749680e+001 -9.7533700e+000  8.5091800e+000 -5.1929800e+000
  6.7608895e+002 -2.0349837e+002 -1.0863390e+002  2.6436000e-001 -3.1932100e+001
  9.1222160e+001 -4.3663270e+001 -2.0023770e+001  5.4301500e+000 -7.6632300e+000
  5.5908340e+001 -2.9252520e+001 -6.6834800e+000  2.6579700e+000 -3.9415400e+000
  3.2896730e+001 -1.9667830e+001 -7.8436600e+000  2.1732500e+000 -4.2409400e+000
  3.3817340e+001 -1.7934350e+001 -7.8350000e+000  3.6898500e+000 -4.1557300e+000
  2.8063900e+001 -1.1281800e+001 -5.2017000e+000  1.2037400e+000 -5.0503600e+000
  2.6189340e+001 -1.2490820e+001 -6.2687800e+000  2.9073600e+000 -2.5673200e+000
  2.0841360e+001 -1.2057730e+001 -5.2266200e+000  2.8928900e+000 -1.2305000e+000
  6.2035320e+001 -2.7341170e+001 -1.3081130e+001  8.1346400e+000 -5.8499500e+000
  3.9280120e+001 -1.6014710e+001 -8.1624300e+000  4.9698500e+000 -4.1051700e+000
  2.8939220e+001 -1.2785510e+001 -7.2669200e+000  4.8625000e+000 -2.9570300e+000
  8.5947300e+001  3.3772000e-001 -3.8415890e+001  2.2327190e+001 -3.4097450e+001
  6.9365890e+001 -2.2150440e+001 -2.0049530e+001  1.4538940e+001 -2.5277910e+001
  5.4294650e+001 -8.6671400e+000 -1.4099380e+001  1.2384210e+001 -1.4530130e+001
  3.5191730e+001 -9.4423100e+000 -7.4873000e+000  2.2283400e+000 -3.1914600e+000
  2.4548490e+001 -4.6690000e+000 -2.7820000e+000  3.7202200e+000 -3.9696600e+000
  4.5946080e+001 -7.6763800e+000 -8.7568000e-001 -1.1233800e+000 -4.1877600e+000
  1.7371750e+001  1.6050000e+000  3.9092000e+000  4.5705000e-001  9.6595000e-001
  2.8242480e+001 -1.5373100e+000 -4.5482200e+000  2.0142500e+000 -1.5861600e+000
  1.7347240e+001 -2.2732400e+000 -5.5058800e+000 -6.1174000e-001 -2.2094800e+000
  1.4137620e+001 -1.2560900e+000 -5.2933600e+000 -6.5784000e-001 -2.0733700e+000
  1.7163450e+001 -2.0911700e+000 -3.3285700e+000  2.9735000e-001 -1.9448200e+000
  2.0280280e+001 -8.9929400e+000  6.5015000e-001  1.2560000e+000  1.7444000e+000
  8.8314100e+000 -1.1253300e+000 -4.6709000e+000  3.6348000e-001 -2.3206000e+000
  1.0094800e+001  1.7625300e+000 -5.2647400e+000 -3.3194000e-001 -2.8145100e+000
  1.9558720e+001  1.1682600e+000 -3.2470200e+000 -1.6039700e+000 -3.0432500e+000
  2.4631220e+001 -2.3340000e-001 -6.4681900e+000  4.8790000e-001 -6.1812800e+000
  9.2717300e+000 -3.8857500e+000 -1.8562900e+000 -3.3068000e-001 -2.0179200e+000
  2.0421850e+001 -1.3256600e+000 -6.5334300e+000  9.2250000e-002 -2.9146300e+000
  7.7408600e+000 -1.3521900e+000  7.4460000e-002  2.6906000e-001 -3.5430000e-002
  1.0003130e+001 -4.0055400e+000 -3.3273300e+000 -3.5147000e-001 -2.9302000e+000
  7.2962000e+000  1.0415000e+000 -2.8087300e+000 -1.2162100e+000 -1.4393700e+000
  1.4001990e+001 -6.7981000e-001 -5.3390700e+000 -2.2203900e+000 -3.0650800e+000
  2.6597590e+001 -9.5471500e+000 -5.1615300e+000  9.2269000e-001 -3.1661000e-001
  1.8668350e+001 -2.5340300e+000 -5.1057000e+000 -2.3029000e-001 -1.8509300e+000
  3.5420070e+001  3.7143100e+000 -2.2705310e+001 -3.2424500e+000 -1.6691580e+001
  1.8037600e+001 -1.0048180e+001 -3.4546800e+000  2.5869600e+000 -5.2708000e-001
  3.0039980e+001 -1.4533940e+001 -1.2724210e+001  4.4374700e+000 -6.7146400e+000
  3.7566510e+001 -1.7118480e+001 -9.3334600e+000  5.5009900e+000 -4.4930000e-001
  3.8525150e+001 -2.2109040e+001 -9.8382100e+000  4.4328600e+000 -6.7204700e+000
  7.8152220e+001 -1.8711580e+001 -2.5158380e+001  5.5259000e-001 -1.5097600e+001
  2.9151950e+001 -8.9985300e+000 -7.6062900e+000  2.9941700e+000 -5.8015900e+000
  4.0434250e+001 -1.8135700e+000 -1.6860570e+001 -3.0375400e+000 -1.2204610e+001
  1.4720276e+002 -2.3544220e+001 -5.1804440e+001  2.0557600e+000 -4.2590100e+001
  9.0545460e+001  1.0191760e+001 -4.3537790e+001 -6.8039800e+000 -4.1148330e+001
  8.5484070e+001 -3.3347880e+001 -3.3755830e+001 -6.5646400e+000 -3.2346010e+001
  8.6139330e+001 -2.8788600e+001 -6.9307180e+001 -3.3970010e+001 -4.1584690e+001
  5.7124940e+001 -1.9820480e+001 -2.2953360e+001 -5.0746000e+000 -7.5787400e+000
  6.3522250e+001 -3.9192810e+001 -1.7769330e+001 -1.1552780e+001 -5.2178500e+000
  1.4394035e+002  7.5561400e+000 -9.7081660e+001 -8.0047660e+001 -4.2007020e+001
  1.7312192e+002  6.3325250e+001 -1.2260369e+002 -1.1237857e+002 -6.4553750e+001
  2.1187790e+001 -2.2695900e+000 -9.9871900e+000 -7.8169000e+000 -9.4651500e+000
  6.9784130e+001  2.7297400e+000 -4.8218460e+001 -3.5742880e+001 -3.0242280e+001
  8.0185910e+001 -4.1548700e+000 -5.9530590e+001 -2.2947930e+001 -4.2803060e+001
  6.5614020e+001 -1.0425460e+001 -3.8067480e+001 -1.1771640e+001 -2.5919300e+001
  8.8903120e+001  8.8170000e-002 -1.0059590e+001 -1.2170670e+001 -2.6324790e+001
  6.0470510e+001  1.2092700e+000 -2.1529110e+001 -1.7498440e+001 -3.0435090e+001
  3.2599060e+001 -9.0019300e+000 -2.6456600e+000 -5.1192700e+000 -9.5217600e+000
  5.4302880e+001 -1.2549550e+001 -2.2909910e+001 -2.9067300e+000 -2.0484600e+001
  2.2860985e+002 -3.9135120e+001 -3.5362310e+001 -2.6480050e+001  7.7270000e+000
  1.4423992e+002 -2.3518600e+001 -1.8106870e+001 -3.3858930e+001  1.5622130e+001
  1.1768110e+002 -3.0404450e+001 -1.5377550e+001 -2.2511050e+001  8.5890000e+000
  5.6402600e+001 -7.7738500e+000 -1.1106750e+001 -1.2312770e+001  2.2580400e+000
  3.1796210e+001  3.6150800e+000  1.8217000e+000 -1.1634970e+001  8.0863100e+000
  2.0390790e+001  9.8359600e+000  5.3845000e-001 -7.3400900e+000  5.1213300e+000
  2.0759190e+001  6.5034700e+000 -1.8142000e-001 -8.0170300e+000  6.6081900e+000
  1.9962390e+001  8.6639700e+000  2.5785200e+000 -9.6057700e+000  6.6698100e+000
  2.5055900e+001  1.4156650e+001 -1.0655650e+001 -1.1153100e+001  3.2735000e+000
  2.1209910e+001  3.7266000e+000 -4.2283100e+000 -1.7792400e+000 -2.5113000e-001
  1.8848080e+001  4.4304500e+000 -2.4612300e+000 -3.5478200e+000  5.0420000e-002
  2.3042760e+001  6.5823900e+000 -3.7504000e+000 -2.3638000e+000 -4.3590000e-001
  2.2219140e+001  1.2485930e+001 -4.6784200e+000  8.4355000e-001 -6.6187000e-001
  2.3080260e+001  1.1386640e+001  1.6817000e-001  2.1129000e-001 -4.6790000e-001
  1.6549100e+001  4.7818000e-001 -8.2050000e-001 -8.9677000e-001  3.9335000e-001
  2.1778720e+001  9.9999600e+000 -2.7613800e+000 -1.9125500e+000  8.2001000e-001
  2.5848100e+001  1.5910540e+001 -7.0501400e+000 -1.4485600e+000 -2.7712200e+000
  1.4629800e+001  8.9317400e+000 -1.2051200e+000  2.8536000e-001 -2.3543400e+000
  2.3994180e+001  3.7406400e+000  6.4934000e-001  5.0569000e-001 -1.9609000e+000
  2.0650780e+001  2.4319000e+000  9.6100000e-001  1.5034700e+000 -2.4633000e-001
  7.1622830e+001  8.5684700e+000  9.5230400e+000  6.4171200e+000  3.1145300e+000
  8.2509540e+001  2.1648800e+001  2.5904800e+000  3.0189400e+000  2.1516000e-001
  1.4012837e+002  2.6462950e+001  1.5460200e+000  1.0756500e+001 -4.9691800e+000
  8.4223220e+001  1.5755220e+001 -1.0687460e+001 -9.9684800e+000  5.2489800e+000
  2.8802568e+002  1.9722660e+001  1.9016186e+002 -4.8463350e+001 -4.4894600e+000
  1.3114488e+003  3.3379260e+001  2.4184019e+002 -8.5615800e+001 -9.3324980e+001
  5.0432930e+002  5.8137910e+001  2.3013629e+002 -7.9206310e+001 -2.7081890e+001
  2.7110750e+002  9.6094530e+001  1.4360497e+002 -2.3765710e+001 -1.7751660e+001
  9.6643260e+001  3.4049000e+001  6.5322040e+001 -1.4006300e+001  1.4238880e+001
  1.0517380e+002  4.6295500e+001  6.0777500e+001 -1.1699600e+001  1.5738800e+001
  4.9508100e+001  1.2796600e+001  1.9950800e+001 -6.1435000e+000  5.1330000e+000
  1.7341837e+002  5.0153620e+001  6.7808520e+001 -2.5247050e+001  2.1101630e+001
  1.3271486e+002  5.7207900e+001  2.7220790e+001 -3.3887240e+001  3.6387340e+001
  4.4136110e+001  1.5237680e+001  6.4384300e+000 -1.0430170e+001  1.0913970e+001
  4.9520800e+001  1.9828430e+001  6.2095200e+000 -1.2956110e+001  1.1430940e+001
  4.3067600e+001  1.5705100e+001 -1.0846000e+000 -6.7524000e+000  7.3946000e+000
  3.4072370e+002  8.5223700e+001  2.0314200e+001 -6.7476300e+001  1.7195000e+000
  2.1388960e+002  9.2661500e+001  2.1368400e+001 -4.5399500e+001 -9.1445000e+000
  3.0081400e+001  1.7612900e+001  4.3253000e+000 -1.0716900e+001 -1.6412000e+000
  6.4547000e+001  1.5709500e+001 -8.0066000e+000 -7.6135000e+000 -8.5239000e+000
  3.9788800e+001  8.9387000e+000  3.5278000e+000 -1.1879000e+000 -4.1999000e+000
  3.7316580e+001  1.7472800e+000  8.6440700e+000 -7.0399000e-001 -3.3270000e-002
  2.6978500e+001  5.7947000e+000  3.9398000e+000 -6.9038000e+000  4.0106000e+000
  6.0095200e+001  1.5218600e+001  7.3920000e+000 -8.3985000e+000  2.4447000e+000
  3.0337000e+001  1.4113700e+001 -4.9330000e-001 -5.4498000e+000 -5.1010000e-001
  3.8504100e+001  1.5088200e+001 -4.9393000e+000 -5.9781000e+000 -4.8748000e+000
  4.7260000e+001  1.5858200e+001 -5.7850000e+000 -6.0288000e+000 -5.0902000e+000
  3.3890400e+001  2.5251900e+001 -1.0398700e+001 -8.7468000e+000 -6.4210000e+000
  2.3823000e+001  8.0708000e+000 -4.8140000e+000 -4.3849000e+000 -3.8079000e+000
  5.6788200e+001  1.2699100e+001 -1.9714000e+000 -8.1625000e+000 -3.1534000e+000
