  8.2171700e+000 -1.6193300e+000  2.2573200e+000  6.3537000e-001 -9.9090000e-001
  2.1696620e+001 -2.0165100e+000  2.9639000e+000 -7.2542000e-001 -3.9588600e+000
  1.7414200e+000 -1.5463000e-001  1.5883000e+000  9.6370000e-002  1.3485700e+000
  5.4676200e+000 -1.2166000e-001  1.9897400e+000  5.1987000e-001 -9.3470000e-002
  3.0766200e+000 -3.3972000e-001 -2.3088000e-001  1.7944000e-001 -7.5962000e-001
  6.0335700e+000  6.9974000e-001  1.0724000e+000 -1.5655500e+000 -8.6924000e-001
  4.1246600e+000 -2.1720000e-002  3.2872000e-001 -3.0648000e-001 -1.2201400e+000
  2.0240060e+001  9.0195100e+000 -3.1307000e-001  1.3408800e+000 -3.7349600e+000
  5.9853000e+000  1.3579000e+000  3.8300000e-002  6.7065000e-001 -4.8600000e-001
  3.6478700e+000  4.8398000e-001  9.2737000e-001 -1.0661600e+000 -4.5983000e-001
  1.0550310e+001  2.7468300e+000  3.1798300e+000 -1.0689800e+000 -1.4663600e+000
  1.6023450e+001  9.4627300e+000  1.4453000e+000 -6.4281000e-001 -2.4832800e+000
  4.3195920e+001  4.8267400e+000 -1.1286400e+001  8.0587000e+000 -1.5671020e+001
  2.0973080e+001 -1.1278800e+000 -4.0071800e+000  3.2564800e+000 -5.5194800e+000
  1.0046800e+001  2.9895900e+000 -1.3932000e-001  9.2046000e-001 -2.9404900e+000
  1.8766240e+001  7.2300200e+000 -2.9317100e+000  2.0690000e-002 -7.5015000e+000
  6.5352800e+000  4.0852000e-001  1.7366000e+000 -1.0751400e+000  1.9518200e+000
  1.2345370e+001  5.7426800e+000 -1.7348500e+000  1.3248200e+000 -3.8224600e+000
  2.1725500e+001  1.0665280e+001 -5.3296600e+000  6.7598000e-001 -8.2995400e+000
  1.8107410e+001  4.2816900e+000  5.0093000e-001  1.5067300e+000 -4.4218000e+000
  1.1160270e+001  4.5170400e+000 -5.7527600e+000  2.3790000e-001 -2.4682300e+000
  7.4668400e+000  1.2441200e+000 -4.8772000e-001 -1.0276000e+000 -1.2178000e+000
  1.8024230e+001  7.5694900e+000 -3.6577800e+000 -1.8388000e+000 -1.3941000e+000
  1.4740410e+001  4.2678100e+000 -2.1966400e+000 -2.4674900e+000 -4.8733000e-001
  3.2349540e+001  7.4568200e+000 -1.3834000e+001 -2.8432700e+000 -1.1369420e+001
  2.1136020e+001  5.6833400e+000 -5.3920500e+000 -2.9463300e+000 -4.2767500e+000
  1.9063560e+001  2.8795000e-001 -2.9333700e+000 -1.3087200e+000 -4.4755300e+000
  9.5386440e+001  2.8967450e+001 -5.4057150e+001  5.3405600e+000 -4.3837300e+001
  3.3383950e+001  4.5714100e+000 -1.1667750e+001 -2.5641000e-001 -1.3465250e+001
  1.6011770e+001  3.2650400e+000 -1.1035600e+000 -1.1154300e+000 -2.8752900e+000
  1.0973430e+001  6.1711900e+000 -1.3086100e+000 -1.3823400e+000 -2.6161400e+000
  1.2531140e+001  3.1649600e+000 -9.0695000e-001 -1.9621200e+000 -2.1363000e+000
  2.2294790e+001  5.7210600e+000  3.1065600e+000 -2.2028800e+000 -3.2837000e-001
  2.6922250e+001  4.5995200e+000 -1.0577700e+000 -1.8616100e+000 -2.9041200e+000
  9.1674800e+000  1.0209000e+000 -4.6500000e-001 -1.1445600e+000  4.4160000e-002
  1.1643410e+001  2.3437500e+000 -1.3676900e+000 -4.8519000e-001 -1.0744100e+000
  9.1096500e+000 -1.2359600e+000 -3.2307000e+000  1.7440000e-002 -5.1313000e-001
  1.1604140e+001 -5.1180000e-001 -1.4342200e+000  1.2736100e+000 -7.7620000e-002
  2.3929590e+001  6.5487000e-001 -7.2483200e+000  1.0347600e+000  1.0864700e+000
  5.0530440e+001  1.0344800e+000 -1.7394610e+001  1.6014600e+000  1.7365100e+000
  3.6707280e+001  1.9947800e+000 -1.2274720e+001  2.3510200e+000 -6.4482800e+000
  8.6814140e+001  5.9759000e+000 -2.0657640e+001  7.9348000e+000 -3.5217200e+000
  4.2794500e+001 -3.5230000e+000 -6.6888600e+000  2.9391100e+000  5.5082000e-001
  4.2556940e+001 -9.5487400e+000 -7.3759800e+000 -1.1178000e+000 -5.5806400e+000
  1.3319539e+002 -3.3973830e+001 -2.2959680e+001  6.4262300e+000 -2.9975290e+001
  1.1858648e+002 -3.5694620e+001 -3.0719510e+001  7.7083500e+000 -2.1241040e+001
  6.2893950e+001  2.7906800e+000  3.2169000e+000  2.1484600e+000 -8.1677800e+000
  3.2070840e+001 -5.6422300e+000 -4.5849000e-001  1.3845500e+000 -2.9701600e+000
  4.5269940e+001 -7.2194200e+000  1.6768400e+000  1.5304000e-001  7.2473000e-001
  3.5241980e+001 -1.2373080e+001  1.0166000e+000  2.5583600e+000  2.3917400e+000
  3.1026460e+001 -2.4864500e+000  9.4018000e+000  3.3232000e-001  2.2553500e+000
  1.7202270e+001 -1.2104400e+000  4.6247200e+000  3.7047000e-001  9.8813000e-001
  1.1971340e+001 -3.7339800e+000  6.7105000e-001 -3.6311000e-001  1.7497300e+000
  2.3101170e+001 -6.5342200e+000 -2.2127900e+000  4.9555000e-001  1.5637100e+000
  1.2714970e+001 -3.3425200e+000 -1.1551000e+000  1.0320600e+000 -1.4036000e-001
  9.6642800e+000 -2.4341000e+000 -2.0633600e+000  1.1928200e+000 -1.8134000e-001
  1.2225600e+001 -3.1411000e+000 -3.1917500e+000  5.3852000e-001  1.2142800e+000
  1.9460130e+001 -2.8571400e+000 -5.8048900e+000  2.7606100e+000  1.1882000e-001
  1.8425980e+001 -6.8434400e+000 -6.7218000e+000  4.0345300e+000 -4.3997000e-001
  1.7197980e+001 -2.5067800e+000 -5.4043900e+000  3.1046700e+000 -2.0129800e+000
  2.9143590e+001  1.3949260e+001 -5.2607600e+000  3.3497500e+000 -5.0115400e+000
  3.3467270e+001  6.0278400e+000 -1.0597080e+001  7.7385800e+000 -5.0219600e+000
  1.0990880e+001  1.5545000e-001 -2.2788600e+000  1.5816300e+000 -1.0426700e+000
  1.2044300e+001 -2.4491000e-001 -1.8720800e+000  1.7297100e+000 -1.3139800e+000
  1.4673110e+001 -7.1298000e-001 -3.2595100e+000  2.9999800e+000 -2.2638600e+000
  3.7494120e+001  9.7689900e+000 -3.4691900e+000  1.1435100e+000 -4.3404700e+000
  6.9034890e+001  1.7784710e+001 -1.0297210e+001 -7.6819400e+000 -5.0535600e+000
  4.2827450e+001 -7.1862300e+000 -6.4610700e+000  1.1153600e+000 -5.1046200e+000
  3.6287460e+001 -2.0618600e+000 -1.7736520e+001  8.0904200e+000 -9.1582800e+000
  4.1800580e+001 -4.7283200e+000 -1.4510850e+001  2.8791700e+000 -9.1613900e+000
  3.0115580e+001 -3.3540400e+000 -9.6743100e+000  1.6327000e-001 -3.4483400e+000
  1.6386760e+001 -7.0548000e-001 -4.4752300e+000  6.6378000e-001 -1.6514900e+000
  3.6529040e+001  4.0135900e+000 -2.2308490e+001  2.9371900e+000 -1.2182120e+001
  2.7082030e+001 -5.2485400e+000 -1.5082460e+001  3.2453000e+000 -8.0464800e+000
  3.2161080e+001 -6.0512400e+000 -2.3475380e+001  6.1965200e+000 -1.2759440e+001
  1.8230250e+001 -5.4608200e+000 -9.4561700e+000  3.5000700e+000 -5.4644300e+000
  5.6926000e+001 -2.1618380e+001 -1.2255440e+001 -8.2201000e-001 -7.3917500e+000
  8.4184250e+001 -2.8184800e+001 -2.3912650e+001  7.2222400e+000 -1.0033720e+001
  3.3188750e+001 -1.3046770e+001 -9.2699400e+000  4.0737000e-001 -2.3671300e+000
  2.1840840e+001 -1.0298200e+000 -6.1190600e+000 -9.0518000e-001 -1.8377200e+000
  2.3612660e+001 -5.7432000e+000 -9.5649000e+000 -1.8392700e+000 -1.7711300e+000
  1.2361840e+001 -5.1801700e+000 -5.5981700e+000 -2.3123600e+000 -1.3277000e-001
  2.7785500e+001 -6.7455700e+000 -1.2261710e+001 -2.5801400e+000 -2.6960500e+000
  2.4085240e+001 -1.0527900e+001 -7.5712100e+000 -1.4037500e+000 -2.2240700e+000
  2.7538760e+001 -1.0682990e+001 -1.1908780e+001 -3.0538300e+000 -6.5590400e+000
  2.1186900e+001 -1.0528600e+001 -8.0862400e+000 -1.6744900e+000 -6.5382400e+000
  1.4269300e+001 -8.0272300e+000 -3.7947400e+000  6.7488000e-001  5.0071000e-001
  1.8908040e+001 -9.6647600e+000 -6.7104200e+000  8.2264000e-001 -3.8429600e+000
  1.2323970e+001 -4.6095800e+000  1.3170000e-002 -1.8103000e-001  5.1043000e-001
  2.3706570e+001 -1.0705080e+001 -5.1372600e+000  9.0676000e-001 -1.0125500e+000
  2.9494600e+001 -1.4500160e+001 -2.9666300e+000  8.6629000e-001 -1.9150800e+000
  4.8106250e+001 -2.3841930e+001 -1.0185210e+001 -1.3435900e+000 -1.8783400e+000
  8.2572450e+001 -1.6812560e+001 -2.8116910e+001  1.6993500e+000 -1.3083970e+001
  4.0650030e+001 -1.8759620e+001 -7.6008900e+000 -1.4503800e+000 -1.9162000e-001
  4.9427760e+001 -1.4201580e+001 -1.4639840e+001  6.7230000e-002 -5.2379700e+000
  6.5980780e+001 -3.2640530e+001 -9.0481000e+000  2.8517400e+000 -7.5319000e+000
  4.2469480e+001 -2.2114280e+001 -1.0217270e+001  7.7018800e+000 -5.9595800e+000
  6.2688275e+002 -1.9074477e+002 -1.0802920e+002  2.2897600e+000 -3.1863500e+001
  8.9918460e+001 -4.2106270e+001 -1.8272070e+001  4.9324500e+000 -7.1322300e+000
  6.1372340e+001 -3.2865520e+001 -7.2139800e+000  2.9032700e+000 -3.0758400e+000
  3.1146230e+001 -1.9567030e+001 -8.1063600e+000  2.7916500e+000 -4.4046400e+000
  3.6291940e+001 -2.2889350e+001 -1.0078600e+001  8.8485500e+000 -2.0893300e+000
  2.1117400e+001 -8.5195000e+000 -3.0913000e+000  8.3364000e-001 -3.3942600e+000
  2.4193740e+001 -1.2598820e+001 -5.8626800e+000  2.0616600e+000 -3.1511200e+000
  2.3311360e+001 -1.3865030e+001 -6.5222200e+000  3.5221900e+000 -1.7728000e+000
  6.4159420e+001 -3.4026670e+001 -1.3900330e+001  8.5239400e+000 -4.6225500e+000
  3.6122420e+001 -1.5911210e+001 -9.2950300e+000  6.1987500e+000 -3.5392700e+000
  2.9930720e+001 -1.5591310e+001 -8.5117200e+000  4.7148000e+000 -3.0144300e+000
  1.0271980e+002 -6.9174800e+000 -4.8292890e+001  3.1170790e+001 -3.9964350e+001
  7.0050990e+001 -2.9470740e+001 -2.0970330e+001  1.5067440e+001 -2.3604510e+001
  5.9774750e+001 -8.6901400e+000 -2.0022480e+001  1.3815410e+001 -1.6892530e+001
  4.1419730e+001 -1.6613010e+001 -1.1148500e+001  6.3284400e+000 -4.6683600e+000
  3.4223590e+001 -8.2040000e+000 -3.6275000e+000  6.1848200e+000 -7.2998600e+000
  4.4198380e+001 -1.0128380e+001 -7.8492800e+000  3.2960200e+000 -8.4211600e+000
  2.1969050e+001 -6.9776000e+000 -1.5118400e+001  3.5377500e+000 -7.6474500e+000
  2.7499780e+001 -5.0016100e+000 -1.2085020e+001  6.1087500e+000 -6.7430600e+000
  1.6854740e+001 -4.9414400e+000 -5.3675800e+000  8.0746000e-001 -2.4341800e+000
  1.4183220e+001 -4.5880900e+000 -4.7813600e+000  1.1861600e+000 -1.8854700e+000
  2.0423850e+001 -2.5496700e+000 -1.7991070e+001  4.2980500e+000 -1.0869220e+001
  3.0671880e+001 -6.5022400e+000 -1.6494550e+001  1.0842000e+001 -8.0665000e+000
  1.2024710e+001 -4.7635300e+000 -8.5260000e+000  4.1661800e+000 -3.9017000e+000
  1.3525200e+001 -2.5569700e+000 -7.2668400e+000  2.3473600e+000 -4.1444100e+000
  1.4097520e+001 -5.6089400e+000 -1.4914200e+000 -1.2567000e-001 -1.5780500e+000
  1.7883720e+001 -5.7689000e+000 -2.7318900e+000  2.1225000e+000 -2.1702800e+000
  1.2446130e+001 -3.3591500e+000 -3.8996900e+000  3.6782000e-001 -1.4959200e+000
  1.8093050e+001 -7.7709600e+000 -5.1833300e+000  1.2857500e+000 -3.5187300e+000
  1.0645660e+001 -4.5138900e+000 -2.8575400e+000  3.2776600e+000 -3.2190300e+000
  1.7368630e+001 -1.1069240e+001 -2.8368300e+000  2.2476300e+000 -2.2699000e+000
  4.7557000e+000 -5.3727000e+000 -1.5640300e+000  9.8339000e-001  5.4143000e-001
  1.1684090e+001 -7.1045100e+000 -3.2924700e+000  1.0611100e+000  2.8707200e+000
  3.0193090e+001 -1.6626650e+001 -9.0047300e+000  5.2261900e+000 -2.3219100e+000
  2.2886350e+001 -7.5139300e+000 -3.9508000e+000  4.2081000e-001  6.3257000e-001
  2.5149270e+001 -4.9697900e+000 -1.3222910e+001  1.1235000e-001 -8.2864800e+000
  1.5842000e+001 -1.2544580e+001 -2.3472800e+000  4.9222600e+000  5.6912000e-001
  2.9417780e+001 -1.6989140e+001 -9.1091100e+000  6.5269700e+000 -1.0148400e+000
  5.2486110e+001 -2.6917180e+001 -1.4685160e+001  1.1787890e+001  1.1003000e+000
  4.4021250e+001 -2.6723640e+001 -1.1451510e+001  7.1687600e+000 -5.8139700e+000
  1.0068982e+002 -2.7087780e+001 -3.5467780e+001  3.3191900e+000 -1.8047900e+001
  2.6292250e+001 -1.0095730e+001 -8.1295900e+000  3.6875700e+000 -4.1637900e+000
  3.1405050e+001 -7.7663700e+000 -8.7906700e+000  2.9094600e+000 -1.2222100e+000
  1.2752026e+002 -3.2264620e+001 -4.1418540e+001  6.2812600e+000 -3.0115500e+001
  3.5752860e+001 -2.2712140e+001 -8.1240900e+000 -2.2559800e+000 -1.7774300e+000
  4.4154670e+001 -2.6086280e+001 -1.0561230e+001  4.1950600e+000 -6.0419100e+000
  3.2438730e+001 -8.2969000e+000 -1.5247280e+001 -5.6446100e+000 -6.1597900e+000
  2.3859840e+001 -1.2032380e+001 -8.2209600e+000  3.3353000e+000 -7.2143400e+000
  3.6464150e+001 -3.7106410e+001 -3.7183000e-001  7.1402200e+000  2.5297500e+000
  7.5489550e+001 -1.1860526e+002  3.9187540e+001  6.9145840e+001  1.4359580e+001
  2.6835420e+001 -3.8006150e+001 -6.7238900e+000  1.9998030e+001 -5.4570500e+000
  2.7698900e+000 -7.8610900e+000  6.7374100e+000  5.4987000e+000  9.0638500e+000
 -2.4171970e+001 -1.3173160e+001  4.0424740e+001  4.8033320e+001  4.1979820e+001
  3.2552100e+000 -6.8837000e-001  2.5146510e+001  1.7220670e+001  3.7791340e+001
  3.1642620e+001 -6.8172600e+000 -1.0415580e+001  9.8306000e-001 -3.1298000e+000
  3.9764420e+001 -7.7662300e+000  2.8531100e+000  7.9834300e+000  1.1851100e+000
  1.7942910e+001 -3.7455300e+000 -5.1444100e+000  6.8351600e+000  6.5991000e-001
  1.9419460e+001 -3.1244300e+000 -4.3234600e+000  4.9107300e+000  8.3584000e-001
  3.8739680e+001 -3.7961500e+000 -1.3870310e+001  4.9899700e+000 -7.5471000e+000
  1.8507775e+002 -5.0888920e+001 -3.3856610e+001  1.2459150e+001  1.0955000e+000
  5.4215520e+001 -1.6293800e+001 -1.8058670e+001  1.3273070e+001 -5.2711700e+000
  8.0097000e+001 -2.1202050e+001 -6.7794500e+000 -5.5750500e+000  3.7673000e+000
  4.2870100e+001 -6.6898500e+000 -7.6354500e+000 -9.5609700e+000  1.8416400e+000
  2.4438910e+001  4.5888000e-001 -1.7397000e+000 -2.2003700e+000  1.2132100e+000
  1.9687090e+001  5.1138600e+000 -1.3097500e+000 -4.6834900e+000  1.7725300e+000
  2.1579790e+001  5.1089700e+000 -6.9352000e-001 -3.9342300e+000  3.9130900e+000
  1.7427590e+001  3.8066700e+000  1.1792200e+000 -1.1160700e+000  1.2169100e+000
  1.7031800e+001  5.8037500e+000 -5.4815500e+000 -4.6277000e+000  1.2231000e+000
  2.5160110e+001  4.6743000e+000 -7.0648100e+000 -1.0597400e+000 -3.5643000e-001
  1.9373580e+001  3.7200500e+000 -2.4727300e+000 -2.5109200e+000 -2.0958000e-001
  1.8685360e+001  4.1741900e+000 -3.5582000e+000 -5.3200000e-002 -3.5010000e-001
  1.4780340e+001  5.0989300e+000 -2.1355200e+000  3.7535000e-001 -8.1057000e-001
  1.8062960e+001  6.0941400e+000  2.8037000e-001  1.5388900e+000 -1.9790000e-001
  9.3616000e+000  2.0919800e+000 -1.2460000e+000 -5.2697000e-001 -3.6275000e-001
  2.8531820e+001  1.1394360e+001  3.6813200e+000 -6.6555000e-001 -5.2829000e-001
  1.5954800e+001  7.3779400e+000 -3.3915400e+000  2.7894000e-001 -1.0361200e+000
  1.1642100e+001  6.2961400e+000 -2.0026200e+000  1.3506000e-001 -1.9662400e+000
  2.5509680e+001  5.0555400e+000  7.7504000e-001  5.1609000e-001 -1.2688000e+000
  1.8599080e+001  1.7553000e+000  4.8660000e-001 -1.1013000e-001 -2.3983000e-001
  6.6154430e+001 -3.3745300e+000  3.0348400e+000  5.8988200e+000  2.0233300e+000
  6.6003740e+001  1.1153800e+001 -1.5170200e+000  2.4134400e+000 -2.8340400e+000
  8.6513770e+001  5.6701500e+000  9.2020000e-002  4.1229000e+000 -3.0893800e+000
  4.4041420e+001 -2.3997800e+000 -2.2357600e+000 -2.0096800e+000  2.0953800e+000
  1.3443288e+002 -8.5318400e+000  8.0344360e+001 -1.9343250e+001 -9.1364600e+000
  7.2676725e+002 -3.9338140e+001  9.7605390e+001 -2.6651400e+001 -3.2401480e+001
  2.2512010e+002  2.4635210e+001  7.9228690e+001 -2.6619310e+001 -7.0134900e+000
  9.0682000e+001  2.2767530e+001  4.9394170e+001 -7.9311100e+000 -4.8912600e+000
  4.0154160e+001  1.3234500e+001  1.4955340e+001 -4.4067000e+000  5.8638800e+000
  3.7119200e+001  1.3573200e+001  1.5040700e+001 -1.9745000e+000  4.4744000e+000
  2.9018400e+001  5.5339000e+000  1.1254400e+001 -1.8662000e+000  4.1804000e+000
  9.5727070e+001  1.8620620e+001  2.9585120e+001 -1.2588650e+001  1.1026930e+001
  5.1586860e+001  1.5738200e+001  8.8292900e+000 -1.2282040e+001  1.2465740e+001
  1.8961710e+001  4.7646800e+000  4.8243000e-001 -3.2660700e+000  2.2369700e+000
  1.9307300e+001  5.4970300e+000  2.0872200e+000 -2.4518100e+000  4.3806400e+000
  2.4526700e+001  5.3516000e+000  3.0200000e-001 -2.2137000e+000  2.4193000e+000
  1.9403310e+002  4.3383100e+001  4.0165000e+000 -3.4333800e+001 -9.2790000e-001
  1.1483550e+002  4.0673300e+001  9.5727000e+000 -2.3175700e+001 -5.2159000e+000
  1.2566600e+001  4.4806000e+000  3.3460000e-001 -4.0244000e+000 -3.1440000e-001
  3.9161600e+001  9.8279000e+000 -2.3166000e+000 -4.9632000e+000 -3.2411000e+000
  2.0147100e+001  4.7846000e+000  1.6591000e+000 -1.6366000e+000 -1.4467000e+000
  2.6645580e+001  2.3203800e+000  2.7827700e+000  6.5341000e-001 -1.1233700e+000
  2.5342200e+001  1.9802000e+000  3.1585000e+000 -4.8429000e+000  1.9341000e+000
  4.2027200e+001  3.6996000e+000 -1.9880000e-001 -4.9516000e+000  3.4503000e+000
  2.1185000e+001  2.2961000e+000  2.1160000e-001 -3.9054000e+000  1.1518000e+000
  2.7574000e+001  1.6769000e+000 -1.2498000e+000 -3.9503000e+000 -8.5780000e-001
  3.4862500e+001  9.3074000e+000 -4.7346000e+000 -3.9436000e+000 -4.4495000e+000
  1.5717900e+001  4.0078000e+000 -1.0817000e+000 -1.4699000e+000 -1.3792000e+000
  2.1144600e+001  2.8138000e+000 -4.6978000e+000 -1.6891000e+000 -2.4120000e+000
  4.1071800e+001 -8.7268000e+000 -3.2795000e+000 -3.0140000e+000 -7.9400000e-001
