  1.2178070e+001 -2.5555300e+000  2.4054200e+000  1.8225700e+000 -2.0201000e+000
  3.9479720e+001 -7.4370100e+000  5.0439000e+000  1.8561800e+000 -7.2066600e+000
  3.5147200e+000 -7.3343000e-001  4.9610000e-001  1.9265700e+000 -1.0117300e+000
  7.0539200e+000 -9.3060000e-002  2.4053400e+000  1.1695700e+000 -1.3146700e+000
  7.9519200e+000 -1.8520200e+000  3.7132000e-001  8.9324000e-001 -2.7985200e+000
  7.7300700e+000 -1.0866000e-001 -2.0970000e-001 -4.2755000e-001 -2.8323400e+000
  1.0705760e+001  2.9880000e-002  8.4720000e-002 -1.4568000e-001 -3.6671400e+000
  2.6240660e+001  8.4791100e+000 -1.4294700e+000  2.0194800e+000 -5.7203600e+000
  1.5143200e+001  2.5091000e+000  1.2540000e-001  2.6395500e+000 -1.4514000e+000
  8.3205700e+000  3.2494800e+000  2.1777000e-001  2.6514000e-001 -5.8563000e-001
  1.8081510e+001  5.4591300e+000  3.7936300e+000 -1.0239800e+000 -3.0796600e+000
  4.7008950e+001  2.7296930e+001  5.3702000e+000 -6.4021000e-001 -5.4296800e+000
  7.8612520e+001  1.3501400e+000 -2.6246400e+001  1.7964300e+001 -3.6967020e+001
  5.0746880e+001 -8.4830800e+000 -2.0999780e+001  1.6448080e+001 -2.7571380e+001
  1.4436300e+001  3.0340900e+000 -1.3437200e+000  3.8228600e+000 -5.7940900e+000
  3.6277140e+001  8.8657200e+000 -8.9962100e+000  4.8990900e+000 -1.7164600e+001
  9.0357800e+000  3.8791200e+000 -6.8660000e-001  1.9474600e+000 -2.2012800e+000
  2.5174870e+001  6.6641800e+000 -7.5486500e+000  5.7896200e+000 -1.2149360e+001
  3.6338800e+001  1.0386980e+001 -1.4537660e+001  8.1165800e+000 -2.2742240e+001
  3.0814510e+001  1.9718900e+000 -5.3688700e+000  6.9262300e+000 -1.0492600e+001
  1.7033270e+001  2.4651400e+000 -1.2672160e+001  3.7479000e+000 -8.2449300e+000
  9.8112400e+000 -1.5607800e+000 -7.6232000e-001  1.2233000e+000 -2.5593000e+000
  1.9191830e+001  6.9915900e+000 -6.7643800e+000 -4.3750000e-001 -3.1346000e+000
  1.6525010e+001  9.5331000e-001 -6.5111400e+000  3.0701000e-001 -3.7874300e+000
  4.7974740e+001  6.8495200e+000 -2.6247800e+001 -1.0740700e+000 -2.2991620e+001
  2.5428620e+001  5.6088400e+000 -1.2000750e+001 -2.0927300e+000 -1.0302150e+001
  3.0079360e+001 -1.9783500e+000 -1.6708270e+001  5.2363800e+000 -1.5307630e+001
  1.6024414e+002  3.3022150e+001 -1.0235045e+002  1.3743860e+001 -8.4764300e+001
  5.6433450e+001  1.5937100e+000 -2.3066950e+001  4.1619900e+000 -2.3985250e+001
  2.6024470e+001  5.2325400e+000 -6.5609600e+000  5.8527000e-001 -1.0459990e+001
  1.9312130e+001  8.5774900e+000 -6.1737100e+000 -1.0030400e+000 -6.4127400e+000
  2.0170440e+001  3.1130600e+000 -3.5571500e+000 -2.4647200e+000 -3.8804000e+000
  4.3709090e+001  5.7457600e+000  5.1522600e+000 -3.2228800e+000  2.1580300e+000
  4.1754050e+001  2.1567200e+000 -3.4159700e+000 -7.1961000e-001 -6.2813200e+000
  1.9145280e+001  1.8896000e+000 -3.8877000e+000 -2.3586000e-001 -4.5764000e-001
  2.0327610e+001  6.5125000e-001 -4.3684900e+000  1.1989100e+000 -1.9555100e+000
  1.9280350e+001 -2.7620600e+000 -1.1332800e+001  3.1277400e+000 -3.8782300e+000
  2.3090740e+001 -4.1316000e+000 -7.5405200e+000  3.1003100e+000 -2.1487200e+000
  4.3123790e+001 -5.0363300e+000 -1.4409820e+001  3.0659600e+000 -8.1300000e-003
  8.0628640e+001 -1.7680120e+001 -2.9316410e+001  5.8321600e+000 -4.5976900e+000
  4.6232280e+001 -6.9016200e+000 -2.2448820e+001  7.1177200e+000 -1.1825480e+001
  1.3102874e+002 -8.8661000e+000 -3.8069340e+001  1.5407300e+001 -1.1036820e+001
  7.4670100e+001 -2.9530400e+001 -2.8548260e+001  1.9212810e+001 -1.2257080e+001
  6.7496340e+001 -2.3075240e+001 -1.5424480e+001  2.5172000e+000 -1.2395940e+001
  2.1355939e+002 -7.8178830e+001 -5.4827180e+001  2.7095830e+001 -6.2427890e+001
  2.1953038e+002 -9.2271520e+001 -6.4802310e+001  2.8718950e+001 -4.6150140e+001
  1.0726805e+002 -1.4584820e+001 -1.1849200e+001  1.6643060e+001 -2.2663880e+001
  6.4276840e+001 -2.0300430e+001 -6.2043900e+000  9.5552500e+000 -9.2331600e+000
  7.5564040e+001 -2.1881820e+001 -5.7189600e+000  6.3138400e+000 -2.6474700e+000
  5.3067480e+001 -2.4235180e+001 -2.3655000e+000  6.8892600e+000  1.3771400e+000
  5.3609560e+001 -7.3705500e+000  1.5395000e+001  7.4820000e-002  5.3840500e+000
  3.1389870e+001 -8.2490400e+000  3.8734200e+000  3.5250700e+000 -4.3967000e-001
  2.2249240e+001 -7.5745800e+000 -8.9335000e-001 -1.8401000e-001  1.8216300e+000
  3.7401470e+001 -1.3772920e+001 -7.9445900e+000  3.4464500e+000 -1.2008900e+000
  2.3565370e+001 -8.4168200e+000 -3.1082000e+000  3.2498600e+000 -1.4166600e+000
  1.8445780e+001 -6.4685000e+000 -3.8755600e+000  1.9394200e+000 -7.0194000e-001
  1.7901900e+001 -7.4990000e+000 -7.2201500e+000  3.0477200e+000  2.1298000e-001
  3.3097230e+001 -9.1346400e+000 -1.0917890e+001  5.1578100e+000 -5.0158000e-001
  3.4734580e+001 -1.4377040e+001 -1.2447300e+001  6.6839300e+000 -4.6957000e-001
  3.5663080e+001 -1.3178780e+001 -1.2614690e+001  7.5348700e+000 -1.6680800e+000
  4.9385390e+001 -4.6702400e+000 -1.4805260e+001  1.0076050e+001 -5.3192400e+000
  7.6642170e+001  1.4774000e-001 -2.7514880e+001  2.0682080e+001 -1.1786360e+001
  1.8951780e+001 -3.6320500e+000 -4.8775600e+000  3.1523300e+000 -1.0642700e+000
  1.9486700e+001 -2.4739100e+000 -4.0014800e+000  4.1110100e+000 -1.2686800e+000
  2.2884810e+001 -5.5226800e+000 -6.0275100e+000  6.5567800e+000 -3.5206600e+000
  4.0826220e+001  8.6139000e-001 -6.6119900e+000  3.6494100e+000 -6.0246700e+000
  7.0547390e+001 -5.9920900e+000 -1.5466310e+001  4.4144600e+000 -5.9141600e+000
  4.7898950e+001 -1.2760130e+001 -9.1391700e+000  3.8487600e+000 -3.6008200e+000
  5.1452860e+001 -6.3946600e+000 -2.5643220e+001  1.3746520e+001 -1.1532180e+001
  6.2720680e+001 -1.5264620e+001 -2.8587750e+001  1.0250170e+001 -1.4177990e+001
  4.3434580e+001 -1.1879140e+001 -1.4136010e+001  3.0496700e+000 -3.3787400e+000
  2.7602860e+001 -4.8289800e+000 -7.5207300e+000  2.4519800e+000 -2.6257900e+000
  4.6977040e+001 -5.6523100e+000 -2.7045690e+001  6.8665900e+000 -1.5709120e+001
  3.7917430e+001 -1.1688040e+001 -1.8639560e+001  3.7944000e+000 -1.0081180e+001
  4.7937080e+001 -1.2195340e+001 -3.7013580e+001  1.0314920e+001 -2.0396640e+001
  2.5741750e+001 -9.4629200e+000 -1.3438870e+001  5.0158700e+000 -8.1217300e+000
  7.5135900e+001 -3.9847280e+001 -1.5251440e+001  2.6919000e-001 -6.5634500e+000
  1.3028105e+002 -5.4032700e+001 -3.7481450e+001  1.1032940e+001 -1.4230320e+001
  4.8091350e+001 -1.9990270e+001 -1.5100940e+001  1.3960700e+000 -3.5369300e+000
  2.7871140e+001 -6.0373200e+000 -7.8581600e+000 -1.5680000e-002 -1.6883200e+000
  3.8023260e+001 -1.2536600e+001 -1.7601000e+001 -2.9260700e+000 -2.9822300e+000
  2.2030140e+001 -1.0586570e+001 -1.1074570e+001 -1.8405600e+000 -1.3092700e+000
  3.4255700e+001 -1.3394270e+001 -2.0556410e+001 -3.2519400e+000 -4.4369500e+000
  3.2937640e+001 -1.7391700e+001 -1.1832210e+001 -3.3199500e+000 -1.9812700e+000
  4.2012260e+001 -1.9225990e+001 -2.2892580e+001 -3.4030300e+000 -1.3669040e+001
  2.8595400e+001 -1.5104400e+001 -1.2125440e+001 -2.1630900e+000 -9.2907400e+000
  3.0333900e+001 -1.5073830e+001 -1.4352240e+001 -1.1642000e-001 -5.2956900e+000
  1.5310840e+001 -7.0961600e+000 -7.7728200e+000 -1.3166000e-001 -5.8567600e+000
  1.8676070e+001 -5.6960800e+000 -6.2586300e+000 -8.1303000e-001 -4.2363700e+000
  3.0823770e+001 -1.4314780e+001 -1.0304060e+001  1.1854600e+000 -3.9646500e+000
  3.7830700e+001 -1.9804160e+001 -3.7019300e+000  5.0799000e-001 -1.0568800e+000
  4.6755950e+001 -2.3696530e+001 -1.1581510e+001 -8.7769000e-001 -2.2241400e+000
  6.9635350e+001 -2.0345860e+001 -2.2301810e+001  2.2169500e+000 -7.1416700e+000
  3.4921830e+001 -2.0391420e+001 -7.7954900e+000 -2.9108000e-001 -1.5917200e+000
  5.2433260e+001 -2.0367580e+001 -1.6581940e+001  1.1984300e+000 -5.3477700e+000
  7.4015780e+001 -4.2961330e+001 -1.0450300e+001  1.4749400e+000 -8.1366000e+000
  4.9107280e+001 -2.8376580e+001 -1.0378270e+001  8.6898800e+000 -5.7857800e+000
  7.8493155e+002 -3.0672457e+002 -1.1639170e+002  1.5719160e+001 -2.5624500e+001
  1.1257686e+002 -5.6568870e+001 -2.6885470e+001  5.0167500e+000 -1.0243030e+001
  7.0350140e+001 -3.9699520e+001 -8.2726800e+000  3.0972700e+000 -4.1518400e+000
  3.0192130e+001 -1.7138530e+001 -7.9601600e+000  2.5819500e+000 -4.1490400e+000
  2.6204640e+001 -1.3999150e+001 -6.9700000e+000  3.7795500e+000 -3.6285300e+000
  2.2274900e+001 -9.4899000e+000 -3.7184000e+000  5.4264000e-001 -3.4460600e+000
  2.3554540e+001 -1.0869720e+001 -5.8686800e+000  1.8269600e+000 -2.9758200e+000
  1.9685560e+001 -9.8317300e+000 -4.4733200e+000  2.3497900e+000 -1.1122000e+000
  6.1012320e+001 -2.7743870e+001 -1.2604230e+001  7.5820400e+000 -5.2778500e+000
  3.9607020e+001 -1.5099010e+001 -1.0710030e+001  6.1516500e+000 -4.7274700e+000
  2.9976220e+001 -1.3245110e+001 -8.9234200e+000  3.7926000e+000 -3.5494300e+000
  1.0286330e+002 -1.8578000e-001 -4.7500090e+001  2.8640490e+001 -3.9585150e+001
  7.5165890e+001 -3.1364040e+001 -2.2550930e+001  1.6801740e+001 -2.6077610e+001
  5.7594750e+001 -6.0477400e+000 -1.4306680e+001  1.3860910e+001 -1.5333130e+001
  3.4424030e+001 -1.0673810e+001 -6.9561000e+000  3.6221400e+000 -2.6978600e+000
  3.1518390e+001 -6.8796000e+000 -1.9781000e+000  3.8341200e+000 -5.0411600e+000
  4.6845880e+001 -8.4534800e+000 -6.0652800e+000  1.1301200e+000 -7.1958600e+000
  1.6932150e+001  6.2940000e-001 -6.9406000e+000  1.3557500e+000 -2.9505500e+000
  3.1036980e+001  1.7027900e+000 -9.6416200e+000  3.0836500e+000 -4.2294600e+000
  2.1339040e+001 -4.7553400e+000 -7.1219800e+000  1.3756000e-001 -3.6791800e+000
  1.4707620e+001 -3.5521900e+000 -5.0480600e+000  3.5106000e-001 -3.0378700e+000
  1.9967250e+001 -7.3327000e-001 -2.2660700e+000  1.2272500e+000 -1.1080200e+000
  1.9442480e+001 -4.9720400e+000 -5.6947500e+000  7.3157000e+000 -5.1351000e+000
  1.2426210e+001 -4.7095300e+000 -6.5952000e+000  1.8683800e+000 -1.5344000e+000
  1.2645200e+001 -1.8305700e+000 -3.4050400e+000  7.6156000e-001 -3.8520100e+000
  2.1658920e+001 -4.3450400e+000 -2.2841200e+000 -2.0368700e+000 -2.3410500e+000
  2.2818420e+001 -3.3647000e+000 -4.7738900e+000  1.8776000e+000 -6.0573800e+000
  1.4970230e+001 -6.4241500e+000 -3.9013900e+000  7.0722000e-001 -2.9726200e+000
  2.3686950e+001 -7.7660600e+000 -6.8594300e+000  1.4744500e+000 -4.2098300e+000
  9.7678600e+000 -3.7043900e+000 -2.7923400e+000  3.5289600e+000 -2.9615300e+000
  1.3599430e+001 -9.8355400e+000 -1.6116300e+000  1.3825300e+000  3.0590000e-001
  9.4974000e+000 -7.5170000e-001 -4.9725300e+000  1.0990900e+000 -3.3758700e+000
  1.4443890e+001 -4.1295100e+000 -7.0264700e+000 -2.6269000e-001 -2.7634800e+000
  2.8326490e+001 -1.6296150e+001 -5.0287300e+000  4.1318900e+000  2.5962900e+000
  2.2985250e+001 -6.9450300e+000 -6.4492000e+000  1.0928100e+000 -1.0737300e+000
  3.9508070e+001  2.2811000e-001 -2.5397410e+001 -1.5630500e+000 -1.6441680e+001
  1.9970600e+001 -1.3653080e+001 -3.9401800e+000  5.1425600e+000  1.2573200e+000
  4.2426280e+001 -2.0366840e+001 -1.6778710e+001  9.7690700e+000 -5.2996400e+000
  5.2872610e+001 -2.6403780e+001 -1.7144760e+001  1.4435790e+001 -2.0397000e+000
  5.6034250e+001 -3.6714340e+001 -1.7885210e+001  1.1745460e+001 -6.7399700e+000
  1.1234182e+002 -2.6715480e+001 -4.3821380e+001  3.4586900e+000 -2.3363800e+001
  3.1899350e+001 -1.3054330e+001 -9.7453900e+000  5.1593700e+000 -4.0070900e+000
  3.8448550e+001 -8.5241700e+000 -1.6187170e+001  2.0701600e+000 -4.9498100e+000
  1.8373556e+002 -3.7443520e+001 -6.5852440e+001  7.3625600e+000 -4.8337200e+001
  7.8399960e+001 -2.7111140e+001 -3.1590590e+001  1.7785200e+000 -1.8404830e+001
  6.4680470e+001 -2.5097180e+001 -2.9965230e+001  4.0697600e+000 -1.9345410e+001
  4.7801830e+001 -8.1655000e+000 -2.9556180e+001 -1.0985510e+001 -1.1553990e+001
  2.9947040e+001 -1.2768980e+001 -1.5625660e+001  2.2877000e+000 -6.6828400e+000
  4.6684350e+001 -3.1571810e+001 -1.5279130e+001  6.3411200e+000 -4.2428500e+000
  1.0715005e+002 -1.0885516e+002  7.7897400e+000  6.7562140e+001  1.8499980e+001
  4.3736520e+001 -6.6784350e+001  5.9641000e-001  5.2276730e+001 -3.7610500e+000
  1.6100590e+001 -6.6206900e+000 -3.4409000e-001  1.7134000e+000  4.2174500e+000
 -9.7731700e+000 -5.9657600e+000  2.8614740e+001  5.3227920e+001  3.1311720e+001
  2.9452710e+001 -8.7448700e+000  7.3369100e+000  7.3756700e+000  2.1474640e+001
  5.8494120e+001 -1.5283160e+001 -3.9087280e+001 -7.4279400e+000 -2.1994200e+001
  7.5805920e+001 -6.7483000e-001 -1.0534900e+000 -7.5277000e-001 -1.2783290e+001
  4.2524510e+001 -5.8230300e+000 -1.4474210e+001 -3.4732400e+000 -1.1675290e+001
  3.7237860e+001 -9.0697300e+000 -5.9594600e+000  4.0169300e+000 -4.2307600e+000
  4.9254980e+001 -8.3111500e+000 -2.0437410e+001  1.1516170e+001 -9.1426000e+000
  1.7145585e+002 -4.6959020e+001 -2.8214910e+001  6.7877500e+000  5.1659000e+000
  7.4096520e+001 -1.5439800e+001 -1.4285670e+001 -8.1873000e-001  1.2540300e+000
  8.8177000e+001 -2.1627150e+001 -1.1842550e+001 -1.1647850e+001  7.1400000e+000
  3.7138300e+001 -9.6590500e+000 -8.3746500e+000 -6.3480700e+000  7.3624000e-001
  2.5077910e+001  5.5938000e-001 -7.3790000e-001 -4.6425700e+000  2.8728100e+000
  1.7881590e+001  9.0506600e+000 -8.7195000e-001 -7.5629900e+000  3.7411300e+000
  2.2727990e+001 -9.8203000e-001 -1.3649200e+000 -4.1099300e+000  1.6355900e+000
  1.9972890e+001  5.1203700e+000  1.0053200e+000 -1.3606700e+000  1.0550100e+000
  2.5827500e+001  8.7315500e+000 -1.0127450e+001 -6.4098000e+000  1.3415000e+000
  2.2027910e+001  1.5713000e+000 -4.5376100e+000  1.1725600e+000 -1.1979300e+000
  2.1481780e+001  6.1225000e-001 -3.4784300e+000 -3.0146200e+000  3.1572000e-001
  2.8213460e+001  7.5658900e+000 -3.1689000e+000 -3.4400000e-001 -1.2290000e-001
  1.6084540e+001  5.3583300e+000 -3.8741200e+000  1.1765500e+000 -2.0767000e-001
  2.4392560e+001  6.2814400e+000  1.1085700e+000  3.9888900e+000 -1.3843000e+000
  1.4786000e+001  2.4967800e+000 -1.9033000e+000 -1.4719700e+000 -5.5175000e-001
  2.4462420e+001  8.5779600e+000 -2.4247800e+000  6.2735000e-001 -1.8333900e+000
  2.2674900e+001  1.3113840e+001 -8.0156400e+000 -9.8660000e-002  7.3708000e-001
  1.0618200e+001  4.7538400e+000 -3.2125200e+000 -1.9964000e-001  3.4616000e-001
  3.1321780e+001  3.3310400e+000  3.1164000e-001  9.0949000e-001 -2.4313000e+000
  1.3633080e+001 -2.7740000e-001  2.3810000e-001  2.7617000e-001  6.3647000e-001
  5.8290730e+001 -2.7463000e-001 -1.6366000e-001  4.6794200e+000 -1.6919700e+000
  4.9964540e+001  7.9757000e+000 -1.0778200e+000  2.6614400e+000 -2.8717400e+000
  8.2298970e+001  1.1062950e+001 -1.2872800e+000  7.6974000e+000 -2.2844800e+000
  4.5026020e+001 -1.3990800e+000 -4.9794600e+000 -5.0484800e+000  3.2792800e+000
  1.4777098e+002 -8.7393400e+000  9.0886360e+001 -1.3341550e+001  1.8652400e+000
  8.0033625e+002 -4.4476240e+001  1.0842379e+002 -2.1309700e+001 -2.9919180e+001
  2.5811190e+002  2.6007510e+001  1.1141519e+002 -3.1476710e+001 -7.9612900e+000
  1.2973640e+002  3.5052530e+001  6.2256470e+001 -3.6520100e+000 -1.2724600e+000
  4.8229260e+001  1.4677400e+001  1.6651340e+001 -3.2892000e+000  4.1992800e+000
  5.6384200e+001  1.4494000e+001  2.4815600e+001 -5.0803000e+000  5.7771000e+000
  2.9922900e+001  5.3790000e+000  9.9344000e+000 -2.9900000e-002  3.8927000e+000
  9.7726470e+001  1.9842120e+001  3.1283720e+001 -1.0830850e+001  1.1538230e+001
  5.5311260e+001  1.8136500e+001  9.0019900e+000 -1.2202440e+001  1.4793940e+001
  2.5701710e+001  6.4725800e+000  3.1312300e+000 -5.9831700e+000  5.5893700e+000
  2.2846800e+001  2.8653300e+000  3.1153200e+000 -3.7535100e+000  5.5666400e+000
  2.1941300e+001  2.9108000e+000  6.4740000e-001  1.2700000e-002  1.9759000e+000
  1.9144320e+002  4.0089300e+001  4.1646000e+000 -3.2129500e+001 -9.7230000e-001
  1.1379300e+002  3.8070700e+001  1.3334400e+001 -2.1859800e+001 -2.1166000e+000
  1.2091700e+001  6.3338000e+000 -1.6869000e+000 -1.6822000e+000  2.6700000e-001
  4.0328800e+001  7.8987000e+000 -3.4966000e+000 -3.6662000e+000 -2.7929000e+000
  2.7527600e+001  4.8462000e+000 -1.2000000e-002 -1.0127000e+000 -3.4485000e+000
  3.0347680e+001  6.5388000e-001  2.5482700e+000  8.7461000e-001 -1.3591700e+000
  2.4035000e+001  6.1100000e-002  3.9419000e+000 -5.2271000e+000  2.1582000e+000
  4.7303500e+001  2.6871000e+000 -1.8438000e+000 -6.5379000e+000  5.1182000e+000
  1.8512300e+001  4.8510000e-001 -6.9690000e-001 -3.2436000e+000  8.6360000e-001
  2.4070400e+001  1.1897000e+000 -2.9430000e-001 -1.4734000e+000  2.0345000e+000
  2.4164000e+001  3.5292000e+000 -1.5783000e+000  2.0290000e-001 -7.9230000e-001
  1.1089400e+001  2.6759000e+000 -2.4385000e+000  1.4970000e-001 -1.0022000e+000
  1.4349700e+001  1.8163000e+000 -2.2007000e+000  3.5970000e-001  1.8510000e-001
  3.2144600e+001 -4.7967000e+000 -2.2927000e+000 -1.4637000e+000 -8.3800000e-001
