  1.4311970e+001 -9.0783000e-001  3.3404200e+000  4.0757000e-001 -8.9300000e-001
  4.8615820e+001 -1.3978100e+000  8.3286000e+000 -6.0816200e+000 -8.7390600e+000
  2.7722200e+000  3.8727000e-001  1.3201000e+000 -1.2270300e+000  8.1797000e-001
  6.6015200e+000 -6.9946000e-001  2.9933400e+000  8.7247000e-001 -6.4757000e-001
  1.1294820e+001 -2.4956200e+000  3.6503200e+000 -3.1018600e+000 -1.8288200e+000
  1.1302670e+001  1.9373400e+000  3.6219000e+000 -3.6217500e+000 -1.5687400e+000
  1.1118060e+001  3.3256800e+000 -1.5313800e+000 -2.4758000e-001  3.6886000e-001
  3.7578660e+001  1.4751910e+001 -3.1436700e+000  2.6204800e+000 -7.2858600e+000
  1.3124000e+001  2.4005000e+000  1.3820000e-001  1.5322500e+000 -1.2807000e+000
  1.0571070e+001  6.0197800e+000  3.0393700e+000 -1.8649600e+000  2.9227000e-001
  2.2447710e+001  1.3860730e+001  7.5937300e+000 -5.9458800e+000 -2.7459600e+000
  4.6729050e+001  2.7674330e+001  7.7632000e+000 -1.6750100e+000 -5.4716800e+000
  7.5017720e+001  4.8148400e+000 -2.3712000e+001  1.5402200e+001 -3.1020320e+001
  4.1549480e+001  1.9883200e+000 -1.4738680e+001  1.0293880e+001 -1.9599680e+001
  2.4024200e+001  7.6819900e+000 -1.3915200e+000  7.2293600e+000 -8.8042900e+000
  3.8094040e+001  1.7488120e+001 -9.8420100e+000  2.4205900e+000 -1.9448000e+001
  1.3781280e+001  4.5445200e+000 -1.1752000e+000  1.0856600e+000 -3.0493800e+000
  2.5224370e+001  8.7546800e+000 -6.9097500e+000  5.1110200e+000 -1.2935360e+001
  4.9397500e+001  2.2411680e+001 -1.6085560e+001  6.8634800e+000 -2.6424740e+001
  2.9895210e+001  3.1050900e+000 -2.2483700e+000  4.4342300e+000 -6.8495000e+000
  1.7149570e+001  5.8318400e+000 -1.1010660e+001  1.4957000e+000 -2.9086300e+000
  9.2276400e+000  1.7007200e+000 -6.3842000e-001 -7.7750000e-001 -3.4356000e+000
  2.2504530e+001  1.1374790e+001 -6.2092800e+000 -2.1799000e+000 -3.4229000e+000
  2.0780710e+001  6.1934100e+000 -6.5390400e+000 -3.3440900e+000 -3.2503300e+000
  4.1400340e+001  1.1944620e+001 -2.0264100e+001 -2.9286700e+000 -1.6190920e+001
  3.3331520e+001  1.1382840e+001 -1.2910250e+001 -5.0490300e+000 -1.3376750e+001
  2.7057960e+001  3.3485000e-001 -2.3900700e+000 -2.2262200e+000 -5.0036300e+000
  1.5883344e+002  4.3212850e+001 -9.2913150e+001  9.1565600e+000 -7.5550500e+001
  3.9956050e+001  3.4892100e+000 -1.1828950e+001 -6.9310000e-002 -1.5774350e+001
  1.7551370e+001  5.6607400e+000 -2.6389600e+000 -2.7327300e+000 -5.5003900e+000
  1.5188830e+001  7.9159900e+000 -1.4082100e+000 -3.3991400e+000 -2.8204400e+000
  1.8244840e+001  5.2819600e+000 -4.9215000e-001 -3.7691200e+000 -1.8030000e+000
  4.1061690e+001  6.9806600e+000  8.2991600e+000 -4.8428800e+000  3.3066300e+000
  3.4003650e+001  4.2644200e+000 -2.4674700e+000 -1.3786100e+000 -4.7141200e+000
  1.5004080e+001  2.1817000e+000 -1.1035000e+000 -2.1283600e+000  1.0427600e+000
  1.8204910e+001  2.2528500e+000 -2.6570900e+000 -1.5385900e+000 -1.6429100e+000
  1.9851450e+001 -1.9486600e+000 -1.1414000e+001  7.2114000e-001 -2.8070300e+000
  1.2188540e+001 -4.6890000e-001 -2.9731200e+000  1.2591000e-001  9.5908000e-001
  2.5864590e+001  3.0283700e+000 -8.6255200e+000  1.6470600e+000  5.6467000e-001
  6.9381540e+001 -1.0720000e-002 -2.7772910e+001  8.2046000e-001  9.3211000e-001
  5.0930080e+001 -1.4819200e+000 -1.5336820e+001  2.5973200e+000 -8.3797800e+000
  1.1552904e+002  2.2321000e+000 -3.4199040e+001  7.4273000e+000 -6.6867200e+000
  6.2036500e+001 -1.5406100e+001 -1.9398760e+001  9.6090100e+000 -6.2468800e+000
  5.0099640e+001 -1.1609340e+001 -9.1302800e+000 -2.8720000e+000 -1.0750840e+001
  1.8834039e+002 -6.1257630e+001 -4.6088580e+001  1.6084630e+001 -4.9449990e+001
  1.8873388e+002 -7.0054420e+001 -5.4326110e+001  1.7724850e+001 -4.6414540e+001
  9.5945650e+001 -5.3550200e+000 -2.2506000e+000  9.8113600e+000 -1.6912880e+001
  6.0603640e+001 -1.5331630e+001 -5.3740900e+000  7.0968500e+000 -9.5802600e+000
  5.7108540e+001 -8.6499200e+000  2.3927400e+000 -2.4286000e-001  1.5573300e+000
  3.4029880e+001 -9.6246800e+000  2.7246000e+000  2.6253600e+000  3.7543400e+000
  4.0278560e+001 -7.5645000e-001  1.5180100e+001 -1.4898800e+000  5.4698500e+000
  2.4373770e+001 -2.9971400e+000  6.7985200e+000  8.0170000e-002  2.8637300e+000
  1.8560940e+001 -4.3980800e+000  9.8895000e-001 -1.2728100e+000  2.4064300e+000
  3.2156570e+001 -8.0712200e+000 -1.5980900e+000  1.0318500e+000  2.5016100e+000
  2.0096570e+001 -7.3981200e+000  2.4480000e-001  1.8363600e+000 -2.5226000e-001
  1.6513580e+001 -4.5306000e+000 -2.3504600e+000  1.1798200e+000  5.7856000e-001
  1.6573100e+001 -2.0942000e+000 -2.7524500e+000  7.7892000e-001  5.2108000e-001
  2.9445430e+001 -5.0215400e+000 -7.3817900e+000  4.0875100e+000  1.9782000e-001
  2.0346780e+001 -6.8051400e+000 -6.9407000e+000  3.3344300e+000 -2.0487000e-001
  2.7997480e+001 -2.9881800e+000 -7.8593900e+000  5.3704700e+000 -2.7068800e+000
  4.3525990e+001  1.3548360e+001 -9.1639600e+000  6.4814500e+000 -6.9370400e+000
  6.2253470e+001  6.0504400e+000 -1.8866180e+001  1.4049680e+001 -8.7572600e+000
  1.6660080e+001 -1.9105500e+000 -3.3763600e+000  2.3392300e+000 -1.5999700e+000
  2.0447600e+001 -1.4668100e+000 -4.0302800e+000  3.2861100e+000 -3.3184800e+000
  2.3245910e+001 -2.4820800e+000 -5.9287100e+000  6.3870800e+000 -5.5388600e+000
  3.3957120e+001  9.9667900e+000 -3.4727900e+000  8.9631000e-001 -5.2143700e+000
  6.6474290e+001  1.6657010e+001 -9.5339100e+000 -5.0142400e+000 -2.3661600e+000
  5.2623650e+001 -9.3584300e+000 -1.0964270e+001  4.5712600e+000 -7.4092200e+000
  5.9779560e+001 -3.6939600e+000 -2.7356720e+001  1.4187120e+001 -1.4527080e+001
  5.8434680e+001 -9.3522200e+000 -3.2138750e+001  1.0919970e+001 -1.7130990e+001
  5.1633380e+001 -5.0500400e+000 -2.0213410e+001  2.6751700e+000 -6.9896400e+000
  2.2106260e+001 -7.9198000e-001 -8.0878300e+000  4.1513800e+000 -4.5690900e+000
  5.0549040e+001  4.0823900e+000 -3.1231890e+001  5.6113900e+000 -1.7280320e+001
  3.1342130e+001 -6.4370400e+000 -1.6449460e+001  2.5551000e+000 -9.0611800e+000
  5.2065780e+001 -7.6831400e+000 -4.1414580e+001  1.1432020e+001 -2.1728840e+001
  2.9632050e+001 -8.3624200e+000 -1.7135470e+001  6.3874700e+000 -9.7887300e+000
  8.3326500e+001 -3.5436080e+001 -2.2584840e+001  2.6529900e+000 -1.2478050e+001
  1.1834615e+002 -3.7226600e+001 -3.6983350e+001  8.5312400e+000 -1.4301120e+001
  5.4830550e+001 -1.5937870e+001 -1.9511440e+001  2.7075700e+000 -7.6550300e+000
  3.9121440e+001 -1.3220000e-002 -1.2164460e+001 -3.7150800e+000 -4.5022200e+000
  4.5281960e+001 -1.1747600e+001 -2.4950100e+001 -4.0070700e+000 -4.8465300e+000
  2.4239240e+001 -5.0275700e+000 -1.4317770e+001 -2.9275600e+000 -3.4135700e+000
  4.7629300e+001 -1.1193070e+001 -2.5368910e+001 -5.0684400e+000 -3.6362500e+000
  3.7671440e+001 -1.6993300e+001 -1.1862510e+001 -3.0474500e+000 -1.9993700e+000
  6.0516060e+001 -1.8004490e+001 -3.9261280e+001 -7.7056300e+000 -2.3568340e+001
  3.5859900e+001 -1.5469000e+001 -1.7547640e+001 -2.9437900e+000 -1.2625440e+001
  3.9539200e+001 -1.4361030e+001 -1.9565840e+001 -1.5324200e+000 -8.8087900e+000
  2.2647040e+001 -9.5655600e+000 -1.3035320e+001 -7.6226000e-001 -9.7530600e+000
  2.2724570e+001 -4.8472800e+000 -8.6134300e+000 -2.7333300e+000 -6.5271700e+000
  2.3214070e+001 -9.8396800e+000 -7.5328600e+000  6.8386000e-001 -5.2898500e+000
  3.5071800e+001 -1.9040160e+001 -5.4057300e+000  6.5859000e-001 -4.6506800e+000
  4.8405050e+001 -2.5517230e+001 -1.1114310e+001 -4.6198900e+000 -4.4982400e+000
  7.0477050e+001 -1.7236460e+001 -2.2500010e+001  8.7865000e-001 -7.7075700e+000
  2.9233730e+001 -1.5787220e+001 -5.4604900e+000  6.8322000e-001 -6.1002000e-001
  5.9675460e+001 -1.5338480e+001 -2.2623940e+001 -6.9127000e-001 -7.4507700e+000
  6.6303280e+001 -3.1070630e+001 -7.5692000e+000  1.6609400e+000 -5.0672000e+000
  4.5189080e+001 -1.9703780e+001 -1.2329370e+001  8.1077800e+000 -5.7700800e+000
  7.6914065e+002 -1.5372417e+002 -1.5899790e+002 -9.1441400e+000 -5.9148300e+001
  1.1707896e+002 -5.2032670e+001 -2.9362470e+001  5.7709500e+000 -1.0184630e+001
  6.8060540e+001 -3.4640220e+001 -8.3044800e+000  3.7248700e+000 -5.2475400e+000
  4.4146230e+001 -2.7051430e+001 -1.1902360e+001  3.1497500e+000 -6.0717400e+000
  3.4813740e+001 -2.0804850e+001 -8.6096000e+000  4.6503500e+000 -3.4789300e+000
  3.0517600e+001 -1.4930100e+001 -6.1834000e+000  2.0350400e+000 -5.2695600e+000
  3.6541840e+001 -1.9312220e+001 -9.1820800e+000  1.2854600e+000 -5.7818200e+000
  3.2580960e+001 -1.9854330e+001 -7.9627200e+000  4.7393900e+000 -3.4276000e+000
  6.8200520e+001 -3.5447070e+001 -1.4422730e+001  8.0581400e+000 -4.9400500e+000
  4.4371120e+001 -1.9528610e+001 -1.1670830e+001  7.6207500e+000 -6.1645700e+000
  2.9617420e+001 -1.3791810e+001 -8.5347200e+000  4.0294000e+000 -4.2846300e+000
  1.1478800e+002 -9.4120800e+000 -5.6845890e+001  3.4380790e+001 -5.0948650e+001
  8.2306590e+001 -3.3773940e+001 -2.4348030e+001  1.7450240e+001 -3.1717010e+001
  7.5864450e+001 -1.4217640e+001 -2.1879880e+001  1.9670810e+001 -2.4703530e+001
  4.4679830e+001 -1.6702310e+001 -8.3394000e+000  4.8000400e+000 -3.9183600e+000
  3.6024590e+001 -9.5905000e+000 -3.2580000e+000  5.0878200e+000 -6.7666600e+000
  6.1499780e+001 -1.7718580e+001 -4.6381800e+000  4.4439200e+000 -7.5432600e+000
  2.0225550e+001 -1.4456000e+000  8.4480000e-001  1.1306500e+000 -2.5693500e+000
  3.1327180e+001 -7.1081100e+000 -6.1432200e+000  2.4198500e+000 -3.3227600e+000
  1.9836940e+001 -6.5428400e+000 -5.6650800e+000  5.1676000e-001 -3.0760800e+000
  1.9250920e+001 -6.5721900e+000 -4.7460600e+000  1.9484600e+000 -3.1053700e+000
  2.0061750e+001 -7.1666700e+000 -3.8044700e+000  1.1157500e+000 -1.3712200e+000
  1.0821080e+001 -5.7649400e+000 -6.6150000e-002  2.4720000e-001 -1.4028000e+000
  9.1160100e+000 -2.9818300e+000 -2.4865000e+000 -6.0122000e-001 -1.9249000e+000
  8.9787000e+000 -3.8561700e+000 -1.3913400e+000  2.2655600e+000 -2.4996100e+000
  2.3965020e+001 -5.9538400e+000 -1.8875200e+000 -2.0062700e+000 -3.2080500e+000
  2.4300920e+001 -4.0105000e+000 -6.8519900e+000  8.7550000e-001 -1.0229680e+001
  1.4902430e+001 -7.4440500e+000 -8.7119000e-001 -2.5363800e+000 -1.7537200e+000
  3.1154850e+001 -1.0909160e+001 -1.0200830e+001  2.4541500e+000 -8.9540300e+000
  1.5268560e+001 -6.2234900e+000 -1.0400400e+000 -5.1484000e-001 -3.1209300e+000
  1.6585430e+001 -9.9296400e+000 -1.3771300e+000  4.6333000e-001 -1.9546000e+000
  1.3592000e+001 -3.4076000e+000 -2.4540300e+000  2.1202900e+000  7.4023000e-001
  1.5779190e+001 -8.5797100e+000 -7.1866700e+000  3.1063100e+000  3.8162000e-001
  4.5100590e+001 -1.8275450e+001 -1.3429830e+001  3.1616900e+000 -1.7161100e+000
  2.3438750e+001 -5.0070300e+000 -5.4403000e+000  5.9961000e-001  1.9952700e+000
  5.3737770e+001 -1.6885900e+000 -3.5481110e+001 -3.0212500e+000 -2.3948680e+001
  3.3171000e+001 -2.2738880e+001 -9.6399800e+000  7.9371600e+000 -2.6757800e+000
  4.6537280e+001 -2.8208340e+001 -1.5253010e+001  1.1395770e+001 -4.7942400e+000
  7.1636510e+001 -3.7764080e+001 -2.4643060e+001  1.9949290e+001 -4.1732000e+000
  7.5390050e+001 -4.9912740e+001 -2.1123810e+001  1.3099360e+001 -1.2915570e+001
  1.4099692e+002 -4.5752080e+001 -5.6967380e+001  8.5851900e+000 -3.2824800e+001
  3.8392850e+001 -1.8706430e+001 -1.2190790e+001  8.2482700e+000 -3.8540900e+000
  4.7501850e+001 -1.5211870e+001 -2.0452470e+001  3.1716600e+000 -8.9834100e+000
  2.2826236e+002 -5.4485520e+001 -8.3392240e+001  1.0201560e+001 -6.7895000e+001
  1.2515816e+002 -2.1310040e+001 -5.6468990e+001  1.3372200e+000 -5.1663630e+001
  1.0050577e+002 -4.3320980e+001 -4.2359230e+001  4.8853600e+000 -3.3854710e+001
  9.0839230e+001 -3.4878700e+001 -7.4461080e+001 -3.5464710e+001 -3.9738890e+001
  7.1924340e+001 -3.3661480e+001 -3.4482260e+001  2.5796000e+000 -1.9144540e+001
  7.0113550e+001 -3.6798910e+001 -3.1670730e+001 -8.1850800e+000 -1.5942250e+001
  1.6015365e+002 -1.0756666e+002 -2.1517160e+001  4.8552740e+001 -1.5662620e+001
  1.5189052e+002 -5.8897500e+000 -8.0196890e+001 -2.7762170e+001 -4.8071550e+001
  8.2820990e+001 -5.7919900e+000 -5.6029290e+001 -5.1734600e+001 -5.0396850e+001
  2.6572593e+002 -6.3766000e-001 -2.2074886e+002 -2.0117438e+002 -1.6287028e+002
  1.6298781e+002 -1.3352270e+001 -1.2242159e+002 -6.5967930e+001 -8.2829660e+001
  1.4530622e+002 -2.3095860e+001 -9.2559380e+001 -5.3004940e+001 -6.5801400e+001
  1.4038002e+002  7.9949700e+000 -1.5825790e+001 -2.3184170e+001 -4.5135490e+001
  9.3114810e+001  2.1677700e+000 -2.8646910e+001 -3.1701940e+001 -4.4491690e+001
  7.1364060e+001 -5.4823300e+000 -1.6463660e+001 -1.4685870e+001 -2.8502960e+001
  8.8473880e+001 -9.6094500e+000 -2.4901010e+001 -1.2435230e+001 -2.9635600e+001
  2.5110805e+002 -4.3980920e+001 -3.5944910e+001 -4.8163550e+001  9.1489000e+000
  1.8995922e+002 -2.3102600e+001 -1.7794570e+001 -6.2792530e+001  3.0931530e+001
  1.3131320e+002 -3.3235350e+001 -1.9299150e+001 -3.1995250e+001  9.9135000e+000
  8.2316900e+001 -4.1084500e+000 -2.0203550e+001 -2.4977370e+001  6.0236400e+000
  5.3737710e+001  1.6768880e+001  1.2124000e+000 -2.7147070e+001  1.8571710e+001
  3.6248190e+001  2.0596460e+001  1.7225000e-001 -1.6090690e+001  9.6777300e+000
  4.9486790e+001  2.1170570e+001  3.4019800e+000 -2.5743730e+001  2.1827090e+001
  4.5231490e+001  2.3479770e+001  6.7495200e+000 -2.1099070e+001  1.4628810e+001
  3.9944900e+001  2.4522150e+001 -2.0512750e+001 -2.1475200e+001  8.0402000e+000
  3.2323710e+001  8.5743000e+000 -5.5451100e+000 -5.1357400e+000  6.5577000e-001
  3.2563580e+001  1.6171850e+001 -2.3023300e+000 -6.0381200e+000  6.2532000e-001
  4.8532960e+001  1.9930990e+001 -3.7448000e+000 -5.1352000e+000  3.3940000e-001
  2.7315840e+001  1.4457130e+001 -4.5245200e+000  2.7325000e-001 -1.5538700e+000
  3.1783460e+001  1.5653140e+001  9.1107000e-001  8.8959000e-001 -1.6804000e+000
  2.0917900e+001  6.3603800e+000 -2.7972000e+000 -2.4393700e+000  1.0623500e+000
  5.2334520e+001  2.9867960e+001 -2.6791800e+000 -3.5653500e+000 -1.3704900e+000
  4.4398100e+001  3.2127740e+001 -1.4921040e+001  1.8224000e-001 -6.2688200e+000
  2.0453800e+001  1.7607040e+001 -6.5586200e+000 -5.2354000e-001 -3.3960400e+000
  3.8298780e+001  7.8956400e+000 -2.2696000e-001  2.1840900e+000 -3.1453000e+000
  2.9388780e+001  6.7877000e+000 -1.5202000e+000  1.3765700e+000 -1.6527300e+000
  1.0244993e+002  3.2188700e+000  8.5844400e+000  9.7865200e+000  4.1450300e+000
  9.8036740e+001  1.7901800e+001 -4.4820200e+000  3.5949400e+000 -6.4143400e+000
  1.4310987e+002  2.1211950e+001 -8.9348800e+000  9.6285000e+000 -1.9697380e+001
  9.2296520e+001  7.7496200e+000 -6.1513600e+000  4.6122000e-001 -6.5832000e-001
  3.0016838e+002 -1.1432940e+001  1.5243816e+002 -4.4789950e+001 -3.9877260e+001
  1.2991060e+003  2.3540060e+001  1.5554739e+002 -5.1524400e+001 -8.4553980e+001
  5.2464270e+002  5.9662310e+001  2.2570889e+002 -7.9616110e+001 -3.2420790e+001
  2.5523670e+002  9.1907930e+001  1.3343537e+002 -1.9870010e+001 -1.9955360e+001
  1.0852766e+002  3.9037800e+001  6.4664240e+001 -1.3887600e+001  1.4217980e+001
  9.1758900e+001  3.5420300e+001  4.4685200e+001 -9.7660000e+000  1.1254200e+001
  6.5139100e+001  1.0166700e+001  2.5898500e+001 -4.8894000e+000  9.1821000e+000
  2.0051957e+002  5.8888420e+001  7.7829820e+001 -2.8602050e+001  2.4230630e+001
  1.1520346e+002  4.8494500e+001  1.9678590e+001 -2.9466440e+001  3.0430740e+001
  4.4608010e+001  1.1747380e+001  6.4312300e+000 -1.0365670e+001  1.0726370e+001
  5.8351100e+001  2.4220830e+001  3.8157200e+000 -1.4155710e+001  1.2316740e+001
  5.7041100e+001  2.6966800e+001 -2.4528000e+000 -1.3650000e+001  1.0133200e+001
  3.8695710e+002  9.1865800e+001  1.1076300e+001 -7.1687800e+001 -2.1818000e+000
  2.6402940e+002  1.0699960e+002  1.8438600e+001 -5.6415500e+001 -1.6975600e+001
  3.4078700e+001  1.3616200e+001  2.3555000e+000 -9.7002000e+000 -2.1839000e+000
  8.3207800e+001  2.2308000e+001 -8.3081000e+000 -1.1408200e+001 -9.8531000e+000
  4.3453600e+001  1.2340200e+001 -1.2457000e+000  1.2463000e+000 -8.9697000e+000
  4.3946680e+001  5.9382800e+000  5.1447700e+000  1.9144100e+000 -3.1030700e+000
  3.0303600e+001  5.2198000e+000  6.2278000e+000 -5.8726000e+000  9.2740000e-001
  6.5698800e+001  2.2374700e+001  1.1008400e+001 -9.6169000e+000  9.7400000e-002
  3.0947100e+001  9.8759000e+000  3.5380000e-001 -5.1514000e+000  3.3690000e-001
  3.5974200e+001  1.1511400e+001 -3.8934000e+000 -5.3304000e+000 -3.9478000e+000
  4.5496400e+001  1.5201800e+001 -5.9754000e+000 -7.8246000e+000 -4.8097000e+000
  3.1655900e+001  2.1514200e+001 -7.8905000e+000 -7.1532000e+000 -5.2800000e+000
  2.3521500e+001  6.5401000e+000 -5.1257000e+000 -4.0937000e+000 -4.1798000e+000
  6.6970600e+001  1.5828300e+001  3.4240000e-001 -1.1743800e+001 -2.9290000e+000
