  6.1132700e+000 -6.2043000e-001  1.6552200e+000 -5.1473000e-001 -1.6165000e+000
  1.7537620e+001 -2.1616100e+000  1.2648000e+000 -2.6912000e-001 -4.3159600e+000
  1.9191200e+000  5.0187000e-001 -1.9140000e-001  2.4043700e+000 -2.3056300e+000
  1.3307200e+000  9.9364000e-001 -3.5386000e-001  7.1907000e-001  5.6083000e-001
  3.3723200e+000 -8.5620000e-002  1.6065200e+000 -5.0416000e-001 -4.5392000e-001
  3.6517700e+000 -6.1166000e-001  1.7944000e+000 -1.8750500e+000  1.0426600e+000
  3.3951600e+000  2.0898000e-001  7.5812000e-001 -4.3138000e-001 -1.2914400e+000
  2.2028860e+001  9.6646100e+000  7.6423000e-001  2.0282800e+000 -3.9823600e+000
  2.5749000e+000  1.4277000e+000  5.4840000e-001  6.1325000e-001 -1.4952000e+000
  5.6102700e+000  6.6748800e+000  2.3907000e-001 -9.4746000e-001 -7.7273000e-001
  1.0729410e+001  3.9839300e+000  2.8005300e+000 -2.4270800e+000 -3.0041600e+000
  2.1159350e+001  1.1427830e+001  6.0899000e+000 -1.7057100e+000 -1.9973800e+000
  2.3855320e+001  2.9362400e+000 -5.7366000e+000  3.0405000e+000 -9.1670200e+000
  1.8150280e+001  1.5030200e+000 -4.0960800e+000  1.3480000e-002 -6.3967800e+000
  6.7228000e+000 -1.7931000e-001 -1.3901200e+000  9.2446000e-001 -5.5899000e-001
  1.5886740e+001  5.4283200e+000 -2.0125100e+000 -4.3531000e-001 -7.1648000e+000
  1.9849800e+000  1.1605200e+000  1.2214000e+000 -5.9044000e-001  3.0617200e+000
  7.6933700e+000  3.2577800e+000 -3.4102500e+000  1.3570200e+000 -4.7174600e+000
  2.1419600e+001  1.1217380e+001 -5.9644600e+000  1.1265800e+000 -1.2588340e+001
  2.1235610e+001  1.1868090e+001  1.9530300e+000  1.4930300e+000 -4.9866000e+000
  1.7221470e+001  1.2751540e+001 -8.8996600e+000 -8.4870000e-001 -4.6897300e+000
  1.5831140e+001  4.2296200e+000 -3.2938200e+000 -2.7568000e+000 -1.5974000e+000
  2.2269930e+001  9.8446900e+000 -3.7681800e+000 -1.5834000e+000 -9.9110000e-001
  1.6513510e+001  7.4190100e+000 -1.3424400e+000 -1.3501900e+000 -8.7663000e-001
  6.2082140e+001  1.6813120e+001 -3.4326400e+001 -2.0714700e+000 -2.5773220e+001
  3.5125520e+001  1.1226140e+001 -1.2813350e+001 -3.2025300e+000 -1.3671650e+001
  3.3370960e+001  1.1493500e+000 -2.6079700e+000 -3.0491200e+000 -5.8279300e+000
  1.7540724e+002  5.0723450e+001 -1.0884765e+002  9.1506600e+000 -9.1393500e+001
  5.5719150e+001  7.2672100e+000 -1.6910650e+001 -2.4310000e-002 -2.0969250e+001
  3.0463970e+001  8.8061400e+000 -4.3917600e+000 -2.7235300e+000 -9.1938900e+000
  2.0132530e+001  1.1706490e+001 -2.3184100e+000 -2.6602400e+000 -5.4174400e+000
  2.0275940e+001  4.5134600e+000 -1.6433500e+000 -4.1264200e+000 -1.7413000e+000
  4.2913090e+001  6.1365600e+000  6.5460600e+000 -3.7438800e+000 -3.6070000e-002
  3.7855950e+001  4.2890200e+000 -1.5098700e+000 -2.9376100e+000 -3.3350200e+000
  1.6572980e+001  8.3000000e-001 -7.1230000e-001 -2.0979600e+000  1.6269600e+000
  1.5390810e+001  4.4923500e+000  1.0415100e+000 -2.8214900e+000  3.4099000e-001
  1.6040350e+001 -1.5320600e+000 -5.5752000e+000 -3.1026000e-001 -1.0387300e+000
  1.5349840e+001 -2.8718000e+000 -1.7013200e+000  1.4961100e+000  1.3078800e+000
  3.5351190e+001  9.3407000e-001 -9.4582200e+000 -1.2731400e+000  8.8477000e-001
  6.6783140e+001 -3.8908200e+000 -2.2671010e+001  1.4782600e+000  1.6836100e+000
  3.3416080e+001  3.0876800e+000 -9.2271200e+000 -9.7348000e-001 -4.9319800e+000
  8.4802040e+001  4.0692000e+000 -1.8490440e+001  3.0218000e+000 -2.5296200e+000
  3.9894800e+001 -4.1210000e+000 -6.8515600e+000  4.5291000e-001 -8.3838000e-001
  5.2432240e+001 -8.8792400e+000 -8.0159800e+000 -5.7001000e+000 -7.9290400e+000
  1.5421269e+002 -4.6845330e+001 -3.2912980e+001  7.7223300e+000 -3.4858690e+001
  1.4771508e+002 -5.7575820e+001 -4.1999510e+001  1.1998550e+001 -2.3976740e+001
  6.6419050e+001 -1.3902200e+000  6.9340000e-001  1.6180600e+000 -9.4208800e+000
  3.2845740e+001 -6.2472300e+000 -3.2688900e+000 -2.2846500e+000 -1.3152600e+000
  6.2265840e+001 -9.4161200e+000  1.1621400e+000 -1.7290600e+000  6.9873000e-001
  3.7849180e+001 -1.1284180e+001  1.5549000e+000  1.8358600e+000  3.0705400e+000
  3.4390260e+001 -1.1582500e+000  1.0887900e+001 -2.1283800e+000  5.8119500e+000
  2.1687370e+001 -1.2932400e+000  5.6261200e+000 -1.1603000e-001  1.8449300e+000
  2.0204340e+001 -7.5392800e+000  2.0183500e+000 -2.6198100e+000  2.3297300e+000
  3.1655570e+001 -8.1479200e+000 -3.0383900e+000 -2.9150000e-002  9.8941000e-001
  1.4298470e+001 -3.1511200e+000  1.0840000e-001 -9.5440000e-002  3.4994000e-001
  1.2496080e+001 -2.3450000e+000 -1.9558600e+000  6.0892000e-001 -1.3934000e-001
  1.4380900e+001 -2.7791000e+000 -3.4885500e+000  8.6200000e-003  7.4858000e-001
  2.8668530e+001 -3.9324400e+000 -8.3673900e+000  4.1655100e+000 -4.7348000e-001
  2.5183180e+001 -6.9382400e+000 -8.4026000e+000  4.2508300e+000 -1.0681700e+000
  2.3322980e+001 -4.8332800e+000 -7.9208900e+000  5.0343700e+000 -2.3419800e+000
  4.1402490e+001  1.6773860e+001 -8.2597600e+000  5.5879500e+000 -6.4512400e+000
  4.4621470e+001  7.9542400e+000 -1.4197580e+001  1.0282180e+001 -7.2970600e+000
  1.4474080e+001  4.9685000e-001 -2.4854600e+000  1.7851300e+000 -1.1351700e+000
  1.7121700e+001 -9.6411000e-001 -2.1720800e+000  2.2867100e+000 -2.4444800e+000
  1.7287910e+001 -1.9711800e+000 -3.2693100e+000  3.6419800e+000 -2.6353600e+000
  4.4050920e+001  1.4840390e+001 -3.2518900e+000  2.0831000e-001 -5.5841700e+000
  6.6113390e+001  2.1832710e+001 -9.9815100e+000 -7.7023400e+000 -7.0649600e+000
  3.4963650e+001 -6.8903000e-001 -5.9727700e+000 -6.9264000e-001 -5.7294200e+000
  3.3984560e+001 -1.8747600e+000 -1.5597120e+001  7.9740200e+000 -8.6774800e+000
  4.2219580e+001 -6.1365200e+000 -1.2600550e+001  1.5297700e+000 -8.0665900e+000
  2.9797180e+001 -5.4172400e+000 -7.2301100e+000 -1.1676300e+000 -1.7106400e+000
  2.1457160e+001 -5.7198000e-001 -2.0289300e+000 -1.4484200e+000 -1.1476900e+000
  3.9084640e+001  2.0939900e+000 -2.0244390e+001  3.4310900e+000 -1.2627120e+001
  2.6463130e+001 -4.6530400e+000 -9.6886600e+000  4.3130000e-001 -5.4956800e+000
  2.6287080e+001 -2.9796400e+000 -1.8664380e+001  4.6003200e+000 -1.0196240e+001
  2.2147650e+001 -3.4968200e+000 -8.9373700e+000  1.7896700e+000 -5.6429300e+000
  6.3732800e+001 -1.9707180e+001 -1.7001040e+001  1.4959000e-001 -1.0960550e+001
  8.1055650e+001 -2.0991400e+001 -2.1346050e+001  3.2897400e+000 -9.8310200e+000
  4.2891850e+001 -1.0590870e+001 -1.1381940e+001 -8.8343000e-001 -1.9648300e+000
  2.5985940e+001 -1.1361200e+000 -6.7600600e+000 -3.4625800e+000 -1.3223200e+000
  3.8575960e+001 -1.0347600e+001 -1.8008000e+001 -3.0915700e+000 -4.8078300e+000
  1.6711740e+001 -4.9763700e+000 -9.7717700e+000 -2.1403600e+000 -2.7092700e+000
  3.2642300e+001 -1.1433170e+001 -1.5912810e+001 -4.2295400e+000 -3.1193500e+000
  2.7755740e+001 -9.0046000e+000 -1.0387610e+001 -3.9633500e+000 -3.6091700e+000
  3.6984260e+001 -1.1295490e+001 -2.0058980e+001 -7.1961300e+000 -1.3470540e+001
  2.8804000e+001 -1.2124700e+001 -1.1810240e+001 -2.6518900e+000 -9.7255400e+000
  2.2149500e+001 -6.2509300e+000 -1.0047040e+001 -1.3888200e+000 -5.1002900e+000
  2.0624040e+001 -9.4480600e+000 -8.0828200e+000 -1.7574600e+000 -7.4558600e+000
  2.2127470e+001 -4.7588800e+000 -5.6093300e+000 -2.4461300e+000 -4.9465700e+000
  2.7207070e+001 -1.1186080e+001 -8.2070600e+000 -2.0604000e-001 -4.6548500e+000
  3.2766900e+001 -1.4552860e+001 -4.0052300e+000 -1.7812100e+000 -6.1534800e+000
  4.4676650e+001 -2.2301430e+001 -8.6542100e+000 -6.3541900e+000 -3.1816400e+000
  6.6549950e+001 -1.3208060e+001 -2.0501010e+001 -1.0592500e+000 -9.7525700e+000
  2.9380630e+001 -1.4557220e+001 -6.8866900e+000 -2.3451800e+000 -2.6497200e+000
  4.5651360e+001 -1.0352780e+001 -1.3966040e+001 -2.6448700e+000 -8.1926700e+000
  5.5285180e+001 -2.9289230e+001 -4.4757000e+000 -9.5606000e-001 -6.9438000e+000
  3.2500280e+001 -1.5181080e+001 -6.4506700e+000  5.3696800e+000 -5.0042800e+000
  5.1686115e+002 -7.6740970e+001 -1.0004670e+002 -1.7809240e+001 -3.8781200e+001
  7.2243560e+001 -3.1019270e+001 -1.3513970e+001  1.1552500e+000 -5.8766300e+000
  4.5885840e+001 -2.4768520e+001 -5.5361800e+000  1.9430700e+000 -3.5271400e+000
  2.2907930e+001 -1.3669130e+001 -5.5284600e+000  1.2177500e+000 -2.8303400e+000
  1.8243940e+001 -9.1911500e+000 -4.3400000e+000  1.6951500e+000 -2.3366300e+000
  2.3105300e+001 -9.2625000e+000 -3.0224000e+000  4.2314000e-001 -3.5219600e+000
  2.2295640e+001 -1.1877620e+001 -4.5311800e+000  1.0651600e+000 -3.5749200e+000
  1.8896760e+001 -9.2915300e+000 -4.3685200e+000  2.7924900e+000 -1.9442000e+000
  5.2292020e+001 -1.4134970e+001 -1.0227430e+001  3.5922400e+000 -5.6309500e+000
  3.5598920e+001 -1.0775510e+001 -6.9097300e+000  3.3722500e+000 -4.0514700e+000
  2.7349420e+001 -1.2063210e+001 -5.0507200e+000  2.8871000e+000 -3.4770300e+000
  8.3888200e+001 -1.2538000e-001 -3.6635090e+001  2.0021390e+001 -3.2970850e+001
  7.5555290e+001 -2.4212140e+001 -2.3016030e+001  1.2655140e+001 -2.8597210e+001
  6.0821150e+001 -6.4305400e+000 -1.4538680e+001  1.2388210e+001 -1.6414330e+001
  3.4601130e+001 -1.0863010e+001 -8.1641000e+000  3.1399400e+000 -4.0171600e+000
  2.4275990e+001 -3.2794000e+000 -2.2578000e+000  2.0874200e+000 -4.4774600e+000
  4.4840580e+001 -6.5490800e+000 -4.2766800e+000 -1.2573800e+000 -6.3485600e+000
  1.8117850e+001  1.1106000e+000 -4.9434000e+000  2.0845000e-001 -4.0262500e+000
  2.2699580e+001 -1.3013100e+000 -4.8420200e+000  1.6494500e+000 -2.6172600e+000
  1.7540140e+001 -2.6313400e+000 -3.2334800e+000 -1.9908400e+000 -2.4047800e+000
  1.1969220e+001 -3.8259000e-001 -3.6459600e+000 -1.7704000e-001 -1.5744700e+000
  2.8856150e+001  1.6404300e+000 -1.1524770e+001  1.1329500e+000 -8.2051200e+000
  2.3029380e+001 -6.9125400e+000 -2.2127500e+000  5.4068000e+000 -5.2655000e+000
  9.4561100e+000 -2.3839300e+000 -2.6821000e+000 -1.1493200e+000 -1.5230000e+000
  1.0814300e+001  1.6980300e+000 -2.1192400e+000 -2.0368400e+000 -4.2477100e+000
  1.9624920e+001 -9.7784000e-001 -1.2633200e+000 -3.0064700e+000 -2.6100500e+000
  2.0858620e+001 -5.9900000e-001 -3.1839900e+000 -2.3383000e+000 -4.6944800e+000
  1.0692930e+001 -3.6962500e+000 -1.6570900e+000 -7.6328000e-001 -2.3134200e+000
  1.9413750e+001 -2.9989600e+000 -5.0344300e+000 -4.4395000e-001 -4.3496300e+000
  1.2629560e+001 -4.2227900e+000 -5.5434000e-001 -4.5164000e-001 -4.9755300e+000
  1.3951930e+001 -6.2485400e+000 -2.3466300e+000  5.1743000e-001 -5.6683000e+000
  1.3589900e+001 -9.3800000e-001 -3.0254300e+000 -1.0769100e+000 -3.6344700e+000
  1.6561290e+001 -4.0651000e-001 -7.1613700e+000 -2.7876900e+000 -4.9395800e+000
  2.9054990e+001 -1.1248050e+001 -5.3924300e+000 -2.0931000e-001 -5.4601000e-001
  2.1849650e+001 -5.9817300e+000 -2.6396000e+000 -7.1189000e-001 -1.0362300e+000
  3.8308470e+001 -3.3259000e-001 -2.2948910e+001 -3.4642500e+000 -1.7091880e+001
  2.0987300e+001 -1.2662980e+001 -3.5474800e+000  4.0062600e+000  6.2352000e-001
  3.7999080e+001 -1.7476040e+001 -1.2455910e+001  5.8208700e+000 -6.3644400e+000
  5.0749210e+001 -2.5784980e+001 -1.1638660e+001  8.7388900e+000 -3.1517000e+000
  4.8614450e+001 -3.1238640e+001 -1.0541510e+001  6.4754600e+000 -7.2517700e+000
  1.0972692e+002 -2.2518880e+001 -3.8665380e+001  2.0719900e+000 -2.3186400e+001
  3.6492250e+001 -9.3022300e+000 -1.0436690e+001  4.2075700e+000 -7.4009900e+000
  3.7806950e+001 -4.3245700e+000 -9.6993700e+000 -3.8244000e-001 -7.8569100e+000
  1.7705796e+002 -3.2041420e+001 -5.9169140e+001  3.6297600e+000 -5.3074300e+001
  1.1163226e+002 -1.1897540e+001 -4.2094390e+001 -3.3282800e+000 -5.1669030e+001
  6.2993270e+001 -2.5070280e+001 -2.0971430e+001 -5.2260400e+000 -2.0023810e+001
  3.6159130e+001 -1.8034500e+001 -6.6625800e+000 -1.7311100e+000 -6.2829900e+000
  4.8387240e+001 -2.1802480e+001 -1.5422160e+001  9.5200000e-002 -1.3632240e+001
  7.0932150e+001 -4.3743710e+001 -1.2073230e+001 -4.2103800e+000 -9.2295500e+000
  1.0552855e+002 -1.2135126e+002  2.7776940e+001  6.6933840e+001  5.9292800e+000
  1.0148872e+002 -2.6762950e+001 -2.3704190e+001 -1.1264470e+001 -6.3084500e+000
  2.7889890e+001 -1.0903090e+001  7.6511000e-001 -4.0537000e+000 -4.6791500e+000
  9.0062530e+001 -2.3026760e+001 -4.2940160e+001 -1.9437480e+001 -2.5634180e+001
  7.9677410e+001 -1.9704970e+001 -1.0711990e+001 -1.5946300e+000  7.2705400e+000
  5.9930720e+001 -1.4203360e+001 -3.2966580e+001 -1.0312340e+001 -2.0604900e+001
  7.7634420e+001 -4.2708300e+000 -7.5539000e-001 -5.7848700e+000 -1.2443090e+001
  5.0774910e+001 -7.0192300e+000 -1.1428010e+001 -1.4157440e+001 -1.6839990e+001
  4.1375460e+001 -1.2152630e+001 -6.7069600e+000 -8.1999700e+000 -1.0563860e+001
  5.4312680e+001 -7.0226500e+000 -1.8255510e+001 -3.6838300e+000 -1.5576100e+001
  2.5618485e+002 -5.2066720e+001 -3.4742110e+001 -3.9064050e+001 -6.7470000e-001
  1.6306212e+002 -3.3595500e+001 -1.4592570e+001 -4.0258330e+001  1.5267630e+001
  1.2085130e+002 -3.4660450e+001 -1.6382150e+001 -2.5396650e+001  6.4964000e+000
  6.6550000e+001 -1.0894850e+001 -1.3294150e+001 -1.7563170e+001  2.1578400e+000
  3.6775610e+001  3.6917800e+000 -2.0000000e-002 -1.3602970e+001  7.1460100e+000
  2.7900090e+001  1.0438460e+001 -8.3705000e-001 -7.2078900e+000  2.2086300e+000
  2.6939190e+001  8.0624700e+000  2.3921800e+000 -1.0586430e+001  8.2370900e+000
  2.9538990e+001  1.1752070e+001  3.4253200e+000 -1.1979370e+001  7.2263100e+000
  2.5479700e+001  1.1422350e+001 -8.7080500e+000 -9.2005000e+000  1.8885000e+000
  3.2832710e+001  3.0433000e+000 -3.6081000e-001 -3.9292400e+000 -3.9676300e+000
  2.3378480e+001  1.0848500e+000 -3.7018300e+000 -2.6178200e+000 -1.7730800e+000
  3.5908360e+001  1.0950090e+001 -3.7490000e-001 -2.1822000e+000 -2.4408000e+000
  2.0129540e+001  8.2829300e+000 -1.7099200e+000  1.1664500e+000 -1.3367700e+000
  2.7360960e+001  1.0313240e+001  2.3267000e-001  8.6339000e-001 -1.3727000e+000
  1.8593100e+001  8.7268000e-001 -2.8649000e+000 -1.7131700e+000 -4.0875000e-001
  3.5654820e+001  1.7570860e+001 -2.8358000e-001 -1.6481500e+000 -1.6725900e+000
  2.2487600e+001  1.2439440e+001 -7.1505400e+000 -5.7436000e-001 -1.0002000e-001
  1.2582100e+001  6.5242400e+000 -2.3851200e+000 -1.0963400e+000  5.5160000e-002
  2.8839580e+001  5.5962400e+000  5.3400000e-003  3.6039000e-001 -2.3935000e+000
  2.0556680e+001  2.1728000e+000  1.1442000e+000  5.7187000e-001 -5.5743000e-001
  9.6825530e+001  1.6024700e+000  9.7001400e+000  9.4282200e+000  2.7499300e+000
  9.6181440e+001  1.8966500e+001  1.5796800e+000  3.4382400e+000 -8.0034000e-001
  1.2735967e+002  1.3046450e+001  8.0117200e+000  7.0775000e+000 -1.6615800e+000
  8.5666220e+001  4.0251200e+000 -5.9710600e+000 -8.0718800e+000  6.2966800e+000
  4.3889548e+002 -1.1971140e+001  2.9458336e+002 -8.2363550e+001 -3.6289160e+001
  1.3460921e+003 -2.2108040e+001  2.5532609e+002 -9.1642000e+001 -8.1278080e+001
  6.3718260e+002  9.2209410e+001  3.1603309e+002 -9.8870510e+001 -3.3038690e+001
  2.2372580e+002  5.0582430e+001  1.7052557e+002 -2.0360810e+001 -2.2789660e+001
  1.0455856e+002  2.8094300e+001  6.5475940e+001 -2.8450400e+001  1.3068980e+001
  8.9258300e+001  2.7377200e+001  4.8210900e+001 -1.8027000e+001  1.1934500e+001
  4.8905600e+001  7.0990000e+000  2.1560000e+001 -8.3204000e+000  5.7869000e+000
  1.7557927e+002  4.2352620e+001  6.5326420e+001 -2.9059150e+001  2.0355730e+001
  1.0162126e+002  4.0295800e+001  2.3231190e+001 -2.7759940e+001  2.6106840e+001
  4.1780210e+001  1.0408480e+001  9.0044300e+000 -1.1239270e+001  1.0332470e+001
  4.7785200e+001  1.5043730e+001  8.3777200e+000 -1.1002910e+001  9.8619400e+000
  4.1392200e+001  1.1363200e+001  2.2362000e+000 -6.9728000e+000  5.6583000e+000
  3.5177210e+002  8.2594700e+001  3.2424000e+001 -7.7043100e+001  6.9956000e+000
  2.2840530e+002  8.5865000e+001  3.0820200e+001 -5.4100800e+001 -6.3954000e+000
  2.9899900e+001  1.2920100e+001  5.1425000e+000 -9.5277000e+000  1.7420000e-001
  7.3574000e+001  1.6530700e+001 -2.8462000e+000 -1.2207600e+001 -7.7284000e+000
  3.2130000e+001  6.2069000e+000  5.6405000e+000 -1.2412000e+000 -4.0244000e+000
  3.8892380e+001  1.7034800e+000  8.8462700e+000 -2.4679900e+000 -1.1775700e+000
  2.9446800e+001  2.2078000e+000  5.9940000e+000 -5.5531000e+000  1.0292000e+000
  5.3790800e+001  1.1561700e+001  9.9380000e+000 -9.9320000e+000  1.6750000e+000
  2.4174800e+001  6.8515000e+000  5.0097000e+000 -5.7224000e+000  1.1986000e+000
  3.3113000e+001  4.9800000e+000 -2.9020000e-001 -5.7817000e+000 -2.4773000e+000
  3.8926200e+001  9.4174000e+000 -6.2050000e-001 -5.2787000e+000 -2.7096000e+000
  2.4710100e+001  8.7950000e+000 -3.8617000e+000 -6.5492000e+000 -4.3758000e+000
  2.2973600e+001  3.9607000e+000 -4.3929000e+000 -2.7203000e+000 -2.4639000e+000
  5.0385600e+001 -1.6970000e+000 -1.2566000e+000 -5.5608000e+000 -2.9630000e-001
