  1.1036170e+001 -2.3731300e+000  1.5098200e+000  6.3057000e-001 -1.8289000e+000
  3.6171620e+001 -8.0463100e+000  3.8762000e+000 -1.0117200e+000 -5.8872600e+000
  2.3624200e+000 -1.5324300e+000  2.1217000e+000 -1.3740300e+000  1.1570700e+000
  7.6676200e+000 -1.4451600e+000  2.3423400e+000 -4.9513000e-001 -2.0199700e+000
  7.4042200e+000 -1.3589200e+000  1.9322000e-001 -3.1266000e-001 -1.3801200e+000
  7.7023700e+000  1.2540000e-002  6.5140000e-001 -1.3412500e+000 -1.3867400e+000
  7.1383600e+000 -2.6583200e+000  1.1142200e+000 -1.7650800e+000 -1.6848400e+000
  1.8919960e+001  8.7614100e+000 -7.9457000e-001  7.2748000e-001 -3.6409600e+000
  7.2129000e+000  9.2100000e-001 -1.0625000e+000 -1.6155000e-001 -1.1118000e+000
  4.5442700e+000  6.9098000e-001 -5.5273000e-001 -2.1425600e+000  3.8517000e-001
  1.0752010e+001  2.0460300e+000  1.8186300e+000 -2.0748800e+000 -1.2014600e+000
  2.0075550e+001  9.5460300e+000  3.2976000e+000 -1.8591100e+000 -3.1687800e+000
  5.3397520e+001  1.7629400e+000 -1.3604300e+001  7.8728000e+000 -1.6895420e+001
  3.3985580e+001 -8.3947800e+000 -8.4138800e+000  3.0435800e+000 -1.0133280e+001
  1.0157000e+001 -4.1171000e-001  3.3678000e-001 -2.1286400e+000 -7.1889000e-001
  2.6447140e+001  7.1832200e+000 -2.9504100e+000 -2.5639100e+000 -8.0664000e+000
  7.2428800e+000  2.0342000e-001  1.1033000e+000 -1.7792400e+000  1.0466200e+000
  1.4963270e+001  4.5767800e+000 -2.5291500e+000 -3.2028000e-001 -3.4887600e+000
  2.6115200e+001  1.1232680e+001 -6.0926600e+000 -6.2232000e-001 -8.9657400e+000
  1.8770410e+001  4.7679000e-001 -1.5692700e+000  1.1850300e+000 -4.8646000e+000
  1.2017070e+001  2.8822400e+000 -3.5717600e+000 -2.1173000e+000  4.7237000e-001
  8.0755400e+000  6.1172000e-001  6.0580000e-002 -1.4744000e+000 -6.9430000e-001
  2.0895530e+001  7.1697900e+000 -3.7552800e+000 -4.2147000e+000 -9.0050000e-001
  2.1669710e+001  4.1351100e+000 -2.9880400e+000 -5.7812900e+000 -1.0406300e+000
  5.7877940e+001  9.6476200e+000 -2.3326200e+001 -9.0554700e+000 -2.2768020e+001
  2.8046020e+001  7.6426400e+000 -7.4249500e+000 -6.6748300e+000 -9.7404500e+000
  3.8681860e+001 -3.1631500e+000 -2.2502700e+000 -8.9557200e+000 -6.9341300e+000
  1.2222374e+002  2.9315450e+001 -7.4508550e+001  4.8023600e+000 -6.1204000e+001
  5.7490350e+001 -4.5445900e+000 -1.0685350e+001 -6.8903100e+000 -1.5024050e+001
  2.7465570e+001  3.3392400e+000 -3.7199600e+000 -2.1801300e+000 -5.3261900e+000
  1.5079930e+001  3.1603900e+000 -1.2727100e+000 -5.0634400e+000 -1.1481400e+000
  1.9643940e+001  3.8338600e+000 -3.5855000e-001 -4.6821200e+000 -1.0851000e+000
  2.3038790e+001  9.9260000e-002  3.7560000e-002 -2.4622800e+000  1.4165300e+000
  3.3752450e+001  4.1090200e+000 -2.2627000e-001 -3.8489100e+000 -2.6909200e+000
  1.1978980e+001  1.2674000e+000  1.5947000e+000 -4.4359600e+000  2.2986600e+000
  1.3470310e+001 -1.5305000e-001 -1.2856900e+000 -2.0047900e+000  6.6259000e-001
  1.8217050e+001 -4.2741600e+000 -7.7100000e-001 -2.7035600e+000  7.1607000e-001
  1.3638640e+001 -2.8605000e+000 -1.2872000e-001  7.8861000e-001  6.0008000e-001
  3.0706790e+001 -5.2632300e+000 -5.3397200e+000 -8.9064000e-001  1.2573700e+000
  6.4729340e+001 -1.2202420e+001 -1.8536510e+001  1.7755600e+000 -1.7364900e+000
  3.2559980e+001 -3.4324200e+000 -9.8098200e+000  2.8210200e+000 -3.0998800e+000
  9.8484840e+001  2.0569000e+000 -1.9934040e+001  6.5805000e+000 -1.4572200e+000
  7.8334300e+001 -1.7730000e+001 -1.2322760e+001  3.0299100e+000  8.8592000e-001
  6.4436240e+001 -1.8322040e+001 -1.1028180e+001 -9.0790000e-001 -5.9512400e+000
  1.4020419e+002 -4.2612730e+001 -2.6154480e+001  7.9906300e+000 -3.0569090e+001
  1.5672368e+002 -6.3558520e+001 -4.2386210e+001  1.5418250e+001 -2.6146640e+001
  6.3080550e+001 -1.0017220e+001 -6.1825000e+000  3.5540600e+000 -1.0061480e+001
  4.6818140e+001 -1.0986030e+001 -5.3010900e+000  2.9819500e+000 -2.8915600e+000
  4.7533840e+001 -7.7896200e+000  3.1901400e+000  1.9766400e+000 -1.0870700e+000
  3.1822580e+001 -1.1692580e+001 -1.2251000e+000  4.1632600e+000 -2.0734600e+000
  3.7285360e+001 -5.9319500e+000  7.4543000e+000  1.2462000e-001  3.3485000e-001
  2.7379270e+001 -6.1385400e+000  4.2571200e+000  3.0966700e+000 -8.4227000e-001
  1.5050840e+001 -5.1074800e+000  3.0885000e-001  1.7929000e-001  1.8469300e+000
  3.5390370e+001 -9.2881200e+000 -3.7444900e+000  2.4456500e+000  3.6701000e-001
  1.8948470e+001 -6.3863200e+000 -2.0272000e+000  2.6914600e+000 -6.2336000e-001
  1.6839580e+001 -4.4598000e+000 -3.8327600e+000  2.5044200e+000 -7.5864000e-001
  1.6582900e+001 -4.7921000e+000 -2.4628500e+000  3.4592000e-001  5.4738000e-001
  2.8971130e+001 -5.4217400e+000 -9.1685900e+000  5.4033100e+000 -9.8498000e-001
  2.6267380e+001 -1.1031540e+001 -8.9971000e+000  4.9831300e+000  3.7330000e-002
  2.1700980e+001 -6.7094800e+000 -6.2462900e+000  5.0420700e+000 -1.4047800e+000
  4.1537390e+001  5.0459600e+000 -8.9327600e+000  6.6690500e+000 -3.1465400e+000
  5.8393770e+001  2.9324400e+000 -1.9918280e+001  1.6342780e+001 -5.9182600e+000
  1.6287480e+001 -1.1431500e+000 -3.0143600e+000  2.5176300e+000  2.2863000e-001
  2.8386900e+001 -3.4006100e+000 -5.8290800e+000  5.4862100e+000 -1.7188000e-001
  3.6625510e+001 -1.0996280e+001 -4.7797100e+000  7.5601800e+000  2.1083400e+000
  6.1930620e+001  2.4166900e+000 -1.0014790e+001  4.2024100e+000 -3.4543700e+000
  1.3447149e+002 -1.1841690e+001 -4.9073100e+000 -6.2850400e+000  1.4575340e+001
  7.7194250e+001 -2.9906530e+001 -1.2796970e+001  1.2257360e+001  7.4038000e-001
  7.1806560e+001 -1.7922760e+001 -3.3061220e+001  1.9769620e+001 -2.0727380e+001
  1.0874668e+002 -3.4998020e+001 -5.5002850e+001  2.7418270e+001 -3.6483690e+001
  7.3541080e+001 -2.5793140e+001 -4.3754910e+001  2.2012870e+001 -2.5978540e+001
  3.4637660e+001 -2.3576080e+001 -2.1001530e+001  9.5597800e+000 -1.4013090e+001
  8.1349440e+001 -1.3339810e+001 -4.9888590e+001  1.6632690e+001 -3.5735920e+001
  5.2023930e+001 -1.8646340e+001 -3.1681460e+001  1.1283300e+001 -2.2142580e+001
  7.5666380e+001 -2.3822340e+001 -6.3143880e+001  2.3398020e+001 -3.9733840e+001
  4.5018050e+001 -1.9222920e+001 -2.8447470e+001  1.2478770e+001 -2.2729030e+001
  8.6920600e+001 -4.0271880e+001 -2.5779040e+001  8.2553900e+000 -2.3729250e+001
  1.1480425e+002 -5.1963500e+001 -3.2064350e+001  1.9222440e+001 -2.1659520e+001
  8.5049050e+001 -3.0406170e+001 -2.2998540e+001  1.5449970e+001 -2.4022430e+001
  3.9759840e+001 -1.3481520e+001 -8.1208600e+000  4.6493200e+000 -5.5292200e+000
  4.2139660e+001 -1.5123200e+001 -1.0736900e+001 -1.3850700e+000 -4.3063000e-001
  2.0913440e+001 -1.3786970e+001  2.6448300e+000  2.7706400e+000  6.4225300e+000
  2.8396300e+001 -1.3814870e+001 -3.5376100e+000 -3.6824000e-001  2.9636500e+000
  2.3918340e+001 -1.2723100e+001 -1.8963100e+000 -7.7915000e-001  1.8507300e+000
  2.9296760e+001 -1.4033390e+001 -3.2515800e+000  3.6170000e-002 -6.3974000e-001
  1.4120300e+001 -1.1938500e+001  3.9200600e+000  1.4532100e+000  5.3555600e+000
  2.2671800e+001 -1.0947230e+001 -5.6708400e+000  1.4775800e+000  1.9531000e-001
  7.2189400e+000 -5.4511600e+000  7.8148000e-001  5.3214000e-001  1.5810400e+000
  1.1359270e+001 -5.0866800e+000  2.6855700e+000 -4.0973000e-001  3.9487300e+000
  2.1176170e+001 -1.0298980e+001 -1.8960000e-002  3.3856000e-001  5.3078500e+000
  2.7782700e+001 -1.9320860e+001  2.8347700e+000  5.0809000e-001  8.0180200e+000
  2.4970150e+001 -1.6390330e+001 -2.1804100e+000 -6.6649000e-001  7.5116000e-001
  6.0192150e+001 -2.6630560e+001 -5.9449100e+000  5.2233500e+000  9.6531300e+000
  2.9365630e+001 -1.5565920e+001  1.3122100e+000  3.1082200e+000  7.8267800e+000
  4.8730360e+001 -1.3981880e+001 -5.4119400e+000  3.6171300e+000  7.6778300e+000
  4.7758780e+001 -2.6955230e+001 -2.3123000e+000  2.9596400e+000  7.6440000e-001
  3.1350280e+001 -2.0302680e+001  1.3305300e+000  1.8082800e+000  1.0920220e+001
  6.9779355e+002 -2.5477267e+002 -8.6900000e+001 -1.5244400e+000 -5.0062000e+000
  1.0672246e+002 -5.0230370e+001 -1.6404170e+001  2.5210500e+000 -1.1163300e+000
  6.2393040e+001 -3.7629120e+001 -3.7600800e+000  1.3981700e+000  1.9762600e+000
  2.8837830e+001 -1.8512830e+001 -5.1579600e+000  6.4955000e-001 -1.7759400e+000
  2.4498840e+001 -1.5240950e+001 -2.9694000e+000  2.5811500e+000  5.3367000e-001
  2.7685500e+001 -1.2060700e+001 -2.7769000e+000 -3.1266000e-001 -2.8589600e+000
  2.2832740e+001 -1.2325220e+001 -2.9868800e+000  1.1490600e+000 -1.2858200e+000
  2.1410460e+001 -1.1111330e+001 -2.5304200e+000  8.2519000e-001  2.8640000e-001
  6.0724320e+001 -3.2171870e+001 -9.6397300e+000  5.5446400e+000 -1.8275000e-001
  3.4984420e+001 -2.0315710e+001 -6.1244300e+000  4.0893500e+000  2.7053000e-001
  2.7490220e+001 -1.5641710e+001 -4.2637200e+000  2.5817000e+000 -3.3263000e-001
  2.8286900e+001 -8.6336800e+000 -5.3961900e+000 -8.3328100e+000  1.8502050e+001
  2.9083890e+001 -1.6280240e+001 -6.0464300e+000 -2.7226600e+000  1.8846900e+000
  3.0316050e+001 -1.4720340e+001 -6.8258800e+000 -7.6939000e-001  4.3005700e+000
  3.3776330e+001 -1.5278510e+001 -4.0690000e+000  8.4714000e-001  5.6814000e-001
  2.2858990e+001 -9.5535000e+000 -2.3778000e+000  1.8940200e+000 -3.5142600e+000
  3.0809680e+001 -7.2973800e+000 -1.5802800e+000 -9.1458000e-001 -2.2467600e+000
  8.1472500e+000 -9.5746000e+000 -2.4490000e+000  2.2148500e+000 -9.1865000e-001
  1.7375380e+001 -8.9383100e+000 -5.7881200e+000  2.9915000e-001  1.8187400e+000
  1.0241640e+001 -5.5373400e+000 -1.0702800e+000 -7.9204000e-001  1.2892000e-001
  1.3436920e+001 -5.5695900e+000 -5.2109600e+000  1.5942600e+000 -1.9673700e+000
  1.4343550e+001 -7.6815700e+000  7.8608300e+000 -3.4249500e+000  7.9864800e+000
  1.0405380e+001 -7.9476400e+000  5.6504500e+000 -2.7121000e+000  4.9383000e+000
  7.8471100e+000 -3.9976300e+000 -7.7760000e-001  3.7838000e-001  3.7378000e+000
  3.0428000e+000 -3.2854700e+000  1.2412600e+000 -2.2661400e+000  5.1457900e+000
  1.5974620e+001  1.7006000e-001 -8.1912000e-001 -4.7066700e+000  1.7788500e+000
  1.7292020e+001 -1.2300000e+000 -1.1025900e+000 -3.7669000e+000  3.3618200e+000
  1.0083530e+001 -4.3615500e+000 -8.0229000e-001 -1.7114800e+000 -7.7062000e-001
  1.5697450e+001 -6.3423600e+000 -3.0338300e+000 -1.0652500e+000  5.8127000e-001
  5.1663600e+000 -1.6634900e+000  1.0407600e+000 -1.4531400e+000  2.6885700e+000
  7.2276300e+000 -6.6383400e+000  1.2215700e+000 -1.7477700e+000  6.0509000e+000
  7.6036000e+000 -1.8470000e+000 -1.6431300e+000 -3.0971000e-001 -1.2922700e+000
  1.5101890e+001 -5.0131100e+000 -5.6721700e+000 -1.0355900e+000  1.6371200e+000
  3.1781090e+001 -1.3121550e+001 -6.0776300e+000 -9.9710000e-002  2.5022900e+000
  1.8752850e+001 -7.3213300e+000 -3.0526000e+000 -1.5212900e+000  1.4279700e+000
  2.1659070e+001 -3.8892900e+000 -7.9624100e+000 -1.9832500e+000 -1.4408000e-001
  2.0386100e+001 -1.4534280e+001 -1.1168800e+000  3.2055600e+000  3.0924200e+000
  2.6071480e+001 -1.3486940e+001 -1.0808510e+001  2.2465700e+000 -1.9182400e+000
  4.3213010e+001 -1.7494580e+001 -1.3066960e+001  7.7994900e+000  8.9640000e-001
  5.3053750e+001 -3.3521640e+001 -1.0079710e+001  7.4319600e+000 -2.9640700e+000
  1.0749832e+002 -1.7424980e+001 -4.5618580e+001  4.4229000e-001 -2.6295700e+001
  3.9729050e+001 -1.1077930e+001 -1.0344690e+001  2.6804700e+000 -8.5393900e+000
  3.7536650e+001 -4.3265700e+000 -1.9420270e+001 -1.2988400e+000 -1.1672010e+001
  1.2122276e+002 -2.9255620e+001 -3.9536840e+001  1.8921600e+000 -2.5938000e+001
  4.4784360e+001 -3.2655400e+000 -1.3277690e+001 -1.1621880e+001  1.2641700e+000
  4.9111070e+001 -2.3299880e+001 -7.2549300e+000 -5.2608400e+000 -7.5372100e+000
  1.9073730e+001 -1.8897100e+001  2.6655920e+001  1.9786590e+001  2.0604810e+001
  3.3903040e+001 -1.0829780e+001 -9.3863600e+000 -9.0187000e+000 -4.6112400e+000
  3.2516950e+001 -1.7632610e+001  4.0297000e-001 -7.3747800e+000  3.0933500e+000
  4.9585750e+001 -4.5513960e+001  2.6519840e+001  2.0930640e+001  1.5920780e+001
  5.4409200e+000 -3.5159500e+000  3.0383410e+001  3.7171300e+000  2.7857550e+001
 -4.0996100e+000 -8.4737900e+000  2.5073510e+001  1.4829000e+001  2.1511950e+001
  5.5203300e+000  5.4644400e+000  9.5504400e+000 -8.0281800e+000  8.3826200e+000
  4.9409100e+000  3.9366300e+000  3.0883710e+001  8.3621700e+000  4.3928940e+001
  3.5570220e+001  2.5186400e+000 -4.7642800e+000 -1.7673540e+001  9.4806000e+000
  6.4245320e+001  5.4977700e+000 -6.8616900e+000 -1.2270770e+001 -1.2083790e+001
  4.6684410e+001  5.3443700e+000 -2.6945810e+001 -5.8441400e+000 -1.4995090e+001
  4.7951160e+001 -7.7527300e+000 -6.7374600e+000 -3.4562700e+000 -1.1062360e+001
  6.3569080e+001 -1.3599550e+001 -2.9665510e+001 -4.2253300e+000 -2.5980100e+001
  3.0932525e+002 -8.9146820e+001 -4.8380810e+001 -1.7690150e+001  7.0455000e+000
  1.2892662e+002 -2.3253400e+001 -1.8043270e+001 -3.4083730e+001  2.3437330e+001
  7.3871800e+001 -1.5683050e+001 -6.2842500e+000 -1.1496950e+001  6.4967000e+000
  3.5723800e+001 -5.9807500e+000 -1.1955500e+000 -5.5010700e+000  1.3972400e+000
  2.4109510e+001  3.0348000e-001  1.1535000e+000 -4.0913700e+000  3.9539100e+000
  2.4729490e+001  6.4471600e+000 -2.3855000e-001 -4.3832900e+000  2.2733000e-001
  3.0115990e+001  9.2001700e+000  5.6960800e+000 -1.0066030e+001  8.7710900e+000
  3.5014290e+001  1.5060570e+001  5.9168200e+000 -8.8860700e+000  5.3891100e+000
  2.0612000e+001  9.1220500e+000 -5.9555000e-001 -6.0835000e+000 -1.2387000e+000
  1.5811310e+001  6.0437000e+000  1.4241590e+001  3.7776600e+000 -1.3686300e+000
  3.0644280e+001  1.2690750e+001  1.2958870e+001 -3.6870200e+000 -4.1192800e+000
  4.4505160e+001  1.4586590e+001  1.6882600e+001 -5.4477000e+000 -5.4448000e+000
  2.1184740e+001  1.3209730e+001  1.2507080e+001  1.2680050e+001 -5.9998700e+000
  5.4499760e+001  1.6217540e+001  1.7009770e+001  1.3130690e+001 -6.7045000e+000
  2.5686600e+001  6.9971800e+000  1.0971000e+001  6.4247300e+000 -5.1871500e+000
  6.5765720e+001  3.2579260e+001  9.9385200e+000  3.4448500e+000 -5.7951900e+000
  1.6939300e+001  9.7825400e+000  8.0536000e-001  5.7946400e+000 -1.3345220e+001
  1.8238300e+001  1.4581740e+001 -1.7680200e+000  6.2563600e+000 -1.3134540e+001
  3.5774280e+001  6.4391400e+000  3.0136400e+000  5.8313900e+000 -1.2521800e+001
  3.8751480e+001  4.1463000e+000  2.4749000e+000  1.1904700e+000 -4.3962300e+000
  1.0227753e+002  3.2263700e+000  5.8477400e+000  8.5699200e+000 -2.0255700e+000
  9.9800340e+001  1.0263800e+001 -3.8193200e+000  6.8284400e+000 -9.6961400e+000
  1.4460877e+002  7.0202500e+000 -1.7772180e+001  2.0400000e+001 -2.6508280e+001
  3.5725220e+001 -6.5630800e+000  7.1948400e+000  1.7714220e+001 -1.8154920e+001
  2.7956528e+002 -8.0173340e+001  7.8632660e+001 -2.8966150e+001 -8.4048160e+001
  1.4994176e+003 -1.5075714e+002  1.0660469e+002 -2.0741800e+001 -8.0160880e+001
  4.2785120e+002  4.3685210e+001  1.7819439e+002 -6.3557710e+001 -3.7896190e+001
  1.9701340e+002  3.5530230e+001  1.1131947e+002 -1.7565310e+001 -1.7947660e+001
  9.2440160e+001  2.4028600e+001  5.5487040e+001 -1.2641600e+001  9.4319800e+000
  8.0779000e+001  2.4502600e+001  3.9903400e+001 -6.0683000e+000  8.7277000e+000
  6.0040800e+001  9.0429000e+000  2.8901600e+001 -4.7046000e+000  7.5595000e+000
  1.7921627e+002  4.2156520e+001  7.1362820e+001 -2.6116250e+001  2.0321530e+001
  9.1659760e+001  2.8395800e+001  1.7327290e+001 -2.3181440e+001  2.1751740e+001
  4.5742910e+001  1.2110080e+001  7.0547300e+000 -1.0797270e+001  1.0615870e+001
  4.4865300e+001  1.0687830e+001  7.1068200e+000 -1.8013310e+001  8.1191400e+000
  5.6187500e+001  2.2967400e+001 -9.7200000e-002 -1.8305400e+001  9.9926000e+000
  3.4461830e+002  7.3810100e+001  1.3766600e+001 -6.6220600e+001 -4.7116000e+000
  2.3792430e+002  8.1957800e+001  2.3710000e+001 -5.2734200e+001 -1.2838300e+001
  2.9944000e+001  8.8440000e+000  3.0172000e+000 -6.8593000e+000 -4.9047000e+000
  8.7201300e+001  1.4387200e+001 -2.7850000e+000 -1.4474400e+001 -1.3009700e+001
  4.2469700e+001  4.6125000e+000  8.1764000e+000 -1.1188000e+000 -6.8415000e+000
  4.5627080e+001  8.7128000e-001  8.6231700e+000  1.5228100e+000 -4.2195700e+000
  3.0681900e+001  2.8114000e+000  7.2050000e+000 -5.4593000e+000  1.1699000e+000
  5.6801200e+001  1.5848100e+001  1.2333200e+001 -6.6111000e+000 -3.5900000e-001
  1.9279100e+001  2.5371000e+000  4.6237000e+000 -6.4780000e+000  1.4700000e+000
  3.0189300e+001  5.6298000e+000 -5.7600000e-001 -6.1730000e+000 -3.7423000e+000
  3.5370400e+001  6.4920000e+000 -3.6500000e-001 -1.2177000e+000 -1.6942000e+000
  2.0095500e+001  4.9031000e+000 -2.0962000e+000 -2.0421000e+000 -3.7921000e+000
  2.7764900e+001  2.1595000e+000 -1.4506000e+000 -2.5996000e+000 -2.5433000e+000
  7.3375400e+001  1.9315800e+001  1.7487300e+001 -1.4492900e+001 -1.9289000e+000
