  1.4612970e+001 -1.3043300e+000  3.1602200e+000 -3.0393000e-001 -2.0771000e+000
  6.1712220e+001 -3.1164100e+000  7.8928000e+000 -4.0347200e+000 -1.3510560e+001
  3.4769200e+000  2.1031700e+000  3.0982000e+000 -8.1943000e-001 -6.1013000e-001
  1.0252220e+001  5.6414000e-001  5.6286400e+000  6.0437000e-001  8.3730000e-002
  5.6860200e+000  3.0698000e-001  2.0054200e+000 -7.5426000e-001 -2.2573200e+000
  1.0292870e+001  2.0453400e+000  2.9791000e+000 -2.1116500e+000 -1.2721400e+000
  7.1731600e+000  3.8046800e+000 -1.0380000e-002 -2.2998000e-001 -9.4174000e-001
  3.1941560e+001  1.8748610e+001 -2.7787000e-001  1.6415800e+000 -4.5963600e+000
  9.7965000e+000  2.3617000e+000  1.0545000e+000  6.8945000e-001 -2.7439000e+000
  6.8284700e+000  9.1408800e+000  3.6183700e+000 -2.1103600e+000  1.2447000e-001
  1.6096910e+001  1.0844730e+001  6.2987300e+000 -3.4244800e+000 -2.7394600e+000
  4.2644650e+001  2.7232630e+001  6.0479000e+000 -1.8693100e+000 -4.9349800e+000
  6.6898020e+001  7.1405400e+000 -1.6918600e+001  9.7743000e+000 -2.3619920e+001
  4.4481080e+001  3.4797200e+000 -1.5868080e+001  9.4022800e+000 -2.4029280e+001
  1.7367600e+001  1.0429390e+001 -9.8052000e-001  3.5009600e+000 -7.2098900e+000
  4.7545240e+001  2.9722320e+001 -9.0414100e+000  3.2190000e-002 -2.6144000e+001
  9.6991800e+000  6.6428200e+000 -3.6950000e-001  3.0470600e+000 -4.5222800e+000
  2.5819370e+001  1.4727980e+001 -8.0495500e+000  4.1013200e+000 -1.3470760e+001
  6.5753000e+001  3.1014180e+001 -2.1002860e+001  5.8492800e+000 -3.2027340e+001
  3.7031810e+001  8.6368900e+000 -1.9685700e+000  1.7827300e+000 -1.3780100e+001
  2.5328970e+001  1.0911240e+001 -1.6154160e+001 -6.2200000e-002 -6.8749300e+000
  1.2267540e+001  3.0021200e+000 -8.9282000e-001 -2.1630000e+000 -2.2383000e+000
  3.3572730e+001  1.4294890e+001 -1.1278480e+001 -2.7628000e+000 -3.6094000e+000
  3.2956810e+001  7.8786100e+000 -6.7171400e+000 -7.2444900e+000 -2.4534300e+000
  8.5606440e+001  1.3916520e+001 -4.5508900e+001 -4.6212700e+000 -4.1062020e+001
  4.6616220e+001  1.9035240e+001 -2.1900450e+001 -8.7571300e+000 -2.0753250e+001
  4.5556160e+001 -1.3883500e+000 -1.4836170e+001 -2.3622000e-001 -1.7055630e+001
  2.6690044e+002  6.8596950e+001 -1.7149385e+002  1.7248860e+001 -1.4538460e+002
  9.1679850e+001  1.2892410e+001 -4.8637450e+001  8.6875900e+000 -5.6229450e+001
  4.3635670e+001  1.1610340e+001 -1.3018760e+001  4.2647000e-001 -1.9748490e+001
  3.2277730e+001  2.4204690e+001 -5.8784100e+000 -5.7424400e+000 -1.0989440e+001
  2.8836740e+001  7.2913600e+000 -6.3835000e-001 -9.9958200e+000 -2.4427000e+000
  5.1210790e+001  7.1924600e+000  5.8866600e+000 -5.1372800e+000 -3.2227000e-001
  4.9997650e+001  4.9555200e+000 -4.2571700e+000 -1.5587100e+000 -8.9460200e+000
  1.7674480e+001  5.6565000e+000  3.9940000e-001 -5.0064600e+000 -2.2464000e-001
  2.2348210e+001  1.4982500e+000 -5.7382900e+000 -5.3769000e-001 -1.7716100e+000
  2.9081650e+001 -2.0723600e+000 -1.6104500e+001  3.0995400e+000 -5.0036300e+000
  2.3882140e+001 -3.2778000e+000 -1.0389520e+001  3.7869100e+000 -4.3934200e+000
  6.2069390e+001 -2.7935300e+000 -2.1949220e+001 -2.5004400e+000 -4.3312300e+000
  9.5726540e+001 -9.5744200e+000 -3.6487210e+001  3.0795600e+000 -4.5238900e+000
  5.6995780e+001 -9.5072200e+000 -2.7183520e+001  6.1047200e+000 -1.7035480e+001
  1.7080124e+002  1.5271800e+001 -4.2026340e+001  1.7636200e+001 -5.0383200e+000
  8.8194600e+001 -2.3968800e+001 -2.9684860e+001  1.8544910e+001 -1.0922780e+001
  7.9456940e+001 -2.9705040e+001 -1.8381280e+001  3.5338000e+000 -1.3858340e+001
  1.7968079e+002 -6.3458330e+001 -5.2999580e+001  1.9556330e+001 -5.5834490e+001
  1.7400358e+002 -6.1288620e+001 -4.3535410e+001  1.3814650e+001 -3.7966040e+001
  1.2145815e+002 -6.5774200e+000 -1.5488000e+000  9.5176600e+000 -2.1417680e+001
  5.3559340e+001 -1.0124830e+001 -2.1175900e+000  4.3009500e+000 -5.9808600e+000
  1.1058514e+002 -2.3043120e+001 -4.0207600e+000  7.0549400e+000 -3.9490700e+000
  6.0095080e+001 -2.2517580e+001 -5.3360000e-001  6.7917600e+000  2.0834400e+000
  5.6814960e+001  4.8085000e-001  2.1344400e+001 -2.4770800e+000  6.3317500e+000
  4.3458370e+001 -8.1643400e+000  8.4402200e+000  1.4185700e+000  3.2080300e+000
  2.9619440e+001 -1.1280880e+001 -1.5188500e+000 -1.5011000e-001  2.0508300e+000
  4.1511970e+001 -1.0929920e+001 -3.2796900e+000  1.4474500e+000  7.8231000e-001
  2.1879170e+001 -7.2245200e+000 -2.4367000e+000  2.6763600e+000 -1.6993600e+000
  1.8416380e+001 -4.4275000e+000 -5.5578600e+000  2.8063200e+000 -2.1892400e+000
  2.1053200e+001 -7.0129000e+000 -8.8055500e+000  3.0942200e+000  9.3238000e-001
  3.9848430e+001 -7.3407400e+000 -1.3210090e+001  6.7883100e+000  2.4620000e-002
  3.3748580e+001 -7.7116400e+000 -1.0959000e+001  4.4590300e+000  1.9568300e+000
  3.7462680e+001 -8.9933800e+000 -1.2523390e+001  6.6138700e+000 -1.2572800e+000
  7.2054690e+001  2.7546660e+001 -1.7278560e+001  9.6364500e+000 -1.1202740e+001
  9.5501670e+001  1.1323840e+001 -3.3184780e+001  2.5333280e+001 -1.4796660e+001
  2.4509780e+001  2.6355000e-001 -6.4759600e+000  3.2106300e+000 -2.0348700e+000
  3.0400900e+001 -1.7038100e+000 -5.0446800e+000  5.0788100e+000 -1.6754800e+000
  2.0568510e+001 -3.4508800e+000 -6.8066100e+000  7.1667800e+000 -5.6293600e+000
  6.3150120e+001  1.2409190e+001 -9.4404900e+000  2.3955100e+000 -8.7210700e+000
  9.0606090e+001  2.5444310e+001 -1.8729110e+001 -5.2031400e+000 -9.9524600e+000
  4.7628150e+001 -1.0325930e+001 -8.8303700e+000  9.8436000e-001 -6.5561200e+000
  4.4224560e+001 -1.2957600e+000 -2.1555920e+001  1.0521520e+001 -1.0742880e+001
  6.1602580e+001 -9.9502200e+000 -2.8542550e+001  6.5912700e+000 -1.4746890e+001
  5.2353080e+001 -8.7158400e+000 -2.2282710e+001  4.3561700e+000 -1.0145140e+001
  2.5006160e+001  2.7786200e+000 -1.2280630e+001  2.9776800e+000 -6.6509900e+000
  6.0729640e+001 -1.5161100e+000 -3.8231590e+001  7.2841900e+000 -2.1423520e+001
  4.2203530e+001 -8.8629400e+000 -2.3167460e+001  4.4175000e+000 -1.3378580e+001
  6.9815380e+001 -1.9256040e+001 -5.6160380e+001  1.6347820e+001 -3.0986240e+001
  2.5945250e+001 -9.2683200e+000 -1.3909670e+001  3.3184700e+000 -6.9929300e+000
  7.2584400e+001 -4.2236880e+001 -1.6658940e+001  2.2032900e+000 -1.1861850e+001
  1.4135545e+002 -5.1325200e+001 -4.5402750e+001  6.5265400e+000 -1.6502120e+001
  4.0806050e+001 -1.4724270e+001 -1.2878440e+001  2.6333700e+000 -5.1007300e+000
  2.7767640e+001 -1.1132200e+000 -6.4370600e+000 -5.0137800e+000 -1.5399200e+000
  4.2810960e+001 -1.1746100e+001 -1.9416700e+001 -3.4090700e+000 -4.1339300e+000
  1.2928140e+001 -4.0341700e+000 -3.8455700e+000 -2.4142600e+000 -1.7700700e+000
  3.4949000e+001 -1.1354070e+001 -1.5851310e+001 -5.7415400e+000 -3.7283500e+000
  3.8323040e+001 -1.6009600e+001 -1.1045410e+001 -6.5520500e+000  1.3993000e-001
  3.4583960e+001 -1.1076190e+001 -1.8055280e+001 -6.0888300e+000 -1.0393040e+001
  2.2832400e+001 -1.0889900e+001 -9.1190400e+000 -2.2603900e+000 -6.1785400e+000
  2.6270900e+001 -6.1934300e+000 -1.2617740e+001 -1.2830200e+000 -4.8243900e+000
  9.0310400e+000 -3.9993600e+000 -3.3389200e+000  1.3914400e+000 -1.3528600e+000
  1.4050870e+001 -1.3989800e+000 -4.2049300e+000 -4.8213000e-001 -3.3532700e+000
  2.5105270e+001 -1.0036080e+001 -6.8385600e+000 -5.6574000e-001 -4.0178500e+000
  2.3195200e+001 -1.0549460e+001 -3.4013000e-001 -1.3581000e-001 -4.9428000e-001
  4.9392150e+001 -1.9406030e+001 -1.3210110e+001 -3.5123900e+000 -2.1082400e+000
  8.5370950e+001 -1.4206660e+001 -3.2706310e+001  1.8705500e+000 -1.4867670e+001
  3.5866830e+001 -1.4908220e+001 -7.2296900e+000 -3.2516800e+000 -4.1422000e-001
  5.5887660e+001 -1.2427480e+001 -1.8665540e+001 -3.0070000e-002 -6.7853700e+000
  6.5986080e+001 -3.3170730e+001 -1.0022200e+001 -2.8326000e-001 -6.6882000e+000
  4.1978780e+001 -1.5763280e+001 -8.3714700e+000  6.3016800e+000 -3.6727800e+000
  9.4639555e+002 -2.1403317e+002 -1.7888550e+002 -1.3626740e+001 -6.2848300e+001
  1.1456506e+002 -4.9816770e+001 -2.6499470e+001  4.9233500e+000 -1.0451330e+001
  5.1238140e+001 -2.2526820e+001 -6.6672800e+000  1.5044700e+000 -4.1771400e+000
  2.9087730e+001 -1.4638530e+001 -8.0699600e+000  2.1641500e+000 -5.9014400e+000
  2.4069640e+001 -1.1489450e+001 -6.2615000e+000  3.4437500e+000 -3.2971300e+000
  3.0542500e+001 -1.1004300e+001 -3.2559000e+000  7.1814000e-001 -4.8347600e+000
  2.5739640e+001 -1.2647420e+001 -6.3865800e+000  1.9946600e+000 -4.4269200e+000
  1.4083260e+001 -5.3576300e+000 -4.1501200e+000  3.8249900e+000 -3.3900000e+000
  6.4531620e+001 -1.8225770e+001 -1.4946930e+001  5.0371400e+000 -7.6104500e+000
  4.6603920e+001 -1.2653710e+001 -1.4216130e+001  8.2337500e+000 -7.0115700e+000
  3.0930420e+001 -1.2279410e+001 -1.1934420e+001  5.3403000e+000 -3.9015300e+000
  1.2860600e+002 -6.1164800e+000 -6.2802990e+001  4.2572890e+001 -6.0969350e+001
  7.3678790e+001 -2.0777740e+001 -2.5251930e+001  1.8214840e+001 -2.8842210e+001
  7.0775050e+001 -5.0196400e+000 -1.9380780e+001  1.7747410e+001 -2.2557530e+001
  3.3230830e+001 -9.6009100e+000 -7.6671000e+000  3.2567400e+000 -3.9240600e+000
  3.4022490e+001 -5.2480000e+000 -1.2554000e+000  4.6353200e+000 -5.7456600e+000
  3.4577480e+001 -4.7928000e-001 -2.7763800e+000 -9.7478000e-001 -3.8748600e+000
  2.6946650e+001  6.9081000e+000  2.9972000e+000  1.7176500e+000 -6.0095000e-001
  2.9739580e+001 -1.3922100e+000 -1.0302320e+001  2.9779500e+000 -5.9947600e+000
  1.9533940e+001 -1.3206400e+000 -4.7821800e+000 -1.5124400e+000 -1.3784800e+000
  1.9691620e+001 -3.4044900e+000 -7.0542600e+000  8.7206000e-001 -5.0189700e+000
  2.9831350e+001  6.1505300e+000 -1.0169370e+001  1.6790500e+000 -7.6725200e+000
  2.9555280e+001 -9.9064400e+000 -9.1591500e+000  8.8721000e+000 -6.6841000e+000
  1.2937810e+001  1.3723700e+000 -8.3796000e+000 -9.1072000e-001 -4.8537000e+000
  1.3738400e+001  7.6154300e+000 -7.6822400e+000 -1.0919400e+000 -6.1387100e+000
  2.6223520e+001  2.3918600e+000 -3.4236200e+000 -3.1540700e+000 -2.9802500e+000
  3.9131120e+001 -4.7110000e-001 -1.1039390e+001 -1.7021000e+000 -1.0567780e+001
  1.3030430e+001 -4.7761500e+000 -3.5899900e+000  7.8802000e-001 -4.3972200e+000
  2.2493450e+001 -6.9679600e+000 -4.5295300e+000  9.7665000e-001 -4.1803300e+000
  1.2647960e+001 -5.9465900e+000 -3.8567400e+000  2.7038600e+000 -5.0222300e+000
  1.7184730e+001 -7.2442400e+000 -4.4269300e+000 -7.2770000e-002 -5.0601000e+000
  9.7903000e+000  8.9790000e-001 -7.4633300e+000 -3.6629100e+000 -3.9188700e+000
  1.8145890e+001  5.1057900e+000 -9.4673700e+000 -5.4314900e+000 -4.9114800e+000
  3.1661590e+001 -1.1155150e+001 -9.4814300e+000  1.5629900e+000 -3.2123100e+000
  2.2982550e+001 -2.2240300e+000 -8.2856000e+000 -1.4631900e+000 -3.6934300e+000
  5.2776070e+001  4.1184100e+000 -3.6434710e+001 -3.6768500e+000 -2.5048580e+001
  1.8048100e+001 -9.3206800e+000 -5.5246800e+000  2.8848600e+000 -2.0670800e+000
  2.7270380e+001 -1.2835440e+001 -1.0678410e+001  4.1449700e+000 -3.8644400e+000
  4.3893210e+001 -2.0970980e+001 -1.3247960e+001  8.4808900e+000 -2.3845000e+000
  3.9247950e+001 -2.1662940e+001 -1.0732710e+001  3.9620600e+000 -5.5321700e+000
  1.1489082e+002 -2.7510780e+001 -3.8765280e+001  3.6071900e+000 -2.2293100e+001
  4.0202450e+001 -9.9010300e+000 -1.6141590e+001  7.6596700e+000 -1.0056690e+001
  4.5607050e+001 -8.3592700e+000 -1.9984270e+001  1.6932600e+000 -9.7212100e+000
  2.2561856e+002 -2.4085820e+001 -8.5839240e+001  3.4326000e-001 -6.8645500e+001
  9.7292060e+001  1.7254660e+001 -4.3598690e+001 -6.1555800e+000 -3.8804130e+001
  5.0970470e+001 -1.5620380e+001 -2.2444130e+001 -1.5279240e+001 -2.3499010e+001
  6.1198630e+001 -2.3540600e+001 -5.0477980e+001 -1.3737610e+001 -2.9104690e+001
  5.4150640e+001 -1.8117780e+001 -2.5134260e+001  1.2779000e+000 -1.4964040e+001
  5.4065650e+001 -2.5264410e+001 -2.0074130e+001 -4.5623800e+000 -8.6911500e+000
  1.0749405e+002 -6.3846600e+000 -5.9378960e+001 -4.0721860e+001 -1.7724620e+001
  9.8670420e+001  5.1452150e+001 -5.0745790e+001 -6.7944870e+001 -2.0719350e+001
  4.4207990e+001 -1.3542290e+001 -2.3601090e+001 -2.5197600e+001 -2.2208350e+001
  2.2359373e+002 -2.9848600e+000 -2.0648306e+002 -1.7887178e+002 -1.4850578e+002
  2.3006121e+002 -1.4524570e+001 -1.8875539e+002 -7.7676730e+001 -1.4740076e+002
  1.4566232e+002 -3.2171560e+001 -1.0760258e+002 -5.7407440e+001 -7.9526900e+001
  1.6898092e+002  5.5150700e+000 -5.6987900e+000 -2.2198870e+001 -3.6461290e+001
  9.0711810e+001  2.8779700e+000 -2.4147810e+001 -3.3505140e+001 -4.5986190e+001
  5.1563160e+001 -2.9829300e+000 -5.9864600e+000 -1.4724770e+001 -1.8510760e+001
  6.6298480e+001 -1.1474500e+000 -1.5237910e+001 -1.1903230e+001 -2.0887100e+001
  3.4033635e+002 -4.3773420e+001 -4.6631810e+001 -1.3535745e+002  9.5149000e+000
  1.8983912e+002 -9.0405000e+000  1.7289300e+000 -1.0903853e+002  4.4656530e+001
  1.7143400e+002 -4.5860950e+001 -2.0997850e+001 -5.0236150e+001  1.1430300e+001
  7.7931600e+001 -6.7147500e+000 -6.7670500e+000 -3.1375570e+001  6.1495400e+000
  4.6168210e+001  1.1831080e+001  9.9266000e+000 -2.6890470e+001  2.0614010e+001
  3.3105990e+001  1.9016060e+001  2.3554500e+000 -1.5273290e+001  9.2355300e+000
  4.3692990e+001  2.0889570e+001  6.3891800e+000 -2.2484330e+001  1.9121890e+001
  3.3642090e+001  1.5744070e+001  4.1970200e+000 -1.0981270e+001  6.7178100e+000
  3.1239600e+001  1.5473050e+001 -1.4668450e+001 -1.8127900e+001  5.4109000e+000
  2.4999310e+001  3.2424000e+000 -6.0613100e+000 -3.1293400e+000  5.2707000e-001
  1.9718380e+001  6.0488500e+000 -2.5083000e-001 -5.1551200e+000  1.5967200e+000
  4.0245260e+001  1.4878090e+001 -2.9835000e+000 -5.6589000e+000  7.4980000e-001
  2.1056640e+001  6.0495300e+000 -6.2475200e+000 -7.5705000e-001 -1.0070000e-002
  3.5803760e+001  1.4962840e+001 -1.3047300e+000  4.7929000e-001 -1.4720000e+000
  1.2541500e+001  3.0944800e+000 -1.5676000e+000 -1.8409700e+000  8.4450000e-002
  3.7002420e+001  1.5562360e+001 -8.0598000e-001 -4.1955500e+000  2.8321000e-001
  3.3937300e+001  2.0548540e+001 -1.1863840e+001 -3.2525600e+000 -3.1500200e+000
  1.6152500e+001  9.7857400e+000 -2.4389200e+000 -5.7974000e-001 -4.6984000e-001
  4.3646780e+001  7.2341400e+000 -1.6535600e+000 -5.1061000e-001 -3.0598000e+000
  2.2143180e+001  8.0845000e+000  7.6590000e-001 -2.9501300e+000 -1.1522300e+000
  7.8218930e+001  2.4728700e+000 -6.4805600e+000  3.4062000e-001 -7.0237700e+000
  1.0502144e+002  1.9685300e+001  4.3758000e-001  9.3214000e-001 -7.4253400e+000
  1.3983757e+002  2.7863150e+001  1.4893200e+000  1.2127400e+001 -9.5178800e+000
  9.7147620e+001  3.2832000e-001 -6.4312600e+000 -1.1868480e+001  1.5631800e+000
  4.3218318e+002  3.0793860e+001  3.0218556e+002 -9.6136650e+001 -2.3534560e+001
  1.2808747e+003  1.8520886e+002  2.5949549e+002 -1.2749850e+002 -1.5920948e+002
  5.5326240e+002  7.5886710e+001  2.6490689e+002 -8.9872310e+001 -3.9405190e+001
  3.0505430e+002  1.2123103e+002  1.5850057e+002 -3.2359210e+001 -3.6442260e+001
  1.5468706e+002  5.6090600e+001  1.0842324e+002 -3.2264000e+001  2.6242080e+001
  1.1594270e+002  5.0548200e+001  6.9965100e+001 -2.0545900e+001  1.4797700e+001
  7.4270400e+001  1.8346800e+001  3.9026300e+001 -9.9373000e+000  1.1116900e+001
  2.6383977e+002  8.5224220e+001  1.1310962e+002 -4.3597050e+001  3.6014030e+001
  1.2574556e+002  5.3222500e+001  2.0493990e+001 -2.9769940e+001  3.2807240e+001
  5.0043410e+001  1.6864280e+001 -2.4449700e+000 -9.3548700e+000  6.8176700e+000
  6.1691200e+001  2.1471730e+001  5.3540200e+000 -1.7120710e+001  1.2519340e+001
  4.6055800e+001  2.6279200e+001 -7.6995000e+000 -8.9363000e+000  4.3625000e+000
  3.6380830e+002  8.8842500e+001 -9.3317000e+000 -6.0196100e+001 -1.1874300e+001
  2.7038670e+002  1.1752420e+002  1.1250200e+001 -5.7197300e+001 -2.1995100e+001
  4.0986400e+001  1.3967200e+001  5.8960000e-001 -1.0663200e+001 -3.7534000e+000
  9.6045800e+001  2.4372600e+001 -2.0483400e+001 -7.8334000e+000 -1.5655100e+001
  4.2952100e+001  1.0630100e+001  2.9197000e+000  2.0444000e+000 -1.1343700e+001
  3.9950580e+001  4.7066800e+000 -6.9553000e-001  1.9603100e+000 -4.1838700e+000
  2.9741700e+001  7.6669000e+000  4.6002000e+000 -5.2781000e+000 -1.8380000e-001
  6.7774400e+001  1.6902000e+001  1.0399000e+001 -1.0677700e+001  3.3000000e-003
  3.2023800e+001  1.0930500e+001 -9.8540000e-001 -5.6775000e+000 -1.6803000e+000
  3.5707700e+001  1.2746700e+001 -5.5459000e+000 -5.6340000e+000 -7.4609000e+000
  5.3371100e+001  1.6408000e+001 -1.0417700e+001 -1.2033200e+001 -7.1324000e+000
  4.7669100e+001  3.0683600e+001 -2.0366600e+001 -1.8046000e+001 -1.3324800e+001
  2.5000600e+001  7.8721000e+000 -8.7720000e+000 -6.2634000e+000 -6.7154000e+000
  5.7234000e+001  6.0894000e+000 -6.5096000e+000 -5.5628000e+000 -6.0693000e+000
