  1.4484570e+001 -2.4639300e+000  3.5719200e+000  2.1583700e+000 -2.8008000e+000
  5.5977620e+001 -6.1522100e+000  1.2290100e+001 -3.9552200e+000 -1.2240760e+001
  5.6655200e+000  2.3892700e+000  4.1142000e+000 -3.4513000e-001 -1.8369300e+000
  5.1488200e+000 -8.7246000e-001  4.1045400e+000  5.2827000e-001  1.6625300e+000
  6.7914200e+000 -1.1842000e-001  1.4478200e+000 -1.5136600e+000 -2.0462000e-001
  6.8440700e+000  1.6751400e+000 -4.3200000e-001 -1.0014500e+000 -1.4597400e+000
  6.6795600e+000  1.0213800e+000  3.3672000e-001  4.0622000e-001 -7.0424000e-001
  2.6234360e+001  1.2495410e+001 -8.8377000e-001  1.1428000e-001 -5.8203600e+000
  1.4013900e+001  1.8521000e+000  1.1638000e+000  1.1455500e+000 -5.5910000e-001
  5.1399700e+000  6.0019800e+000  2.3175700e+000 -2.2566000e-001  8.4707000e-001
  1.8810110e+001  9.9850300e+000  5.4598300e+000 -4.2514800e+000 -1.5809600e+000
  3.8738450e+001  2.6330230e+001  6.0076000e+000 -1.4101000e-001 -5.2479800e+000
  6.4683720e+001  7.3632400e+000 -1.9320900e+001  1.3102600e+001 -2.6024020e+001
  3.4235780e+001  1.9444200e+000 -1.1935980e+001  7.2532800e+000 -1.7923480e+001
  1.3663700e+001  7.8881900e+000 -6.5422000e-001  1.8496600e+000 -4.9921900e+000
  2.6155340e+001  1.1739820e+001 -6.7080100e+000  1.0553900e+000 -1.4242100e+001
  1.0791380e+001  3.2802200e+000 -1.2197000e+000  1.4659600e+000 -4.1930800e+000
  1.9816970e+001  1.0084180e+001 -8.6755500e+000  3.7037200e+000 -8.8316600e+000
  4.4262100e+001  2.3961480e+001 -1.5326560e+001  6.4989800e+000 -2.2289340e+001
  2.8414210e+001  3.0549900e+000 -5.0049700e+000  4.8709300e+000 -8.9502000e+000
  1.2826070e+001  4.2882400e+000 -8.3685600e+000  1.4439000e+000 -2.1035300e+000
  8.0379400e+000  3.8559200e+000 -2.2182000e-001 -5.3740000e-001 -1.8301000e+000
  2.1546630e+001  1.0004390e+001 -5.5802800e+000 -4.0021000e+000 -2.8420000e+000
  1.5821010e+001  5.1922100e+000 -4.3426400e+000 -3.0610900e+000 -7.6273000e-001
  3.9058040e+001  7.8962200e+000 -2.4057100e+001  1.8474300e+000 -1.9133420e+001
  2.3513620e+001  4.4855400e+000 -1.0515250e+001 -3.0027300e+000 -1.0507150e+001
  4.0023460e+001 -2.6639500e+000 -1.8617070e+001  3.5327800e+000 -1.8803930e+001
  2.2287554e+002  4.8855050e+001 -1.3856455e+002  1.1941260e+001 -1.1438450e+002
  7.5243950e+001  7.8774100e+000 -3.1867750e+001  4.4018900e+000 -3.4896150e+001
  2.7807570e+001  3.5315400e+000 -1.0753360e+001  1.7426700e+000 -1.3591690e+001
  1.8758230e+001  1.0240490e+001 -9.5517100e+000  8.7376000e-001 -7.0354400e+000
  1.8555640e+001  3.4617600e+000 -1.9969500e+000 -3.8609200e+000 -1.2918000e+000
  4.2459490e+001  4.5262600e+000  4.5330600e+000 -2.0255800e+000 -2.3364700e+000
  3.0147250e+001  6.8509200e+000 -6.9687000e-001 -2.8932100e+000 -5.7209200e+000
  1.5096180e+001  3.0693000e+000 -3.3513000e+000  1.4156400e+000 -6.4194000e-001
  1.7143010e+001  2.0004500e+000 -4.0682900e+000  2.9375100e+000 -3.4311100e+000
  1.6471150e+001 -1.7596600e+000 -9.9360000e+000  2.1838400e+000 -2.2818300e+000
  1.7198840e+001 -2.9667000e+000 -6.8828200e+000  3.8570100e+000 -2.7761200e+000
  3.4573590e+001 -2.9631300e+000 -1.4249620e+001  3.6414600e+000 -3.9137300e+000
  6.9227340e+001 -8.2311200e+000 -2.3308110e+001  1.5506600e+000 -8.2329000e-001
  3.5401980e+001 -3.6185200e+000 -1.5251520e+001  2.4930200e+000 -7.9223800e+000
  1.1818014e+002 -3.5889000e+000 -2.9344540e+001  1.1571800e+001 -8.6816200e+000
  6.3913400e+001 -2.6324500e+001 -2.5793660e+001  1.8834710e+001 -1.2627180e+001
  4.9642540e+001 -1.4477340e+001 -9.9533800e+000  1.0042000e+000 -7.6857400e+000
  2.1352549e+002 -6.8618930e+001 -5.0922780e+001  2.5247230e+001 -6.1285590e+001
  1.7600138e+002 -7.3315420e+001 -5.0186110e+001  1.9693850e+001 -3.5247940e+001
  8.1439150e+001 -1.9575720e+001 -1.0257200e+001  7.0871600e+000 -1.6746980e+001
  4.1802640e+001 -1.0326830e+001 -3.3682900e+000  4.3701500e+000 -6.2722600e+000
  5.4289040e+001 -1.2893620e+001 -4.2546000e-001 -6.3686000e-001 -1.3221700e+000
  3.4896380e+001 -1.2447180e+001  1.3570000e+000  1.9037600e+000  3.2183400e+000
  3.2568260e+001 -5.2793500e+000  5.6573000e+000  1.5551200e+000 -2.3335000e-001
  2.4372670e+001 -4.3206400e+000  5.2768200e+000  1.1449700e+000  4.5773000e-001
  1.7683840e+001 -5.3959800e+000  5.3150000e-002 -1.0285100e+000  1.3120300e+000
  3.4287570e+001 -1.3553620e+001 -8.9762900e+000  3.0394500e+000 -2.2932900e+000
  2.7484870e+001 -6.7964200e+000 -4.2718000e+000  4.0182600e+000 -3.3221600e+000
  2.0471780e+001 -6.6527000e+000 -4.6981600e+000  2.2971200e+000 -9.8574000e-001
  1.8051500e+001 -4.7270000e+000 -7.1830500e+000  2.8854200e+000  8.8448000e-001
  3.2433230e+001 -5.0895400e+000 -9.9621900e+000  5.4842100e+000 -2.9818000e-001
  2.5968280e+001 -7.8168400e+000 -9.4435000e+000  4.9729300e+000 -1.2533700e+000
  2.8623980e+001 -6.0773800e+000 -9.4666900e+000  5.5818700e+000 -2.0392800e+000
  4.7276190e+001  1.3223560e+001 -1.2066560e+001  7.1193500e+000 -6.7255400e+000
  7.1269170e+001  6.9941400e+000 -2.5151480e+001  1.8378480e+001 -1.1574260e+001
  1.4877980e+001 -2.2456500e+000 -3.7349600e+000  3.0926300e+000 -1.4425700e+000
  1.7534200e+001 -9.9471000e-001 -2.8414800e+000  3.1659100e+000 -3.7458800e+000
  2.1836610e+001 -3.8657800e+000 -5.4354100e+000  5.9567800e+000 -3.8360600e+000
  5.3778920e+001  5.9474900e+000 -8.7390900e+000  3.8789100e+000 -6.9253700e+000
  6.3731790e+001  1.1814510e+001 -1.4536510e+001 -1.7601400e+000 -8.7428600e+000
  3.8753550e+001 -8.1860300e+000 -8.0860700e+000  3.3906600e+000 -3.9467200e+000
  4.6369960e+001 -4.2324600e+000 -2.2321120e+001  1.1872220e+001 -1.2168680e+001
  5.9249980e+001 -7.0849200e+000 -3.1335250e+001  8.9549700e+000 -1.6803790e+001
  3.9096680e+001 -6.2198400e+000 -1.7051610e+001  2.3992700e+000 -6.7228400e+000
  2.3736760e+001 -5.5508000e-001 -6.4646300e+000  8.9988000e-001 -3.5105900e+000
  6.8579040e+001 -3.1480100e+000 -4.0557690e+001  9.2457900e+000 -2.3719020e+001
  4.1671430e+001 -1.1832440e+001 -2.1566160e+001  5.8362000e+000 -1.1602480e+001
  6.4712280e+001 -1.6661740e+001 -5.8404680e+001  1.8563420e+001 -3.0698940e+001
  2.9740250e+001 -8.4951200e+000 -1.7445770e+001  6.0029700e+000 -1.1147730e+001
  9.4109100e+001 -4.4462980e+001 -2.2523640e+001  1.5038900e+000 -1.3352550e+001
  1.2546915e+002 -4.8114300e+001 -3.6833250e+001  8.4315400e+000 -1.4388420e+001
  4.3446450e+001 -1.7514370e+001 -1.3716440e+001  3.6466700e+000 -4.1023300e+000
  3.5497440e+001 -1.2965200e+000 -1.0773460e+001 -2.2232800e+000 -1.4862200e+000
  4.1956660e+001 -9.5198000e+000 -2.2186300e+001 -2.5725700e+000 -5.7625300e+000
  1.7394340e+001 -4.6715700e+000 -1.1912470e+001 -2.1965600e+000 -2.6065700e+000
  3.9723400e+001 -1.2754870e+001 -2.2455510e+001 -4.7929400e+000 -6.0225500e+000
  3.4228340e+001 -1.4746100e+001 -1.0019410e+001 -4.7643500e+000 -1.6668700e+000
  4.2157560e+001 -1.5347290e+001 -2.3250780e+001 -3.7567300e+000 -1.4240840e+001
  3.1944300e+001 -1.6997300e+001 -1.2661440e+001 -2.0698900e+000 -8.7735400e+000
  2.8396000e+001 -1.0825430e+001 -1.1881440e+001 -7.3922000e-001 -4.1146900e+000
  1.5793040e+001 -8.0469600e+000 -8.1623200e+000 -2.8846000e-001 -5.7835600e+000
  1.8962770e+001 -3.6585800e+000 -3.3678300e+000 -3.0313300e+000 -1.7592700e+000
  2.3236470e+001 -8.9474800e+000 -9.9239600e+000  9.1106000e-001 -4.1502500e+000
  2.6925900e+001 -1.1978560e+001 -6.9273000e-001  7.1049000e-001 -1.0848000e-001
  4.6513050e+001 -2.0437530e+001 -1.2811410e+001 -2.4040900e+000 -7.5614000e-001
  7.5944950e+001 -1.6504660e+001 -2.4741510e+001  4.2545000e-001 -1.2611170e+001
  3.7091630e+001 -1.8344920e+001 -7.0350900e+000 -3.0658000e-001 -1.1982200e+000
  5.6990760e+001 -1.5057280e+001 -2.3216040e+001  1.1930000e-002 -8.8726700e+000
  5.5872080e+001 -2.8884830e+001 -7.1912000e+000  6.4374000e-001 -6.4571000e+000
  3.9541580e+001 -2.0154880e+001 -9.5858700e+000  7.9590800e+000 -4.7057800e+000
  6.1560625e+002 -1.7688317e+002 -1.1444930e+002 -2.2888400e+000 -3.4022500e+001
  9.6157360e+001 -3.7049070e+001 -2.1564070e+001  2.1431500e+000 -8.4912300e+000
  6.4263540e+001 -3.6316120e+001 -8.6998800e+000  2.8241700e+000 -4.1874400e+000
  2.2577330e+001 -1.0026130e+001 -7.1896600e+000  3.1231500e+000 -4.2120400e+000
  2.4368940e+001 -1.1146650e+001 -7.2735000e+000  3.0574500e+000 -4.6641300e+000
  2.7557700e+001 -1.0879900e+001 -4.9199000e+000  1.4507400e+000 -4.9679600e+000
  2.0504740e+001 -8.1297200e+000 -5.5696800e+000  1.0233600e+000 -3.3665200e+000
  1.9964760e+001 -1.0570230e+001 -4.6674200e+000  2.6960900e+000 -1.1608000e+000
  5.4158720e+001 -1.8629870e+001 -1.2287530e+001  6.0707400e+000 -5.6960500e+000
  3.5400720e+001 -5.2043100e+000 -1.0699230e+001  4.8634500e+000 -4.9644700e+000
  2.8043220e+001 -1.1634310e+001 -7.9190200e+000  2.6136000e+000 -4.1417300e+000
  1.1586610e+002  1.1834200e+000 -5.8522790e+001  3.4067790e+001 -4.9409150e+001
  7.2635690e+001 -2.6227040e+001 -2.2724730e+001  1.4991240e+001 -2.6362010e+001
  7.0552150e+001 -1.1685400e+000 -2.6554680e+001  1.6728810e+001 -2.0600130e+001
  4.8559830e+001 -1.1215110e+001 -1.3740000e+001  5.5816400e+000 -6.2700600e+000
  3.8391090e+001 -5.8214000e+000 -5.6702000e+000  5.0359200e+000 -6.4954600e+000
  5.9178680e+001 -4.2573800e+000 -1.3283580e+001 -1.4778800e+000 -1.0034060e+001
  3.8410650e+001  2.3437000e+000 -2.8874500e+001  3.8400500e+000 -1.6687250e+001
  5.1750980e+001  3.3030900e+000 -2.5323820e+001  5.8239500e+000 -1.1318560e+001
  2.5467140e+001 -4.0289400e+000 -1.0918880e+001 -3.9394000e-001 -6.2219800e+000
  2.0589720e+001  3.6267100e+000 -1.3476260e+001  1.1465600e+000 -7.1138700e+000
  3.3393050e+001  6.6146300e+000 -4.0905170e+001  7.4717500e+000 -2.3366620e+001
  2.7936280e+001 -7.6721400e+000 -2.1554750e+001  1.0563000e+001 -1.3568800e+001
  1.2930710e+001  2.0147000e-001 -1.2190100e+001  1.8704800e+000 -6.0486000e+000
  1.2246700e+001  5.5469300e+000 -8.1039400e+000 -7.5440000e-002 -4.6973100e+000
  2.4209820e+001  2.2036000e-001 -1.9168200e+000 -5.3890700e+000 -1.8758500e+000
  3.0685020e+001  2.9389000e+000 -7.8345900e+000 -2.2147000e+000 -8.5862800e+000
  1.6811030e+001 -2.6834500e+000 -6.7296900e+000  1.0919200e+000 -5.8648200e+000
  2.1875750e+001 -1.7725600e+000 -7.5053300e+000  1.6715000e-001 -5.1189300e+000
  9.7462600e+000 -1.3338900e+000 -3.0120400e+000  7.9746000e-001 -2.7529300e+000
  1.3434030e+001 -1.7186400e+000 -6.4332300e+000  2.4668300e+000 -5.5858000e+000
  1.3225200e+001  1.6146000e+000 -7.7036300e+000  3.1179000e-001 -5.4858700e+000
  1.8264290e+001  3.7540900e+000 -1.3193670e+001 -4.2281900e+000 -8.4504800e+000
  3.7318590e+001 -7.4134500e+000 -1.3389530e+001 -3.5291000e-001 -4.7099100e+000
  2.6141750e+001 -6.9943000e-001 -6.5195000e+000 -2.2988900e+000 -3.1084300e+000
  5.6858770e+001  5.9413100e+000 -3.9731510e+001 -5.7577500e+000 -2.9155480e+001
  1.9417500e+001 -4.4871800e+000 -1.0646880e+001  2.4165600e+000 -5.1258800e+000
  3.0903880e+001 -1.1107940e+001 -1.5913410e+001  3.9221700e+000 -7.6688400e+000
  6.3343210e+001 -2.6872980e+001 -2.3906260e+001  1.2367790e+001 -1.1158200e+001
  4.1664150e+001 -2.4886740e+001 -1.1489110e+001  6.1578600e+000 -6.9857700e+000
  1.2550832e+002 -2.0987780e+001 -4.8781480e+001  8.3509000e-001 -2.9191500e+001
  4.3364950e+001 -1.0953230e+001 -1.4138990e+001  6.6101700e+000 -1.0449090e+001
  4.1702450e+001 -4.1097700e+000 -1.8290470e+001  1.7016000e-001 -1.0781110e+001
  1.7919786e+002 -2.7977820e+001 -6.9661140e+001  8.8896000e-001 -4.8966800e+001
  9.5146760e+001 -7.1698400e+000 -4.5075490e+001 -2.0137800e+000 -4.0005630e+001
  6.9888370e+001 -2.4533780e+001 -3.2709730e+001 -9.6940000e-002 -2.5326310e+001
  7.1288230e+001 -1.0145800e+001 -6.1305980e+001 -1.8832010e+001 -3.2659690e+001
  6.6921940e+001 -1.6614780e+001 -2.9161260e+001 -3.3736000e+000 -1.6716140e+001
  6.6633550e+001 -3.3885610e+001 -1.7934930e+001  3.4808200e+000 -1.3050250e+001
  1.2946055e+002 -1.8108960e+001 -4.7429160e+001 -2.4134960e+001 -7.5634200e+000
  1.2388342e+002  3.4470850e+001 -7.6132290e+001 -4.9694570e+001 -1.9697250e+001
  1.7353290e+001 -2.5447900e+000 -8.7920900e+000 -4.6470000e-001  4.7017500e+000
  3.9148730e+001  4.1252400e+000 -2.7395060e+001 -8.1635800e+000 -5.0944800e+000
  6.4050510e+001 -1.1798470e+001 -1.2247190e+001 -5.8617300e+000  8.7296400e+000
  9.3014420e+001 -1.5799560e+001 -5.9021280e+001 -1.9512040e+001 -3.2894800e+001
  7.1549520e+001 -2.1489300e+000 -1.1395190e+001 -7.7882700e+000 -1.6846190e+001
  2.5886210e+001  1.3265700e+000 -8.5209100e+000 -4.5135400e+000 -4.8203900e+000
  2.8585260e+001 -1.0225300e+000 -1.1597960e+001 -4.3786700e+000 -7.1057600e+000
  7.0903180e+001 -1.0266650e+001 -2.5808610e+001 -1.0182730e+001 -2.3242100e+001
  2.6445885e+002 -5.9147620e+001 -5.3271010e+001 -2.9569650e+001 -5.3073000e+000
  6.2607220e+001 -1.0789000e+001 -1.3356070e+001 -1.3511930e+001  5.4145300e+000
  8.5599300e+001 -1.9167450e+001 -1.1998650e+001 -1.7893550e+001  5.3539000e+000
  5.7636600e+001 -1.5798500e+000 -1.4886250e+001 -1.5524670e+001 -1.5160000e-002
  2.9516810e+001  5.4142800e+000 -4.1670000e-001 -9.2230700e+000  5.7320100e+000
  2.7200190e+001  1.1236460e+001 -3.2409500e+000 -6.2320900e+000  8.9633000e-001
  3.3344090e+001  7.3675700e+000  9.3288000e-001 -1.0289330e+001  7.8532900e+000
  3.0822390e+001  1.1931770e+001  9.1392000e-001 -1.0713670e+001  7.2581100e+000
  3.8365400e+001  2.2481350e+001 -1.8357850e+001 -1.6508000e+001  2.8873000e+000
  2.7377710e+001  4.3833000e+000 -9.8942100e+000 -1.1355400e+000 -3.9715300e+000
  2.2386980e+001  4.5431500e+000 -4.8368300e+000 -2.5658200e+000 -6.3368000e-001
  2.0643260e+001  4.7379900e+000 -4.6214000e+000  2.2820000e-001 -1.7674000e+000
  1.6922440e+001  9.3704300e+000 -4.7703200e+000  1.3920500e+000 -2.2539700e+000
  2.0032460e+001  9.1872400e+000 -1.1734300e+000 -7.8521000e-001 -7.6990000e-001
  1.6630000e+001  3.5514800e+000 -3.8877000e+000 -1.5855700e+000  1.6965000e-001
  3.2012220e+001  1.4631360e+001 -4.3627800e+000 -2.5979500e+000 -1.0194900e+000
  2.1187200e+001  9.5545400e+000 -4.9931400e+000 -2.7224600e+000 -1.0076200e+000
  1.5879800e+001  7.9406400e+000 -4.2164200e+000  5.9076000e-001 -2.5115400e+000
  2.5866480e+001  4.0633400e+000 -6.6586000e-001 -8.3110000e-002 -3.2779000e+000
  2.1266480e+001  5.0275000e+000 -5.4960000e-001  4.0057000e-001 -5.2433000e-001
  5.8157030e+001  7.1700000e-003 -1.1909600e+000  2.5857200e+000 -2.7503700e+000
  6.8207940e+001  1.1270600e+001 -2.5428200e+000  1.8763400e+000 -2.8173400e+000
  8.8403570e+001  1.2281750e+001 -3.5423800e+000  2.0752000e+000 -6.2976800e+000
  4.8175320e+001  4.9803200e+000 -7.1509600e+000 -5.0973800e+000  2.1700800e+000
  1.5039498e+002 -4.5204000e-001  8.5130460e+001 -2.3020050e+001 -6.3534600e+000
  8.6170885e+002 -1.6412840e+001  1.0902439e+002 -4.8901100e+001 -4.8860380e+001
  2.7103150e+002  3.0337510e+001  1.0751879e+002 -3.8032810e+001 -1.2868090e+001
  1.0218790e+002  4.3372330e+001  3.7807270e+001 -5.4625100e+000 -5.9862600e+000
  5.4304260e+001  1.5518400e+001  2.4685740e+001 -9.1716000e+000  7.0083800e+000
  5.5905700e+001  1.9738100e+001  2.3227200e+001 -4.0832000e+000  7.4107000e+000
  3.9835900e+001  7.8320000e+000  1.5398900e+001 -2.3365000e+000  5.4407000e+000
  1.2400457e+002  3.6427820e+001  4.1199720e+001 -1.6437350e+001  1.2698930e+001
  8.7894060e+001  2.9886000e+001  1.2143590e+001 -1.9456840e+001  1.9118540e+001
  3.3478410e+001  8.4561800e+000  3.3490300e+000 -6.3150700e+000  6.2752700e+000
  4.3215500e+001  1.5506030e+001  6.0101200e+000 -9.7106100e+000  9.7654400e+000
  3.4989900e+001  1.0937700e+001 -8.0530000e-001 -4.4834000e+000  4.9458000e+000
  2.9716080e+002  6.8358300e+001  7.7928000e+000 -5.3067600e+001  9.1970000e-001
  1.8684890e+002  6.9147600e+001  1.2746500e+001 -3.9160900e+001 -1.0876800e+001
  2.7933600e+001  1.2634900e+001 -8.7350000e-001 -7.0408000e+000 -2.2153000e+000
  6.9804300e+001  1.7070200e+001 -9.0189000e+000 -8.7729000e+000 -1.0128100e+001
  3.2714500e+001  1.2017900e+001  2.6900000e+000 -2.3186000e+000 -4.8888000e+000
  3.7552880e+001  2.6345800e+000  2.1670000e-002  2.1006100e+000 -4.0396700e+000
  2.4334800e+001  2.2442000e+000  1.5898000e+000 -3.9345000e+000  4.6340000e-001
  4.5104700e+001  9.9288000e+000  2.2464000e+000 -6.4443000e+000  9.9410000e-001
  1.9444100e+001  6.2959000e+000  3.3540000e-001 -4.7191000e+000  3.6370000e-001
  2.5496500e+001  6.1058000e+000 -1.4921000e+000 -3.5048000e+000 -8.7980000e-001
  3.9047900e+001  1.2924800e+001 -8.4573000e+000 -7.8944000e+000 -5.4592000e+000
  2.5726300e+001  1.2565400e+001 -9.6295000e+000 -4.3212000e+000 -6.5105000e+000
  2.3826000e+001  9.0999000e+000 -8.9982000e+000 -6.2188000e+000 -5.0540000e+000
  4.7954800e+001  1.2966000e+000 -5.8422000e+000 -6.1983000e+000 -3.2434000e+000
