  8.3042700e+000 -1.3422300e+000  2.2613200e+000  4.8587000e-001 -1.3990000e+000
  2.6421820e+001 -1.9597100e+000  2.4411000e+000 -1.3094200e+000 -4.3549600e+000
  3.0199200e+000  1.0621700e+000  3.3758000e+000 -6.5083000e-001  1.4306700e+000
  5.5013200e+000  2.1854000e-001  2.5777400e+000 -7.7443000e-001  3.5623000e-001
  4.9347200e+000 -2.2912000e-001  4.8722000e-001  5.9474000e-001 -1.1586200e+000
  6.5588700e+000  9.5154000e-001  2.3785000e+000 -1.3029500e+000 -4.9534000e-001
  5.4506600e+000  1.2418800e+000  5.3272000e-001 -8.5180000e-002 -1.0036400e+000
  2.4234360e+001  1.1248610e+001 -6.9987000e-001  1.5910800e+000 -4.3719600e+000
  7.1235000e+000  1.0730000e+000 -3.8030000e-001  5.1115000e-001 -1.3128000e+000
  4.8517700e+000  3.3569800e+000  1.6823700e+000 -7.7916000e-001 -1.4353000e-001
  1.1567210e+001  5.1871300e+000  3.8380300e+000 -1.5385800e+000 -1.6336600e+000
  2.6376950e+001  1.7144630e+001  4.2281000e+000 -5.2381000e-001 -3.3731800e+000
  4.7906820e+001  7.3282400e+000 -1.1336400e+001  7.8551000e+000 -1.6655220e+001
  2.7228280e+001  2.8948200e+000 -6.2862800e+000  3.7313800e+000 -1.3304180e+001
  1.7525300e+001  8.0919900e+000  2.2826800e+000  2.3536600e+000 -3.4979900e+000
  2.9145340e+001  1.0718220e+001 -4.8768100e+000  9.7469000e-001 -1.1999500e+001
  8.3540800e+000  2.3585200e+000  9.9380000e-001  5.3356000e-001  3.5482000e-001
  1.8970370e+001  8.4007800e+000 -3.3008500e+000  2.1700200e+000 -5.7778600e+000
  3.2036500e+001  1.9018480e+001 -7.2133600e+000  1.3351800e+000 -1.1652540e+001
  3.1371910e+001  4.0095900e+000 -2.7481700e+000  4.2525300e+000 -9.0196000e+000
  1.5781870e+001  6.6436400e+000 -7.8640600e+000  5.5300000e-002 -2.3578300e+000
  8.2465400e+000  2.1917200e+000 -1.3142000e-001 -9.8970000e-001 -1.0646000e+000
  2.2114030e+001  1.0525590e+001 -5.3837800e+000 -2.5037000e+000 -1.4589000e+000
  2.1554710e+001  7.8271100e+000 -3.1347400e+000 -4.7616900e+000 -1.1273300e+000
  5.3013340e+001  1.3048320e+001 -2.6512300e+001 -4.4790700e+000 -2.2931120e+001
  2.8963820e+001  9.1860400e+000 -9.9705500e+000 -4.3586300e+000 -9.6050500e+000
  3.9258760e+001  1.7031500e+000 -1.1806570e+001 -2.0620200e+000 -1.2738530e+001
  1.5733524e+002  4.2574050e+001 -9.4092650e+001  1.0070560e+001 -7.7471100e+001
  5.2546950e+001  6.7373100e+000 -1.9438250e+001  2.2975900e+000 -2.2753550e+001
  2.3011570e+001  6.9257400e+000 -2.9370600e+000 -1.9652300e+000 -7.3701900e+000
  1.6841030e+001  8.1131900e+000 -1.8517100e+000 -3.0691400e+000 -4.1543400e+000
  2.1940940e+001  4.5902600e+000 -8.2815000e-001 -4.4904200e+000 -2.0878000e+000
  4.2407190e+001  7.8099600e+000  7.2077600e+000 -5.3487800e+000  1.7090300e+000
  4.3334550e+001  7.8248200e+000 -9.9847000e-001 -3.7829100e+000 -4.3008200e+000
  1.4734480e+001  3.6232000e+000 -1.4531000e+000 -2.9458600e+000  3.3666000e-001
  1.7248810e+001  3.6891500e+000 -1.1604900e+000 -1.8551900e+000 -8.5301000e-001
  1.4611250e+001 -1.0215600e+000 -5.2046000e+000 -3.3236000e-001 -5.3333000e-001
  1.8121640e+001 -8.1170000e-001 -3.2284200e+000  1.4692100e+000  1.4848000e-001
  3.4872390e+001  2.4081700e+000 -9.4795200e+000  8.4066000e-001  1.9269700e+000
  6.2761640e+001  1.8620800e+000 -2.0714810e+001  8.5146000e-001  1.5838100e+000
  3.9056580e+001  2.0378800e+000 -1.5375920e+001  2.3626200e+000 -7.6871800e+000
  1.1831294e+002  1.3852700e+001 -2.7480840e+001  7.3459000e+000 -2.5454200e+000
  6.0671900e+001 -8.2216000e+000 -1.0031260e+001  3.7265100e+000 -6.7088000e-001
  5.6625940e+001 -1.2032240e+001 -8.8574800e+000 -4.0693000e+000 -8.8438400e+000
  1.3709889e+002 -3.2973130e+001 -2.4536680e+001  9.0054300e+000 -3.1176590e+001
  1.3509998e+002 -4.4406620e+001 -2.9839910e+001  8.2404500e+000 -2.2634540e+001
  9.1499250e+001  6.5052800e+000  1.1346300e+001  3.1649600e+000 -1.1316980e+001
  3.9356840e+001 -7.9427300e+000 -2.7890000e-002  2.3532500e+000 -3.0390600e+000
  5.7325040e+001 -6.2191200e+000  4.5298400e+000 -2.2316000e-001  1.0010300e+000
  3.6198280e+001 -1.0992680e+001  3.9386000e+000  2.0795600e+000  2.7765400e+000
  4.8105160e+001  2.5012500e+000  2.1020300e+001 -3.7913800e+000  8.3644500e+000
  2.5398570e+001 -2.3085400e+000  7.0736200e+000  5.7837000e-001  1.2092300e+000
  1.5834140e+001 -4.4827800e+000  1.4550000e-002 -6.3711000e-001  2.2066300e+000
  3.0114070e+001 -5.9941200e+000 -6.5969000e-001 -1.6854500e+000  3.1421100e+000
  1.7433270e+001 -4.8838200e+000 -6.2920000e-001  9.7386000e-001  4.8054000e-001
  1.3066580e+001 -2.9734000e+000 -2.1961600e+000  7.8922000e-001  2.7696000e-001
  1.2098500e+001 -2.2520000e+000 -2.0366500e+000 -1.6808000e-001  1.2297800e+000
  3.0724830e+001 -3.7857400e+000 -9.2592900e+000  4.6347100e+000 -8.5418000e-001
  2.4881280e+001 -7.2052400e+000 -7.9788000e+000  4.6299300e+000 -3.0147000e-001
  2.3826280e+001 -1.9587800e+000 -6.6847900e+000  4.5849700e+000 -1.8526800e+000
  4.6193990e+001  2.4887760e+001 -8.5555600e+000  5.2648500e+000 -7.4956400e+000
  5.4634970e+001  9.3532400e+000 -1.6661080e+001  1.2174180e+001 -8.9351600e+000
  1.4091880e+001  4.5695000e-001 -2.9178600e+000  1.8153300e+000 -1.3098700e+000
  1.8308100e+001 -1.8911000e-001 -2.8202800e+000  2.9529100e+000 -1.6448800e+000
  1.7992510e+001  1.7262000e-001 -4.1727100e+000  4.3265800e+000 -3.9309600e+000
  5.2644320e+001  1.6123190e+001 -3.8299900e+000  4.5641000e-001 -6.6363700e+000
  7.8445290e+001  3.6408010e+001 -1.0740410e+001 -1.2812840e+001 -4.4473600e+000
  3.7271850e+001 -4.2089300e+000 -6.4324700e+000  1.9192600e+000 -3.6920200e+000
  4.7845260e+001 -6.6746000e-001 -2.3113520e+001  1.1688520e+001 -1.2596480e+001
  5.1088080e+001 -4.6310200e+000 -2.3366250e+001  6.1285700e+000 -1.2601190e+001
  3.3024680e+001 -2.0579400e+000 -1.2789610e+001  9.6987000e-001 -5.2755400e+000
  2.0441860e+001 -1.0502800e+000 -5.6145300e+000  1.2978000e-001 -2.2138900e+000
  5.1170940e+001  8.4831900e+000 -3.1160890e+001  4.0996900e+000 -1.6286520e+001
  3.1694630e+001 -5.7538400e+000 -1.4393960e+001  1.1262000e+000 -6.2309800e+000
  4.0605180e+001 -3.4286400e+000 -3.1641580e+001  8.7609200e+000 -1.7235340e+001
  2.7097650e+001 -5.6070200e+000 -1.2207070e+001  3.0010700e+000 -6.6578300e+000
  6.9278300e+001 -2.3569680e+001 -1.5697740e+001 -1.1391100e+000 -1.0566850e+001
  1.2265225e+002 -3.0211200e+001 -3.4293450e+001  7.1784400e+000 -1.5317920e+001
  4.8509750e+001 -1.0214770e+001 -1.4245340e+001 -1.3422300e+000 -4.3041300e+000
  3.0221140e+001 -2.7132000e-001 -7.4443600e+000 -2.3419800e+000 -2.6096200e+000
  3.6127360e+001 -4.5856000e+000 -1.7619800e+001 -3.8599700e+000 -3.8663300e+000
  1.7654440e+001 -3.4351700e+000 -1.0040570e+001 -2.4343600e+000 -2.4350700e+000
  3.8504400e+001 -7.7512700e+000 -1.9943610e+001 -4.9166400e+000 -3.5683500e+000
  2.4740440e+001 -6.0338000e+000 -8.5768100e+000 -2.9112500e+000 -2.1374700e+000
  4.0829760e+001 -9.7645900e+000 -2.1957580e+001 -4.7744300e+000 -1.3933540e+001
  2.2736700e+001 -7.8804000e+000 -1.0635540e+001 -2.2916900e+000 -7.3774400e+000
  2.4742700e+001 -7.0975300e+000 -1.2963440e+001 -1.2775200e+000 -6.6706900e+000
  1.2883540e+001 -4.9028600e+000 -6.1927200e+000 -1.9886000e-001 -4.9972600e+000
  1.6090070e+001 -2.2879800e+000 -4.0900300e+000 -1.6458300e+000 -2.4890700e+000
  2.0801970e+001 -6.9534800e+000 -5.7202600e+000  4.8626000e-001 -2.7444500e+000
  2.5527700e+001 -7.6375600e+000 -1.4539300e+000 -1.5581000e-001 -2.5317800e+000
  3.9658550e+001 -1.9034730e+001 -9.0694100e+000 -2.4961900e+000 -1.7567400e+000
  7.4358350e+001 -1.6609460e+001 -2.3207010e+001 -1.7155000e-001 -7.5265700e+000
  3.3298530e+001 -1.4676720e+001 -5.5127900e+000 -1.0113800e+000  1.6919800e+000
  5.6134760e+001 -1.3750880e+001 -1.5371740e+001  2.4303000e-001 -4.9731700e+000
  6.8952480e+001 -3.2499430e+001 -8.1913000e+000  1.6492400e+000 -7.6534000e+000
  3.8436380e+001 -1.7130580e+001 -8.5850700e+000  6.1131800e+000 -3.3983800e+000
  6.8999265e+002 -1.0332377e+002 -1.4588960e+002 -1.8920840e+001 -5.6542900e+001
  9.8533960e+001 -3.9648470e+001 -2.0670670e+001  4.4618500e+000 -8.8935300e+000
  6.3166840e+001 -2.9840120e+001 -7.7599800e+000  2.6963700e+000 -4.9258400e+000
  2.8094130e+001 -1.5339630e+001 -7.0598600e+000  2.1003500e+000 -3.2908400e+000
  2.6008740e+001 -1.2097450e+001 -6.6913000e+000  3.2815500e+000 -3.0805300e+000
  2.0629600e+001 -7.2077000e+000 -3.8492000e+000  5.8704000e-001 -3.3988600e+000
  1.6085840e+001 -6.6300200e+000 -3.6983800e+000  3.5856000e-001 -2.4257200e+000
  1.6229260e+001 -8.1059300e+000 -2.5230200e+000  1.2126900e+000 -6.5010000e-001
  5.3809220e+001 -1.5614970e+001 -9.4832300e+000  3.6512400e+000 -4.3331500e+000
  3.8823920e+001 -1.2102710e+001 -1.0488430e+001  7.4343500e+000 -5.9824700e+000
  2.1588420e+001 -1.0739510e+001 -4.8421200e+000  3.1674000e+000 -1.5110300e+000
  9.1427300e+001  3.4918200e+000 -4.1796490e+001  2.4096190e+001 -3.6658450e+001
  7.4138790e+001 -2.2143740e+001 -2.4571930e+001  1.4813140e+001 -2.8599110e+001
  6.3996850e+001 -4.6811400e+000 -1.8380480e+001  1.4969510e+001 -1.7388230e+001
  3.7816530e+001 -8.3763100e+000 -7.0662000e+000  4.1066400e+000 -4.7698600e+000
  3.6071390e+001 -7.5286000e+000 -2.0967000e+000  3.0151200e+000 -5.1233600e+000
  4.2448780e+001 -5.0079800e+000 -2.6326800e+000 -9.9180000e-002 -4.7899600e+000
  1.9292250e+001 -8.8170000e-001 -3.1353000e+000  2.2855500e+000 -2.8742500e+000
  2.7876480e+001 -5.8581000e-001 -1.1645320e+001  4.1210500e+000 -7.0503600e+000
  1.8773440e+001 -5.5428400e+000 -6.5564800e+000 -6.8940000e-002 -3.3345800e+000
  1.5880320e+001 -2.7745900e+000 -5.1961600e+000 -1.7495400e+000 -1.7888700e+000
  2.0837050e+001 -6.0889700e+000  6.9313000e-001 -8.3685000e-001  2.7595800e+000
  1.4743880e+001 -4.1055400e+000 -9.8645000e-001  1.2586000e+000 -1.6117000e+000
  9.9818100e+000 -1.8974300e+000 -2.9430000e+000  4.2548000e-001 -1.8363000e+000
  7.1017000e+000 -2.3577000e-001 -2.6135400e+000  8.5856000e-001 -1.1694100e+000
  2.1081120e+001  4.3496000e-001 -3.0248200e+000 -2.4720700e+000 -3.2917500e+000
  2.8985020e+001 -1.4067000e+000 -5.0607900e+000 -1.1748000e+000 -7.3449800e+000
  1.3831930e+001 -5.5553500e+000 -6.8089000e-001 -2.4788800e+000 -5.2012000e-001
  2.3297650e+001 -3.6123600e+000 -5.4982300e+000 -6.6795000e-001 -3.9993300e+000
  8.3258600e+000 -2.6858900e+000 -8.8940000e-002 -1.4690400e+000 -1.4366300e+000
  1.4957030e+001 -7.5253400e+000 -2.8157300e+000  1.3330000e-002 -2.9008000e+000
  1.2961900e+001 -1.2119000e+000 -3.5353300e+000 -8.9710000e-002 -3.3018700e+000
  1.5007890e+001 -5.0551000e-001 -6.6741700e+000 -2.5438900e+000 -3.1549800e+000
  3.1363490e+001 -1.3824350e+001 -7.4324300e+000  1.1207900e+000  1.5018900e+000
  1.7584450e+001 -3.0439300e+000 -4.5657000e+000 -6.3089000e-001 -7.2153000e-001
  3.7707270e+001  6.3291100e+000 -2.5474810e+001 -2.5605500e+000 -1.6794680e+001
  1.3514500e+001 -3.9506800e+000 -3.0911800e+000  2.9708600e+000 -2.6353800e+000
  3.2771280e+001 -1.2107140e+001 -1.4772410e+001  4.9946700e+000 -8.0442400e+000
  4.7996910e+001 -2.4718880e+001 -1.3727860e+001  1.2191890e+001  2.2234000e+000
  5.1559450e+001 -3.1473840e+001 -1.6631410e+001  8.7148600e+000 -1.2118370e+001
  9.5896320e+001 -1.7407080e+001 -3.4688380e+001  2.0078900e+000 -1.8649400e+001
  2.9775250e+001 -9.9406300e+000 -7.9916900e+000  4.4451700e+000 -3.8629900e+000
  4.0027050e+001 -6.0580700e+000 -1.3611470e+001  3.6019600e+000 -5.9526100e+000
  1.7254876e+002 -3.2997220e+001 -6.0579740e+001  1.4719560e+001 -4.6355400e+001
  7.1507460e+001  1.9863600e+000 -2.8578290e+001  1.4432200e+000 -1.4199030e+001
  3.7378770e+001 -1.2078280e+001 -1.6890530e+001 -1.1214840e+001 -1.3856210e+001
  1.4150830e+001 -1.1482000e+001  1.0391220e+001  1.4935990e+001  9.3321100e+000
  3.8215140e+001 -2.1014180e+001 -1.3895660e+001  6.6879000e+000 -8.0960400e+000
  3.1475950e+001 -2.3528210e+001 -1.2092230e+001  4.9944200e+000 -3.1265500e+000
  8.2046450e+001 -9.2677660e+001  2.3971040e+001  5.4616340e+001  1.1715080e+001
  7.1069120e+001 -2.8794550e+001 -1.7049490e+001  6.5616300e+000 -1.3760250e+001
  2.6655390e+001 -7.9999000e-001 -5.7419900e+000 -1.0842900e+001 -2.7681500e+000
  1.0969503e+002 -8.9197600e+000 -6.3693960e+001 -3.6527480e+001 -4.6947280e+001
  5.2416210e+001 -8.0853700e+000 -1.8210290e+001 -2.5951300e+000 -4.2825600e+000
  4.2276320e+001 -1.6037600e+000 -2.1143780e+001 -9.7986400e+000 -1.0091100e+001
  1.1704242e+002  7.1743700e+000 -2.1310900e+000 -8.6963700e+000 -1.9863390e+001
  5.7726310e+001  3.0488700e+000 -2.1560210e+001 -1.3888540e+001 -2.2443790e+001
  3.7499760e+001 -5.6576300e+000 -5.0224600e+000  1.0283300e+000 -6.8471600e+000
  5.2105380e+001 -3.8750000e-002 -1.2253210e+001  2.5839700e+000 -9.4546000e+000
  2.0066185e+002 -4.3836020e+001 -3.3465510e+001 -8.6026500e+000  6.7986000e+000
  1.3022162e+002 -1.0336000e+001 -1.6732770e+001 -2.8093730e+001  1.6299030e+001
  1.0653190e+002 -2.7123350e+001 -1.3493650e+001 -1.7532150e+001  6.5552000e+000
  5.4222100e+001 -4.1746500e+000 -1.3023450e+001 -1.5626270e+001  3.2797400e+000
  3.5300510e+001  8.9491800e+000 -5.6960000e-001 -1.1624170e+001  6.7517100e+000
  2.7548190e+001  1.4273160e+001  3.8555000e-001 -7.5265900e+000  4.4797300e+000
  3.5553490e+001  1.0787070e+001  1.5796800e+000 -1.3460730e+001  1.1581790e+001
  2.9431390e+001  1.0936670e+001  5.5963200e+000 -3.9957700e+000  3.2303100e+000
  2.5738300e+001  1.1764350e+001 -8.7496500e+000 -9.0235000e+000  2.1888000e+000
  2.4108510e+001  6.2815000e+000 -4.3639100e+000 -1.1102400e+000 -2.4063000e-001
  2.2547880e+001  8.0046500e+000 -1.4445300e+000 -3.6403200e+000  8.7442000e-001
  3.5487160e+001  1.2935490e+001 -1.2066000e+000 -9.3590000e-001 -1.1929000e+000
  2.2960040e+001  1.1774830e+001 -4.5090200e+000  2.1712500e+000 -1.6111700e+000
  4.6228060e+001  2.0861240e+001  1.4476700e+000  2.4597900e+000 -1.8133000e+000
  2.4818400e+001  1.0936580e+001  1.3457000e+000 -9.3257000e-001  3.5150000e-002
  6.5343520e+001  3.5965360e+001 -6.9938000e-001 -4.5194500e+000 -1.9028900e+000
  4.5208100e+001  3.3485740e+001 -1.5358340e+001  1.5184000e-001 -5.5953200e+000
  2.0614300e+001  1.6765940e+001 -4.8188200e+000  7.7176000e-001 -5.6813400e+000
  3.8491680e+001  9.0652400e+000 -6.8166000e-001  2.8769900e+000 -4.8817000e+000
  3.0049580e+001  7.0837000e+000 -2.5930000e-001  6.3627000e-001 -1.6781300e+000
  1.0297833e+002  8.8417700e+000  4.8592400e+000  7.0063200e+000 -6.0947000e-001
  1.0312514e+002  2.2276400e+001 -5.6242000e-001  2.2689400e+000 -1.9991400e+000
  1.6227357e+002  3.1043250e+001  4.2874200e+000  1.4069500e+001 -1.3502980e+001
  8.5602520e+001  7.3762200e+000 -8.6843600e+000 -2.8433800e+000  1.8283800e+000
  3.1302878e+002  7.9331600e+000  1.9341066e+002 -5.4388850e+001 -2.5514760e+001
  1.1258533e+003  7.7157360e+001  2.0192409e+002 -7.6119200e+001 -8.4054180e+001
  5.6560760e+002  8.5864410e+001  2.6158679e+002 -8.5784810e+001 -2.4635590e+001
  3.1061150e+002  1.2396863e+002  1.7056097e+002 -2.2742810e+001 -2.4004460e+001
  1.2876726e+002  4.1298600e+001  8.0918640e+001 -2.3096700e+001  1.6354180e+001
  1.0833670e+002  5.0401300e+001  5.9238200e+001 -1.6431900e+001  1.5560800e+001
  6.6441200e+001  1.4612800e+001  2.7086600e+001 -5.2920000e+000  9.4451000e+000
  2.3867277e+002  7.5052220e+001  9.4299720e+001 -3.3797850e+001  3.0338230e+001
  1.3139656e+002  6.0770400e+001  2.6423190e+001 -3.6238640e+001  3.7717640e+001
  4.7454910e+001  1.3967280e+001  9.9262300e+000 -1.3687070e+001  1.3009370e+001
  5.8321700e+001  2.7087530e+001  5.6462200e+000 -1.6395310e+001  1.2862840e+001
  5.1513600e+001  2.2266900e+001 -1.0653000e+000 -1.0847400e+001  1.0226200e+001
  3.8584710e+002  9.6191400e+001  8.8603000e+000 -7.0752500e+001 -2.1774000e+000
  2.7953300e+002  1.1668410e+002  2.4707100e+001 -6.2636800e+001 -1.4017700e+001
  4.7133400e+001  2.3203100e+001  3.7104000e+000 -1.4325300e+001 -1.3552000e+000
  1.0128040e+002  2.6242400e+001 -8.5614000e+000 -1.3487500e+001 -9.1193000e+000
  5.0110200e+001  1.6315600e+001 -1.2699000e+000 -5.2510000e-001 -1.1048900e+001
  5.0475180e+001  8.0866800e+000  3.4037700e+000  6.4010000e-002 -2.5172700e+000
  4.2304900e+001  7.5013000e+000  9.3182000e+000 -8.8707000e+000  2.9736000e+000
  7.7751700e+001  2.4711400e+001  1.4958700e+001 -1.3590400e+001  3.3890000e+000
  3.3358800e+001  1.0966400e+001  9.1780000e-001 -9.2896000e+000  5.5740000e-001
  3.9347900e+001  1.2740600e+001 -4.7017000e+000 -5.6589000e+000 -3.8731000e+000
  5.2912300e+001  1.5019000e+001 -6.8076000e+000 -4.8925000e+000 -4.2946000e+000
  3.5583800e+001  2.3765300e+001 -1.1890900e+001 -8.8044000e+000 -7.2593000e+000
  2.6886400e+001  1.0794400e+001 -6.7154000e+000 -4.7691000e+000 -4.2426000e+000
  6.7729800e+001  1.8901100e+001 -7.7510000e-001 -1.1462000e+001 -3.8978000e+000
