  7.2014700e+000 -2.9653000e-001  1.7061200e+000  3.7087000e-001  4.0400000e-002
  1.7177420e+001  6.3159000e-001  2.9450000e-001 -8.4620000e-002 -4.9466600e+000
  1.1588200e+000  2.3717700e+000  2.6420000e+000 -2.9953000e-001  1.0099700e+000
  4.5647200e+000  4.1504000e-001  1.2841400e+000  6.6047000e-001  2.2230000e-002
  5.5728200e+000  6.4018000e-001 -9.9480000e-002  6.5064000e-001 -1.6523200e+000
  5.4112700e+000  1.4220400e+000  2.2085000e+000 -1.7987500e+000 -1.5995400e+000
  7.1945600e+000  2.2520800e+000  4.9732000e-001 -6.7198000e-001 -5.3394000e-001
  2.5305360e+001  1.6000810e+001  7.5703000e-001  2.2728800e+000 -3.1839600e+000
  9.8702000e+000  2.9165000e+000 -3.7580000e-001  1.3744500e+000 -3.6526000e+000
  7.5658700e+000  5.5628800e+000  2.2615700e+000 -1.2977600e+000 -5.6643000e-001
  1.4990710e+001  9.1509300e+000  2.2588300e+000 -2.5583800e+000 -4.3435600e+000
  3.1698250e+001  2.2286430e+001  3.5207000e+000  3.1189000e-001 -5.1348800e+000
  5.5706120e+001  1.0714140e+001 -1.4973100e+001  1.1150500e+001 -2.1153920e+001
  2.9655280e+001  5.2529200e+000 -1.0769680e+001  6.2452800e+000 -1.4130080e+001
  2.0857900e+001  9.8447900e+000 -3.2552000e-001  4.3439600e+000 -6.8111900e+000
  3.4718240e+001  1.7663420e+001 -7.0401100e+000  9.2129000e-001 -1.6199700e+001
  1.0037680e+001  4.0328200e+000 -3.0391000e+000  2.2010600e+000 -4.0077800e+000
  2.9640970e+001  1.5682380e+001 -1.2158250e+001  5.5619200e+000 -1.8498460e+001
  5.8175600e+001  3.1300880e+001 -2.0569960e+001  7.2776800e+000 -3.0807140e+001
  3.4389510e+001  1.1566490e+001 -3.0707000e-001  2.9633300e+000 -8.7866000e+000
  2.4722170e+001  6.8494400e+000 -1.1081260e+001 -1.6025000e+000 -4.0175300e+000
  8.9858400e+000  5.8301200e+000 -7.4662000e-001 -1.7385000e+000 -2.6134000e+000
  3.3820130e+001  1.7545390e+001 -8.2815800e+000 -4.0699000e+000 -4.5708000e+000
  2.6234410e+001  6.1467100e+000 -6.7268400e+000 -4.5990900e+000 -2.9810300e+000
  7.6678140e+001  2.0377820e+001 -4.2461800e+001 -2.7993700e+000 -3.5746620e+001
  4.0351420e+001  1.3728940e+001 -1.3251250e+001 -6.3592300e+000 -1.4369850e+001
  4.5308060e+001  3.7909500e+000 -1.5589270e+001  4.8138000e-001 -1.8046730e+001
  2.3384654e+002  6.4389350e+001 -1.4881455e+002  1.5140260e+001 -1.1810250e+002
  7.3207550e+001  1.9647410e+001 -2.8335950e+001  1.1511900e+000 -3.6398850e+001
  3.6405570e+001  9.3005400e+000 -1.0521360e+001 -8.7663000e-001 -1.4564690e+001
  2.5525230e+001  1.4420390e+001 -9.1883100e+000 -1.3840400e+000 -9.5815400e+000
  2.0256140e+001  6.9308600e+000 -2.1901500e+000 -3.8758200e+000 -2.8283000e+000
  4.7055790e+001  7.9109600e+000  6.6364600e+000 -5.4647800e+000  1.3970300e+000
  4.9366150e+001  8.9811200e+000 -3.8609700e+000 -1.1497100e+000 -5.8077200e+000
  1.5872780e+001  6.2271000e+000 -2.4670000e+000 -1.5581600e+000 -1.7856400e+000
  2.1282110e+001  2.2074500e+000 -4.2157900e+000  5.4031000e-001 -2.2727100e+000
  3.1110850e+001 -2.0565600e+000 -1.3939600e+001  6.2244000e-001 -3.6884300e+000
  2.0989840e+001 -3.3971000e+000 -7.0045200e+000  2.2015100e+000 -1.4426200e+000
  5.6830090e+001 -3.6730300e+000 -1.9994920e+001  2.5691600e+000  2.4167000e-001
  1.1753774e+002 -2.4168920e+001 -4.6330610e+001  8.1761600e+000 -9.1718900e+000
  5.9962580e+001 -5.5604200e+000 -2.4471720e+001  2.4023200e+000 -1.3636680e+001
  1.8107514e+002 -6.1448000e+000 -5.3639140e+001  2.9059600e+001 -1.5084920e+001
  9.5491200e+001 -3.3625700e+001 -3.5072960e+001  2.3729410e+001 -1.4205780e+001
  1.0242024e+002 -3.2486640e+001 -2.4833680e+001  4.7481000e+000 -1.7645440e+001
  2.6719379e+002 -8.8225730e+001 -7.1284380e+001  3.0385030e+001 -7.7231790e+001
  2.1789998e+002 -8.2045220e+001 -6.6745910e+001  2.5553450e+001 -5.6875340e+001
  1.4763655e+002 -2.1831320e+001 -1.1463000e+001  1.7276760e+001 -3.2488880e+001
  4.5359640e+001 -6.5012300e+000 -5.2639000e-001  4.5505500e+000 -6.8072600e+000
  9.3947540e+001 -1.8604920e+001 -1.5205600e+000  5.1678400e+000 -1.8104700e+000
  6.5717880e+001 -2.4536780e+001  2.8265000e+000  5.2845600e+000  5.6032400e+000
  4.0581360e+001  1.3335500e+000  1.6384700e+001 -2.2453800e+000  5.8591500e+000
  4.1538970e+001 -6.2216400e+000  7.6642200e+000  2.6293700e+000  1.6174300e+000
  2.1233840e+001 -5.9004800e+000 -1.3524500e+000 -5.4641000e-001  2.5921300e+000
  4.1955970e+001 -1.3262920e+001 -8.4325900e+000  3.1404500e+000 -2.7423900e+000
  2.4787470e+001 -8.4795200e+000 -2.4918000e+000  3.0579600e+000 -8.7166000e-001
  1.8573080e+001 -3.7270000e+000 -4.5476600e+000  2.6257200e+000 -4.0734000e-001
  1.5081200e+001 -4.3790000e+000 -6.8123500e+000  2.4824200e+000  3.1618000e-001
  3.9730630e+001 -7.0980400e+000 -1.2087890e+001  6.1781100e+000 -2.1580000e-002
  2.9304480e+001 -8.5416400e+000 -9.9817000e+000  5.3757300e+000  2.9383000e-001
  3.3514980e+001 -4.7077800e+000 -9.5491900e+000  4.9988700e+000 -1.6293800e+000
  7.4347390e+001  2.6192660e+001 -1.7438660e+001  8.7873500e+000 -9.3870400e+000
  1.0042747e+002  6.2686400e+000 -3.2890180e+001  2.5989680e+001 -1.1808160e+001
  2.6322180e+001 -1.0145000e-001 -6.0796600e+000  2.5925300e+000 -1.2301700e+000
  3.5477600e+001  5.1259000e-001 -6.6470800e+000  7.6115100e+000 -3.7678000e-001
  2.4262310e+001 -1.6232800e+000 -7.0649100e+000  7.1538800e+000 -6.3707600e+000
  6.8152220e+001  1.1978590e+001 -8.3275900e+000  4.9635100e+000 -1.1298870e+001
  8.3153490e+001  2.1295310e+001 -1.9215010e+001 -3.5246400e+000 -1.0826460e+001
  5.4517450e+001 -8.6117300e+000 -1.3951470e+001  4.2085600e+000 -9.3245200e+000
  5.9321760e+001 -7.4527600e+000 -2.7917020e+001  1.4348020e+001 -1.4627680e+001
  5.4918980e+001 -4.4621200e+000 -2.2369250e+001  3.4120700e+000 -1.1624790e+001
  3.7511480e+001  1.0042600e+000 -1.7040110e+001  2.6705700e+000 -4.7200400e+000
  2.7979960e+001  1.3667200e+000 -8.5377300e+000  2.3482800e+000 -4.6473900e+000
  6.1482740e+001  5.3979000e-001 -3.8014090e+001  7.5568900e+000 -2.0105020e+001
  3.9786030e+001 -1.1314040e+001 -2.1633960e+001  5.5949000e+000 -1.3239380e+001
  5.8632980e+001 -1.0857540e+001 -4.3974680e+001  1.1157120e+001 -2.4120840e+001
  2.9393050e+001 -9.2976200e+000 -1.6857770e+001  4.8289700e+000 -9.3574300e+000
  8.1569000e+001 -3.2076480e+001 -2.1305540e+001  7.3429000e-001 -1.2332850e+001
  1.1602765e+002 -3.4872300e+001 -3.2835550e+001  7.2757400e+000 -1.4663820e+001
  5.2124850e+001 -1.4553170e+001 -1.5083040e+001  1.0707000e-001 -6.3313300e+000
  3.8330940e+001  5.1648000e-001 -1.0200560e+001 -4.1022800e+000 -2.2448200e+000
  4.6096660e+001 -1.0970600e+001 -2.3376700e+001 -3.5105700e+000 -5.0085300e+000
  1.9735240e+001 -5.4448700e+000 -1.2765470e+001 -1.1469600e+000 -3.5993700e+000
  3.8789100e+001 -8.7393700e+000 -1.9996710e+001 -4.4776400e+000 -3.9522500e+000
  3.1618740e+001 -1.2296500e+001 -1.3879510e+001 -2.8748500e+000 -4.8126700e+000
  3.6306860e+001 -9.4816900e+000 -2.3085280e+001 -3.8705300e+000 -1.5051740e+001
  2.5894900e+001 -1.1616500e+001 -1.1713640e+001 -1.7281900e+000 -8.8113400e+000
  2.0729600e+001 -6.8347300e+000 -9.8788400e+000 -2.1092000e-001 -3.7265900e+000
  1.2686440e+001 -5.3559600e+000 -6.2950200e+000  7.5864000e-001 -4.2262600e+000
  1.8535170e+001 -4.4157800e+000 -3.6208300e+000 -1.0806300e+000 -3.1176700e+000
  2.0221270e+001 -6.8246800e+000 -7.0926600e+000  5.1696000e-001 -3.2029500e+000
  2.7699100e+001 -1.4895360e+001 -4.7352300e+000  1.7065900e+000 -5.2541800e+000
  3.9501550e+001 -1.7276030e+001 -9.3243100e+000 -2.1319000e-001 -5.5884000e-001
  6.6132750e+001 -1.1373460e+001 -2.4342510e+001  1.7577500e+000 -1.1259970e+001
  2.8257230e+001 -1.1404320e+001 -6.0869900e+000 -1.7888000e-001 -6.2220000e-002
  4.5654360e+001 -1.0525480e+001 -1.4249140e+001 -9.2857000e-001 -5.0548700e+000
  5.4615580e+001 -2.5119630e+001 -4.9680000e+000  5.7884000e-001 -4.3579000e+000
  3.0931280e+001 -1.6386680e+001 -7.1858700e+000  5.6215800e+000 -3.8861800e+000
  6.5178285e+002 -1.0964917e+002 -1.3102250e+002 -1.5263940e+001 -5.0168200e+001
  9.0855460e+001 -3.8330670e+001 -1.9689670e+001  3.2355500e+000 -7.4015300e+000
  4.7452840e+001 -2.3201320e+001 -6.5892800e+000  2.3758700e+000 -4.1985400e+000
  2.8141930e+001 -1.4284530e+001 -8.3255600e+000  2.7850500e+000 -4.6935400e+000
  2.7239040e+001 -1.1894550e+001 -7.7950000e+000  3.4003500e+000 -2.5718300e+000
  2.4040700e+001 -1.0749600e+001 -5.4548000e+000  1.0884400e+000 -4.2381600e+000
  2.4308640e+001 -1.1773320e+001 -5.8857800e+000  1.3055600e+000 -3.8936200e+000
  2.0196260e+001 -1.1373130e+001 -4.5492200e+000  2.3017900e+000 -2.6910000e-001
  6.3171920e+001 -3.3721570e+001 -1.4127930e+001  8.9269400e+000 -5.0660500e+000
  4.4432920e+001 -1.5527010e+001 -1.0325230e+001  6.2807500e+000 -4.5780700e+000
  3.0886420e+001 -1.3831710e+001 -1.0086420e+001  3.9623000e+000 -4.1400300e+000
  1.2003550e+002 -2.4958000e-001 -5.7628990e+001  3.4326390e+001 -5.0801350e+001
  6.9756290e+001 -1.8384840e+001 -2.1739630e+001  1.4922540e+001 -2.7802410e+001
  6.6972050e+001 -2.7341400e+000 -1.4514580e+001  1.5937010e+001 -1.8059630e+001
  4.0280930e+001 -1.2302810e+001 -1.1435100e+001  2.5944400e+000 -3.4614600e+000
  3.2040790e+001 -4.0011000e+000 -2.4848000e+000  2.9150200e+000 -5.5004600e+000
  4.9176180e+001 -7.5822800e+000 -6.8013800e+000  1.2886200e+000 -7.1120600e+000
  2.2484550e+001  7.7591000e+000 -1.1648000e+001  8.3715000e-001 -7.1333500e+000
  3.3973080e+001 -1.0988100e+000 -1.2975620e+001  4.7250500e+000 -7.1173600e+000
  2.4859840e+001 -3.4746400e+000 -8.7086800e+000 -6.1184000e-001 -3.0013800e+000
  1.8084720e+001  9.1921000e-001 -6.8417600e+000  4.5876000e-001 -2.4558700e+000
  2.5318850e+001 -6.5377000e-001 -5.1059700e+000  2.0935000e-001 -4.1838200e+000
  2.7501680e+001 -7.6772400e+000 -1.1735950e+001  8.4046000e+000 -8.7280000e+000
  1.2917210e+001 -8.3693000e-001 -5.1102000e+000  2.6808000e-001 -2.5149000e+000
  1.6708700e+001 -1.6870000e-002 -4.3386400e+000  1.3636000e-001 -4.3740100e+000
  2.5652120e+001 -6.4124000e-001 -3.6669200e+000 -2.0107700e+000 -4.3540500e+000
  3.4650420e+001 -2.7483000e+000 -8.5856900e+000 -6.6420000e-001 -1.1263380e+001
  1.6736030e+001 -5.3727500e+000 -4.4561900e+000  1.4439200e+000 -3.3272200e+000
  2.3528850e+001 -2.7673600e+000 -8.6675300e+000  1.8645000e-001 -5.7892300e+000
  1.1949960e+001 -4.1222900e+000 -3.5379400e+000  4.7265600e+000 -4.0445300e+000
  1.5340630e+001 -8.6214400e+000 -1.8979300e+000  8.0523000e-001 -1.7323000e+000
  8.6715000e+000  8.6870000e-001 -8.0334300e+000  1.8118900e+000 -5.4146700e+000
  1.5125390e+001 -7.6241000e-001 -7.1596700e+000 -1.2345900e+000 -5.7018000e-001
  4.4843290e+001 -1.8153250e+001 -1.7957030e+001  3.3680900e+000 -5.5191100e+000
  2.3540750e+001 -2.7168300e+000 -5.4628000e+000 -1.8680900e+000 -2.6897300e+000
  4.4457570e+001  4.2751100e+000 -3.1365610e+001 -5.3926500e+000 -2.4200180e+001
  1.5117200e+001 -4.4008800e+000 -6.3196800e+000  5.2786000e-001 -3.3176800e+000
  1.9472480e+001 -8.0911400e+000 -8.0378100e+000  4.0814700e+000 -4.3745400e+000
  3.8391610e+001 -2.1191380e+001 -1.1348660e+001  9.1143900e+000 -1.8042000e+000
  2.9779850e+001 -1.6071340e+001 -8.2890100e+000  3.1117600e+000 -4.4088700e+000
  9.5339220e+001 -1.6170980e+001 -3.6662980e+001  4.3769000e-001 -2.1096500e+001
  3.0829650e+001 -3.0010300e+000 -1.3265790e+001  3.9172700e+000 -9.8217900e+000
  3.5235150e+001 -8.0538700e+000 -1.1912170e+001  9.0936000e-001 -7.3980100e+000
  1.7632846e+002 -1.7572120e+001 -6.7430740e+001 -8.8094000e-001 -5.3236900e+001
  7.0363860e+001 -3.5787400e+000 -3.3746490e+001  2.6118200e+000 -3.2654130e+001
  6.5307070e+001 -2.3295880e+001 -2.3724230e+001 -5.4314000e-001 -2.1733810e+001
  4.5158530e+001 -1.1514000e+001 -3.3271480e+001 -1.3578910e+001 -2.0845490e+001
  3.8385240e+001 -1.0970480e+001 -1.6785060e+001  2.0581000e+000 -1.2720440e+001
  2.7456350e+001 -2.1894410e+001 -8.5332300e+000  1.1151720e+001 -3.2798500e+000
  1.0269395e+002 -1.0109696e+002  1.9851400e+000  4.4388340e+001 -1.8159200e+000
  3.5672520e+001 -3.3077450e+001 -4.3302900e+000  3.0882730e+001 -4.1910500e+000
  9.8894900e+000 -3.7483900e+000  7.4310000e-002  3.4305000e+000  5.5339500e+000
  6.2755930e+001 -7.5729600e+000 -2.4054060e+001 -1.5813580e+001 -1.1641180e+001
  6.2333410e+001 -1.9460700e+000 -2.9881790e+001 -1.0126030e+001 -1.8082360e+001
  5.7462520e+001 -1.1132860e+001 -3.5244980e+001 -1.3740640e+001 -2.3993500e+001
  8.1507720e+001  6.0140700e+000 -8.7499000e-001 -5.9990700e+000 -1.8554690e+001
  7.5311910e+001  3.0209700e+000 -2.4284410e+001 -2.2130440e+001 -3.4363690e+001
  4.1538160e+001  1.7296700e+000 -7.6209600e+000  6.5203000e-001 -1.0621960e+001
  3.0375280e+001 -8.5785000e-001 -6.8419100e+000  4.8641700e+000 -3.9740000e-001
  2.2600055e+002 -5.5409720e+001 -3.8871110e+001 -1.6435950e+001  8.0210000e-001
  1.1871192e+002 -9.2571000e+000 -1.5166070e+001 -3.1097130e+001  1.6130930e+001
  1.1545520e+002 -3.1775350e+001 -1.7882950e+001 -2.4489950e+001  6.7660000e+000
  5.7290500e+001 -2.2107500e+000 -1.6842150e+001 -1.6290870e+001  3.5218400e+000
  4.1484910e+001  1.5508680e+001  2.0844000e+000 -1.5158970e+001  1.2962710e+001
  3.4450890e+001  1.7636360e+001 -3.0695000e-001 -9.8553900e+000  7.4320300e+000
  3.0561790e+001  9.6604700e+000  1.1722800e+000 -1.0015930e+001  9.1687900e+000
  3.1211890e+001  1.1948570e+001  4.1175200e+000 -7.1665700e+000  5.2747100e+000
  2.6725300e+001  1.6347350e+001 -1.0400450e+001 -1.2538800e+001  3.3943000e+000
  2.2028610e+001  3.7350000e+000 -5.5988100e+000  5.9626000e-001 -2.2503300e+000
  2.5354380e+001  8.1658500e+000 -3.5885300e+000 -4.4900200e+000  4.7382000e-001
  2.7047360e+001  1.3212590e+001 -1.8421000e+000 -1.2369000e+000 -3.2750000e-001
  2.6978140e+001  1.2503330e+001 -8.9894200e+000  2.3609500e+000 -1.3743700e+000
  3.7105960e+001  1.3813940e+001 -2.6510300e+000  2.6476900e+000 -3.7575000e+000
  1.4513400e+001  5.3160800e+000 -2.5733000e+000 -2.0849700e+000  1.0784500e+000
  4.5212020e+001  2.3855860e+001 -4.4823800e+000 -3.9731500e+000  2.8021000e-001
  4.0634900e+001  2.8817340e+001 -1.6834440e+001 -2.0496600e+000 -1.8157200e+000
  2.3665100e+001  1.3203140e+001 -5.3861200e+000  1.2524600e+000 -2.6929400e+000
  3.6886980e+001  7.5640400e+000 -3.4416000e-001  7.9719000e-001 -3.7744000e+000
  2.6014680e+001  6.0183000e+000 -2.3180000e-001  5.6877000e-001 -1.3748300e+000
  7.2274430e+001  6.0852700e+000  1.5070400e+000  5.0717200e+000 -7.4477000e-001
  6.7681140e+001  1.4388100e+001 -2.6012000e-001  9.8244000e-001 -4.7404000e-001
  1.2827367e+002  2.5541050e+001 -7.1748000e-001  1.5362100e+001 -5.0475800e+000
  8.4980220e+001  4.7808200e+000 -1.2438760e+001 -6.1855800e+000  5.4489800e+000
  2.3384688e+002  1.3196160e+001  1.6350156e+002 -3.6092150e+001 -8.0236000e-001
  8.6761215e+002  2.2665060e+001  1.2727229e+002 -3.6286000e+001 -5.5157080e+001
  3.3703800e+002  5.4564010e+001  1.3922209e+002 -4.4436110e+001 -1.6507290e+001
  1.4659510e+002  5.5763330e+001  7.0689970e+001 -3.2926100e+000 -1.2456760e+001
  4.9346560e+001  1.7902900e+001  3.2377740e+001 -1.0025600e+001  5.9188800e+000
  6.0364000e+001  2.1198900e+001  2.8012700e+001 -6.9918000e+000  5.9778000e+000
  3.1906500e+001  7.4448000e+000  1.0051200e+001 -2.2747000e+000  4.0019000e+000
  1.4863797e+002  4.2629720e+001  5.5029820e+001 -1.8455950e+001  1.8582930e+001
  8.3859760e+001  3.5001400e+001  1.3849590e+001 -1.9873640e+001  2.2194340e+001
  3.1822610e+001  1.2043180e+001  1.0018300e+000 -5.9637700e+000  5.4405700e+000
  3.2100200e+001  1.0728730e+001  1.2624200e+000 -3.6850100e+000  5.0145400e+000
  2.7926600e+001  1.2303300e+001 -3.6454000e+000 -2.9785000e+000  2.3017000e+000
  2.4972930e+002  5.4762500e+001 -7.4290000e-001 -4.0965600e+001 -4.2091000e+000
  1.3838230e+002  5.3851400e+001  8.6887000e+000 -2.6165200e+001 -6.1082000e+000
  1.5985100e+001  5.7024000e+000  6.0130000e-001 -2.5604000e+000 -7.7900000e-002
  6.4933400e+001  1.5022100e+001 -1.4596600e+001 -2.8522000e+000 -9.3839000e+000
  2.7008300e+001  5.5109000e+000 -1.0690000e+000  2.7670000e-001 -3.8974000e+000
  3.4586680e+001  3.7256800e+000 -1.2704300e+000  3.5491100e+000 -4.4458700e+000
  2.1227800e+001  2.1866000e+000  2.6468000e+000 -3.5738000e+000  3.1300000e-001
  4.5303800e+001  1.0023200e+001  5.5782000e+000 -6.0865000e+000  2.0246000e+000
  1.9394800e+001  3.7014000e+000 -1.3099000e+000 -3.5049000e+000 -8.3540000e-001
  2.6875200e+001  7.5168000e+000 -2.7976000e+000 -3.1527000e+000 -2.3424000e+000
  3.0714700e+001  6.9696000e+000 -3.6756000e+000 -1.7236000e+000 -3.0309000e+000
  2.0741700e+001  9.1318000e+000 -6.4467000e+000 -4.9273000e+000 -4.7379000e+000
  2.1807300e+001  4.7817000e+000 -6.2956000e+000 -2.4595000e+000 -3.9694000e+000
  3.9265600e+001  7.7830000e-001 -7.4530000e+000 -3.3249000e+000 -2.8473000e+000
