  1.1409470e+001 -2.0977300e+000  4.1832200e+000  6.0470000e-002 -1.5521000e+000
  2.9900220e+001 -2.8493100e+000  5.1014000e+000 -3.1868200e+000 -3.5732600e+000
  9.8472000e-001  6.3877000e-001 -2.0410000e-001 -7.6633000e-001  8.4870000e-002
  6.5289200e+000 -8.5160000e-002  2.5762400e+000  1.1145700e+000  4.0613000e-001
  5.4319200e+000 -1.2882200e+000  5.9542000e-001  8.9604000e-001 -1.1128200e+000
  7.1219700e+000  1.2494400e+000  1.4480000e+000 -1.6955500e+000 -3.4904000e-001
  5.9707600e+000  5.7380000e-002  1.1240200e+000 -1.1970800e+000 -9.8444000e-001
  2.2869660e+001  9.1039100e+000  3.4330000e-002  1.4804800e+000 -4.9415600e+000
  7.6140000e+000  1.1569000e+000 -8.2780000e-001  3.9565000e-001 -1.7204000e+000
  4.7718700e+000  3.5318000e-001 -1.2443000e-001 -1.3402600e+000  1.6827000e-001
  1.3427710e+001  6.0674300e+000  4.2984300e+000 -3.1390800e+000 -1.4378600e+000
  2.4721750e+001  1.3585230e+001  4.0981000e+000 -2.1211100e+000 -2.3304800e+000
  4.5774220e+001  3.5006400e+000 -1.0651200e+001  7.6046000e+000 -1.4702420e+001
  2.7830380e+001 -2.6461800e+000 -5.2214800e+000  5.7408800e+000 -1.0973580e+001
  1.4884900e+001  5.2573900e+000 -5.8882000e-001  3.8185600e+000 -3.4599900e+000
  2.7622340e+001  8.2511200e+000 -4.2082100e+000  3.7909000e-001 -1.0502100e+001
  5.3645800e+000  7.3672000e-001  9.3020000e-001  1.0327600e+000 -1.0737800e+000
  1.7534970e+001  7.7339800e+000 -1.9463500e+000 -4.0038000e-001 -5.2428600e+000
  3.1385700e+001  1.5461880e+001 -4.3334600e+000 -1.2106200e+000 -8.4250400e+000
  2.4491410e+001  4.6093900e+000  1.7039300e+000  1.6343000e-001 -5.7244000e+000
  1.3931770e+001  4.9806400e+000 -8.0093600e+000  1.1356000e+000 -4.3561300e+000
  8.8956400e+000  3.0368200e+000  1.8933800e+000 -3.4525000e+000  8.0390000e-001
  2.2086030e+001  9.5517900e+000 -3.9971800e+000 -4.5888000e+000 -1.6706000e+000
  1.8509110e+001  6.4841100e+000 -1.1009400e+000 -3.6483900e+000 -1.0233300e+000
  4.1498340e+001  9.3817200e+000 -1.9013700e+001 -2.3080700e+000 -1.5810620e+001
  2.5199020e+001  7.1165400e+000 -7.5182500e+000 -3.3080300e+000 -6.6705500e+000
  2.6099660e+001  3.8920500e+000 -2.6024700e+000 -1.9433200e+000 -4.5709300e+000
  1.3181944e+002  3.4583650e+001 -7.6192350e+001  5.8459600e+000 -6.0912900e+001
  4.3157750e+001  1.3040100e+000 -1.0638750e+001 -1.8477100e+000 -1.4324150e+001
  1.8976670e+001  4.6464400e+000 -5.6342600e+000 -1.4953300e+000 -9.3209900e+000
  1.1472830e+001  6.7670900e+000 -2.1432100e+000 -5.8334000e-001 -2.9448400e+000
  1.0658040e+001  1.0328600e+000  1.3463500e+000 -2.9278200e+000 -6.3350000e-001
  2.8294190e+001  5.5275600e+000  5.6842600e+000 -5.4042800e+000  6.9113000e-001
  3.5445650e+001  4.6713200e+000  5.7253000e-001 -3.3584100e+000 -1.9062200e+000
  9.3463800e+000 -7.9530000e-001 -1.4800000e-002 -2.0761600e+000  2.8856600e+000
  1.8911810e+001  5.3403500e+000 -9.0969000e-001 -2.1467900e+000 -1.2563100e+000
  1.2584350e+001 -4.1906000e-001 -5.0485000e+000  3.8564000e-001  8.9570000e-002
  1.3387240e+001 -2.9306000e+000 -4.7952000e-001  4.2451000e-001  7.0408000e-001
  2.9450790e+001 -2.1978300e+000 -7.1999200e+000 -1.7464000e-001  2.6431700e+000
  5.7369740e+001 -2.3543200e+000 -1.7766610e+001  7.0446000e-001  2.3945100e+000
  4.2574080e+001 -1.9155200e+000 -1.5734920e+001  1.5584200e+000 -7.0180800e+000
  1.2757334e+002  1.4348000e+000 -2.6102640e+001  7.5255000e+000 -1.5249200e+000
  7.8571900e+001 -1.4503400e+001 -9.7648600e+000  4.8841000e-001  2.5324200e+000
  5.9418240e+001 -1.4216940e+001 -6.6409800e+000 -5.0397000e+000 -4.5844400e+000
  1.5458669e+002 -4.9364330e+001 -2.8390080e+001  1.1701830e+001 -3.5394990e+001
  1.5535778e+002 -5.5098020e+001 -4.1101910e+001  1.4722550e+001 -2.9691540e+001
  6.3128750e+001  3.8156800e+000  2.8838000e+000  3.0336600e+000 -9.3204800e+000
  4.3353840e+001 -1.0666330e+001 -5.9319000e-001  4.0433500e+000 -4.1256600e+000
  5.5800440e+001 -1.1019620e+001  1.0047400e+000  3.9173400e+000 -1.2534700e+000
  3.6945880e+001 -1.3227080e+001  1.4609000e+000  3.1125600e+000  3.7306400e+000
  4.9666660e+001  5.6562500e+000  2.1985400e+001 -1.8687800e+000  8.0187500e+000
  2.6547170e+001 -4.7099400e+000  6.3335200e+000  2.3452700e+000  6.1213000e-001
  1.5461040e+001 -5.4842800e+000 -9.2550000e-002 -1.2296100e+000  2.5257300e+000
  3.2253070e+001 -9.3622200e+000 -5.0437900e+000  2.4413500e+000 -3.5490000e-002
  1.6736570e+001 -4.8659200e+000 -2.9800000e-002  1.3213600e+000  1.2304000e-001
  1.5083680e+001 -6.3571000e+000 -3.0502600e+000  1.1930200e+000  3.8636000e-001
  1.3454200e+001 -4.8004000e+000 -3.9363500e+000  6.5492000e-001  3.4488000e-001
  3.0952130e+001 -4.8968400e+000 -9.8752900e+000  4.5247100e+000 -8.5718000e-001
  2.5992680e+001 -1.0042140e+001 -9.2203000e+000  5.3497300e+000 -1.3788700e+000
  2.8826280e+001 -5.2454800e+000 -8.5802900e+000  6.2199700e+000 -2.5432800e+000
  4.5227490e+001  1.9017260e+001 -8.4082600e+000  6.5968500e+000 -6.9128400e+000
  5.6448470e+001  8.2429400e+000 -1.6250780e+001  1.1412480e+001 -7.7655600e+000
  1.4827380e+001  1.0841500e+000 -2.4115600e+000  1.6877300e+000 -9.6287000e-001
  1.9460300e+001 -1.1312100e+000 -2.9579800e+000  3.3074100e+000 -1.5477800e+000
  1.9219410e+001 -1.6809800e+000 -4.2930100e+000  4.2742800e+000 -3.3643600e+000
  4.6307820e+001  1.2265490e+001 -3.4897900e+000  1.1283100e+000 -6.0002700e+000
  8.1221790e+001  1.9915510e+001 -7.9081100e+000 -9.9765400e+000 -2.2926000e-001
  4.1196250e+001 -7.4888300e+000 -8.5461700e+000  4.0568600e+000 -3.8121200e+000
  4.2104760e+001 -1.9950600e+000 -2.0172420e+001  1.0606120e+001 -1.0729480e+001
  4.5014380e+001 -2.4491200e+000 -2.3302950e+001  6.7874700e+000 -1.1096890e+001
  3.3701280e+001 -3.7667400e+000 -8.5731100e+000 -1.9478300e+000 -6.2084000e-001
  2.0349360e+001 -2.7151800e+000 -6.3132300e+000  3.4178000e-001 -2.5280900e+000
  5.2423340e+001  7.2707900e+000 -3.1698390e+001  3.6458900e+000 -1.6861820e+001
  3.0684130e+001 -7.2059400e+000 -1.5638660e+001  3.0437000e+000 -9.0409800e+000
  4.1573880e+001 -5.3899400e+000 -3.1355980e+001  8.5438200e+000 -1.8125340e+001
  2.5157550e+001 -6.6967200e+000 -1.1799970e+001  4.0422700e+000 -6.9499300e+000
  6.0614000e+001 -2.0567380e+001 -1.3268740e+001 -3.0760100e+000 -6.5803500e+000
  1.0481255e+002 -3.1337800e+001 -2.7175250e+001  6.3217400e+000 -1.1208120e+001
  4.1763750e+001 -1.2156170e+001 -9.4172400e+000 -3.0213000e-001 -2.1952300e+000
  2.8422240e+001  3.8898000e-001 -7.5115600e+000 -2.3252800e+000 -2.0229200e+000
  3.2869360e+001 -7.7291000e+000 -1.0877100e+001 -3.5163700e+000 -1.0780300e+000
  1.5808140e+001 -5.4860700e+000 -6.7599700e+000 -2.6902600e+000 -2.0637000e-001
  2.7156800e+001 -7.2944700e+000 -1.6452010e+001 -4.1347400e+000 -3.3497500e+000
  2.6645840e+001 -9.1807000e+000 -7.9893100e+000 -3.9330500e+000 -1.3599700e+000
  3.3432960e+001 -1.0513190e+001 -2.0063280e+001 -3.3743300e+000 -1.3806440e+001
  2.3151600e+001 -8.5409000e+000 -1.0822540e+001 -2.4705900e+000 -7.4180400e+000
  1.7723700e+001 -5.7067300e+000 -8.6428400e+000 -1.4570200e+000 -3.2832900e+000
  1.4542640e+001 -6.1864600e+000 -6.3735200e+000  5.4464000e-001 -4.6470600e+000
  1.2830070e+001 -7.6028000e-001 -5.4728300e+000 -1.9240300e+000 -3.2774700e+000
  2.1967770e+001 -8.4558800e+000 -6.0255600e+000  4.1286000e-001 -1.8365500e+000
  2.8794000e+001 -1.3040660e+001 -2.9811300e+000 -3.6381000e-001 -4.0511800e+000
  4.0754850e+001 -2.0128830e+001 -9.3775100e+000 -9.2719000e-001 -2.9890400e+000
  5.9981750e+001 -1.5086560e+001 -1.8661510e+001 -3.2295000e-001 -4.9097700e+000
  3.0787130e+001 -1.4836420e+001 -6.4989900e+000 -3.4798000e-001 -1.0225200e+000
  5.8055760e+001 -1.6163580e+001 -1.7628040e+001 -1.8497000e-001 -7.1992700e+000
  6.1410480e+001 -3.0734330e+001 -8.3954000e+000  1.8091400e+000 -8.0136000e+000
  4.5890580e+001 -2.0055180e+001 -1.1260470e+001  7.3550800e+000 -5.7929800e+000
  7.4239445e+002 -1.4452327e+002 -1.4304440e+002 -1.5988640e+001 -5.1211600e+001
  1.0675296e+002 -4.7366070e+001 -2.5639270e+001  4.6930500e+000 -1.0789430e+001
  6.7879840e+001 -3.3606420e+001 -7.9534800e+000  3.9633700e+000 -5.3781400e+000
  3.4300630e+001 -1.9630330e+001 -8.8849600e+000  2.8861500e+000 -4.2689400e+000
  2.4478740e+001 -1.2776750e+001 -6.5774000e+000  2.9871500e+000 -2.9195300e+000
  2.2296100e+001 -9.4071000e+000 -3.7844000e+000  1.2740400e+000 -4.0178600e+000
  1.7763640e+001 -7.6533200e+000 -4.5685800e+000  9.0556000e-001 -2.9973200e+000
  2.0448460e+001 -1.1137030e+001 -2.9158200e+000  2.5790900e+000 -2.0868000e+000
  4.7558420e+001 -1.8639670e+001 -8.0593300e+000  3.9822400e+000 -2.7654500e+000
  3.7750520e+001 -1.2792910e+001 -9.4360300e+000  6.2704500e+000 -4.9468700e+000
  2.1134120e+001 -9.8807100e+000 -4.7380200e+000  2.1617000e+000 -2.0219300e+000
  7.9682300e+001  2.1699200e+000 -3.5342490e+001  2.1092590e+001 -3.0266350e+001
  5.4347490e+001 -1.9829640e+001 -1.6155830e+001  1.1161340e+001 -1.8356210e+001
  5.9650850e+001 -1.0302440e+001 -1.3383880e+001  1.5060910e+001 -1.6036730e+001
  3.6104930e+001 -1.1474010e+001 -5.0272000e+000  4.6693400e+000 -3.8998600e+000
  2.8161790e+001 -4.6857000e+000 -2.0301000e+000  2.2674200e+000 -4.8585600e+000
  4.8260880e+001 -6.7247800e+000 -1.3978000e-001 -1.9959800e+000 -4.6446600e+000
  1.6027050e+001  6.4710000e-001  8.8231000e+000 -7.6385000e-001  1.1426500e+000
  2.4788880e+001 -6.7701000e-001 -3.6486200e+000  2.3223500e+000 -8.9336000e-001
  2.2823640e+001 -4.7834400e+000 -7.4100800e+000 -2.1285400e+000 -1.9592800e+000
  1.6199920e+001 -3.0907900e+000 -3.9604600e+000 -1.3713400e+000 -1.3757000e-001
  2.1141650e+001 -6.6084700e+000  6.6933000e-001 -1.3992500e+000  2.5497800e+000
  1.4561180e+001 -5.5648400e+000 -2.1467500e+000  2.2642000e+000 -2.2748000e+000
  9.5956100e+000 -1.2338300e+000 -3.3383000e+000 -2.7302000e-001 -1.2315000e+000
  7.3496000e+000 -1.9774700e+000  4.0076000e-001 -6.0934000e-001 -1.9201000e-001
  1.9504720e+001  1.3756000e-001 -1.3813200e+000 -3.5843700e+000 -1.6742500e+000
  2.3647220e+001  1.2770000e-001 -3.0283900e+000 -2.6340000e+000 -4.9681800e+000
  1.4694630e+001 -5.1566500e+000 -6.6149000e-001 -2.0834800e+000 -1.4374200e+000
  2.4686950e+001 -3.2801600e+000 -4.6369300e+000 -1.8240500e+000 -2.4393300e+000
  9.8616600e+000 -1.9026900e+000  2.8827600e+000 -2.5855400e+000  4.7927000e-001
  1.8102830e+001 -1.0309540e+001 -2.9790300e+000 -1.4309700e+000 -2.1054000e+000
  1.4867200e+001 -6.9910000e-001 -1.7698300e+000 -2.3354100e+000 -4.2204700e+000
  1.1539890e+001  2.9395900e+000 -4.8874700e+000 -4.5934900e+000 -3.6981800e+000
  2.5995190e+001 -1.1469550e+001 -7.0084300e+000  1.3894900e+000 -2.7797100e+000
  1.4731550e+001 -1.5972300e+000 -5.5581000e+000 -1.5794900e+000 -2.4578300e+000
  2.9765070e+001 -1.6377900e+000 -1.6361710e+001 -1.2655500e+000 -1.2487080e+001
  1.5073500e+001 -9.7477800e+000 -1.0009800e+000  2.8485600e+000  1.1064200e+000
  2.7803680e+001 -1.7619440e+001 -9.0466100e+000  7.2455700e+000 -2.5148400e+000
  5.1292710e+001 -2.5731180e+001 -1.4639260e+001  1.0614790e+001  4.5000000e-002
  3.7630850e+001 -2.3252840e+001 -7.8219100e+000  5.0717600e+000 -5.6068700e+000
  8.4459720e+001 -1.4033980e+001 -2.8448780e+001 -9.3171000e-001 -1.5497600e+001
  3.7768650e+001 -1.2076530e+001 -1.2527090e+001  4.6235700e+000 -7.3135900e+000
  3.9200350e+001 -8.4587000e-001 -1.0886670e+001 -4.5284000e-001 -5.1499100e+000
  1.5962926e+002 -2.8581120e+001 -5.0066040e+001  2.7600000e-003 -4.6052800e+001
  6.7057460e+001 -1.0001740e+001 -2.0780990e+001 -2.6109800e+000 -2.4915730e+001
  4.7179870e+001 -1.9830880e+001 -1.0079730e+001 -1.3303400e+000 -6.9479100e+000
 -9.2578700e+000  2.5035000e+000  4.1146220e+001  1.4535790e+001  2.4584810e+001
  3.0882340e+001 -1.0601880e+001 -3.2736000e-001 -1.4010000e-001 -1.8575400e+000
  4.2257450e+001 -2.4377710e+001  5.5358700e+000 -1.6953800e+000 -4.4412500e+000
  1.1553945e+002 -1.2825226e+002  2.3869640e+001  6.4560040e+001  7.9171800e+000
  5.7269620e+001 -3.3418250e+001 -2.9899000e-001  1.4420530e+001  4.0981500e+000
  5.2999900e+000 -2.7347900e+000  1.0938310e+001  7.5404000e+000  1.5201050e+001
  5.6288530e+001 -6.6357600e+000 -1.7893560e+001  5.5283200e+000 -1.2001580e+001
  5.8148910e+001 -1.7732700e+000 -1.5429490e+001  3.8637000e-001  2.4790400e+000
  7.8455720e+001 -2.1107960e+001 -4.2019980e+001 -1.9223540e+001 -2.5422600e+001
  1.2237012e+002 -6.4892300e+000 -2.0081900e+000 -8.9906700e+000 -2.3485190e+001
  6.6536610e+001 -5.9740300e+000 -1.7453110e+001 -1.9726540e+001 -2.9612590e+001
  5.2560660e+001 -8.9375300e+000 -8.2072600e+000 -4.2405700e+000 -1.3116960e+001
  5.8434680e+001 -6.9708500e+000 -1.5149510e+001 -1.6505300e+000 -1.6513900e+001
  2.1346935e+002 -5.1182720e+001 -3.3491410e+001 -1.1608450e+001  8.6179000e+000
  1.6902862e+002 -2.7561800e+001 -1.7859970e+001 -4.5043030e+001  2.2745230e+001
  1.0431700e+002 -2.6314050e+001 -1.4992350e+001 -2.0951150e+001  7.5940000e+000
  5.9157800e+001 -1.0058650e+001 -1.4066950e+001 -1.2847970e+001  2.4024400e+000
  3.1459310e+001  4.5254800e+000  7.5450000e-001 -1.1596370e+001  8.9916100e+000
  2.7679490e+001  9.4698600e+000  6.3415000e-001 -6.6022900e+000  3.4967300e+000
  3.6004490e+001  5.6992700e+000  9.9278000e-001 -1.1563630e+001  1.0402490e+001
  3.3839590e+001  1.2915870e+001  4.8894200e+000 -7.4341700e+000  6.2886100e+000
  3.3475300e+001  1.6075450e+001 -1.4276850e+001 -1.4573400e+001  4.1487000e+000
  2.7125110e+001  3.7946000e+000 -2.7703100e+000 -1.5663400e+000  1.2957000e-001
  2.2922480e+001  5.8565500e+000 -1.9995300e+000 -2.9998200e+000  9.3012000e-001
  3.8759060e+001  1.2975190e+001 -2.8091000e+000 -1.2943000e+000 -6.7900000e-002
  1.9527340e+001  1.1712930e+001 -4.9701200e+000  1.6576500e+000 -1.6830700e+000
  2.3030960e+001  9.4441400e+000 -3.3783000e-001  5.5739000e-001 -3.6260000e-001
  2.0816900e+001  2.0713800e+000 -2.3600000e-002  2.3773000e-001  2.1265000e-001
  4.6169920e+001  2.4168660e+001 -1.5611800e+000 -3.5625500e+000 -1.9141900e+000
  2.9690100e+001  2.1444040e+001 -1.1415340e+001  1.3094000e-001 -1.7038200e+000
  1.3934600e+001  9.0962400e+000 -3.1601200e+000 -1.0640000e-002 -1.4826400e+000
  2.7500480e+001  5.7178400e+000  2.3334000e-001  1.2281900e+000 -1.1065000e+000
  2.4824980e+001  3.5322000e+000  3.0500000e-002  1.4772700e+000 -1.3104300e+000
  8.1670430e+001  4.4714700e+000  3.8211400e+000  5.6250200e+000  1.8663000e-001
  9.7215840e+001  1.5749800e+001 -3.8598200e+000  3.2774400e+000 -3.6863400e+000
  1.1766187e+002  1.9666450e+001 -1.5883800e+000  7.3680000e+000 -1.0341280e+001
  8.2874420e+001  2.6304200e+000 -7.1480600e+000 -3.7791800e+000  2.7195800e+000
  2.3658888e+002  2.9136000e-001  1.5255006e+002 -3.7477450e+001 -1.0317460e+001
  9.3298785e+002 -1.2892540e+001  1.3589649e+002 -2.5740400e+001 -4.7610780e+001
  3.9311870e+002  4.0152310e+001  1.8346549e+002 -5.9451810e+001 -2.1634790e+001
  2.1681000e+002  6.7242430e+001  1.1772727e+002 -1.5941710e+001 -1.3841760e+001
  9.0376160e+001  2.7918000e+001  5.2019840e+001 -1.4885900e+001  1.4037380e+001
  8.0312200e+001  2.6653400e+001  3.8912700e+001 -8.3792000e+000  9.8371000e+000
  4.6969400e+001  9.5753000e+000  1.5668000e+001  5.6090000e-001  5.3202000e+000
  1.6052487e+002  4.7304220e+001  6.1786620e+001 -2.2393850e+001  1.8775130e+001
  9.7447360e+001  3.8696000e+001  1.8046290e+001 -2.4240640e+001  2.6490840e+001
  3.9624710e+001  1.2446980e+001  3.9675300e+000 -9.8488700e+000  8.2131700e+000
  4.8017900e+001  1.6702030e+001  4.4832200e+000 -1.1811210e+001  9.9678400e+000
  4.8006100e+001  1.7078800e+001 -1.2163000e+000 -9.1425000e+000  8.3824000e+000
  3.0574150e+002  7.3937500e+001  1.1148500e+001 -5.8174600e+001 -1.3700000e-002
  2.0787440e+002  7.7927600e+001  2.1389800e+001 -4.5043900e+001 -8.2091000e+000
  2.5298700e+001  9.7819000e+000  1.3635000e+000 -6.4277000e+000 -8.6240000e-001
  6.6667200e+001  1.6029300e+001 -5.7268000e+000 -9.0842000e+000 -7.0063000e+000
  3.6505000e+001  6.0219000e+000  4.2366000e+000 -4.1020000e-001 -5.0809000e+000
  3.8147480e+001  1.5723800e+000  3.7018700e+000  1.7110100e+000 -2.3869700e+000
  2.7907500e+001  3.0599000e+000  4.7145000e+000 -5.2170000e+000  1.4593000e+000
  5.4768600e+001  1.0877600e+001  6.5150000e+000 -7.5841000e+000  1.8170000e+000
  2.5157600e+001  5.2682000e+000  1.1880000e+000 -4.4214000e+000  9.8000000e-001
  3.0828200e+001  8.2989000e+000 -2.6670000e+000 -3.3587000e+000 -1.3077000e+000
  3.8997000e+001  8.8577000e+000 -3.2698000e+000 -2.7031000e+000 -2.1120000e+000
  2.4186800e+001  1.0791500e+001 -6.3070000e+000 -3.8892000e+000 -3.9204000e+000
  2.0661600e+001  3.6535000e+000 -2.9934000e+000 -2.5653000e+000 -1.5675000e+000
  5.5799900e+001  1.4139000e+000 -5.8845000e+000 -7.0270000e+000 -2.0695000e+000
