  1.7374370e+001 -5.1166300e+000  4.4705200e+000  2.5704700e+000 -5.1610000e+000
  5.7641820e+001 -1.4701210e+001  2.4965000e+000  6.6354800e+000 -2.0606260e+001
  5.5202200e+000 -1.2838300e+000  3.2640000e+000  1.1313700e+000 -2.4936300e+000
  1.3572520e+001 -3.6954600e+000  6.2255400e+000  6.0167000e-001 -4.0465700e+000
  1.0413020e+001 -2.1096200e+000  2.4171200e+000  1.5224400e+000 -2.2007200e+000
  9.8265700e+000 -1.1795600e+000  1.2365000e+000  1.9577500e+000 -1.4799400e+000
  7.6533600e+000 -1.1095200e+000  9.2420000e-002  1.7571200e+000 -1.5864400e+000
  3.2246760e+001  1.1870410e+001 -8.4957000e-001  3.1724800e+000 -7.4986600e+000
  1.2668100e+001  1.2550000e+000 -9.0280000e-001  1.0263500e+000 -1.6504000e+000
  8.3922700e+000  2.3502800e+000  2.7062700e+000  2.5359400e+000  1.3410700e+000
  1.5470510e+001 -2.3747000e-001  4.3168300e+000  1.0302000e-001 -3.7660000e-002
  2.9558650e+001  1.3435030e+001  6.4956000e+000 -1.2157100e+000 -1.7332800e+000
  6.0781020e+001  4.1940000e-002 -1.6233500e+001  1.1567700e+001 -1.9938320e+001
  3.7388280e+001 -7.6172800e+000 -1.0314180e+001  1.0513180e+001 -1.3450580e+001
  2.4574500e+001  8.3265900e+000  3.6950800e+000  5.0887600e+000 -4.1877900e+000
  2.9857540e+001  4.6099200e+000 -7.2139100e+000  4.8887900e+000 -1.2475200e+001
  1.4435180e+001 -3.3575800e+000  1.6344000e+000  1.9211600e+000  6.9933200e+000
  2.0294570e+001  5.2698800e+000 -5.2805500e+000  5.5609200e+000 -3.1701600e+000
  2.8477600e+001  1.0272480e+001 -8.1550600e+000  4.2809800e+000 -9.2494400e+000
  3.0090010e+001 -1.0733100e+000 -3.6989700e+000  7.0295300e+000 -4.7630000e+000
  1.7088970e+001  3.4798400e+000 -9.4740600e+000  1.5363000e+000  1.4048700e+000
  6.6580400e+000 -3.1193800e+000 -2.2582000e-001  3.8020000e-001  4.1814000e+000
  2.2634130e+001  6.9707900e+000 -7.9120800e+000 -2.8500000e-001  8.3850000e-001
  1.8397710e+001  4.3850100e+000 -4.8913400e+000 -2.6948900e+000 -6.4713000e-001
  4.6940340e+001  9.4065200e+000 -2.0783700e+001 -2.3949700e+000 -1.6207520e+001
  2.7995620e+001  7.8196400e+000 -4.1888500e+000 -4.1824300e+000 -2.0792500e+000
  3.7192460e+001  9.9435000e-001 -4.3019700e+000 -2.9179200e+000 -4.9237300e+000
  1.3390904e+002  3.1533550e+001 -8.2112550e+001  1.2884260e+001 -6.4652000e+001
  4.9264650e+001  8.4801000e-001 -1.3339650e+001  2.9465900e+000 -1.4425250e+001
  3.0465270e+001  4.3108400e+000 -4.7471600e+000  4.4097000e-001 -5.6833900e+000
  1.6324230e+001  5.0081900e+000 -2.9278100e+000  8.6600000e-003 -2.4912400e+000
  2.4801840e+001  3.6958600e+000  1.7855000e-001 -4.7949200e+000 -3.9530000e-001
  4.3326190e+001  9.0046000e-001  6.3293600e+000 -3.4229800e+000  1.6358230e+001
  4.1483550e+001  2.6911200e+000 -2.7850700e+000 -1.9683100e+000 -1.3602000e-001
  1.4556580e+001  5.7260000e-001 -9.5190000e-001 -2.8164600e+000  4.5678600e+000
  1.8463310e+001  1.7151500e+000 -1.3706900e+000 -1.8508900e+000  2.4185900e+000
  1.7113250e+001 -2.3978600e+000 -5.8811000e+000  6.8394000e-001 -2.5049300e+000
  2.0101440e+001 -3.0760000e+000 -1.8977200e+000  3.0657100e+000 -1.7302200e+000
  3.2285990e+001  1.7447000e-001 -9.3538200e+000  1.4251600e+000  3.4527000e-001
  6.1871540e+001 -1.5262620e+001 -1.7684310e+001  4.8084600e+000 -4.1922900e+000
  3.5429480e+001 -1.5991200e+000 -1.0001220e+001  2.7595200e+000 -1.8214800e+000
  1.4150394e+002  6.4792000e+000 -3.0153140e+001  1.2495400e+001 -6.4242000e-001
  7.0561100e+001 -1.4555700e+001 -1.5432460e+001  1.1167710e+001  4.3802000e-001
  5.1612440e+001 -1.8429440e+001 -9.4872800e+000  1.2431000e+000 -3.8775400e+000
  1.5564669e+002 -5.2667830e+001 -2.7759180e+001  1.4783730e+001 -3.8141490e+001
  1.3397758e+002 -5.8570820e+001 -3.0804510e+001  2.0077350e+001 -2.6663040e+001
  9.4335150e+001  1.5938000e-001  1.5956200e+001  3.9462600e+000 -1.1881780e+001
  5.1263740e+001 -1.1832430e+001 -4.7609000e-001  6.9300500e+000 -5.5210600e+000
  6.7624040e+001 -1.5655320e+001  1.3978400e+000  2.8416400e+000  2.9737300e+000
  5.1115480e+001 -2.2032080e+001  1.6032000e+000  4.2262600e+000  8.0539400e+000
  4.2742760e+001 -4.4195000e-001  1.8561300e+001 -2.1134800e+000  9.1322500e+000
  3.0749770e+001 -6.8317400e+000  6.1061200e+000  1.6216700e+000  2.6598300e+000
  2.5695040e+001 -9.6777800e+000  8.9055000e-001 -1.2281100e+000  4.0397300e+000
  3.6040270e+001 -1.1121520e+001 -1.8623900e+000  1.2209500e+000  3.5243100e+000
  2.1510170e+001 -9.2976200e+000 -7.8670000e-001  2.4121600e+000  8.6704000e-001
  1.6146280e+001 -5.8853000e+000 -3.3242600e+000  1.9969200e+000  1.5246000e-001
  1.5357200e+001 -4.7288000e+000 -3.6341500e+000  2.0612200e+000  2.8698000e-001
  3.0294030e+001 -6.8238400e+000 -9.2358900e+000  4.7472100e+000 -2.1088000e-001
  2.4800880e+001 -7.8770400e+000 -8.1817000e+000  4.9765300e+000  1.4583000e-001
  1.9116480e+001 -7.4949800e+000 -6.3014900e+000  4.5978700e+000 -1.0878800e+000
  4.3567990e+001  8.0237600e+000 -9.9577600e+000  7.7061500e+000 -4.9180400e+000
  5.9851670e+001  1.5294400e+000 -1.9287480e+001  1.4855180e+001 -9.0099600e+000
  1.3830880e+001 -8.2295000e-001 -2.8709600e+000  2.3367300e+000 -5.6887000e-001
  1.8810700e+001 -6.4491000e-001 -2.1788800e+000  3.9932100e+000 -1.8807800e+000
  1.6310910e+001 -4.3914800e+000 -5.0689100e+000  6.3946800e+000 -2.8332600e+000
  4.2950920e+001  5.5979000e-001 -3.8431900e+000  4.9510100e+000 -6.2487700e+000
  6.1639490e+001  4.5082100e+000 -8.8654100e+000 -1.7951400e+000 -4.0328600e+000
  5.2390050e+001 -1.4401230e+001 -1.1974170e+001  5.6785600e+000 -6.2383200e+000
  6.5558560e+001 -6.1852600e+000 -3.0950620e+001  1.6896720e+001 -1.2643380e+001
  5.6334580e+001 -1.3299520e+001 -1.5987250e+001  3.1731700e+000 -7.2191900e+000
  5.2849580e+001 -7.7225400e+000 -1.6142010e+001  1.6462700e+000 -2.2689400e+000
  2.6558460e+001 -7.8848000e-001 -5.5027300e+000  1.3461800e+000 -6.8399000e-001
  4.7565840e+001  6.6289000e-001 -3.0058290e+001  3.1179900e+000 -1.5742420e+001
  4.2978130e+001 -1.4740040e+001 -1.8870460e+001  1.0790000e+000 -8.9247800e+000
  5.3764680e+001 -1.6732140e+001 -3.4692280e+001  6.7537200e+000 -1.9523140e+001
  3.1029250e+001 -1.2126620e+001 -1.5431570e+001  4.0036700e+000 -9.1402300e+000
  1.0185490e+002 -5.2387480e+001 -1.5663540e+001 -3.7903100e+000 -7.1417500e+000
  1.3751035e+002 -5.1233000e+001 -3.5470150e+001  6.1826400e+000 -1.1505920e+001
  5.8254950e+001 -2.1309970e+001 -1.7081040e+001  9.1457000e-001 -5.3443300e+000
  5.3451040e+001 -4.0148200e+000 -1.5197660e+001 -3.1532800e+000 -2.6353200e+000
  5.4136260e+001 -1.6081500e+001 -2.4723200e+001 -6.0762700e+000 -3.2475300e+000
  2.6706040e+001 -1.4267470e+001 -9.3590700e+000 -2.4829600e+000  1.2539300e+000
  5.4628400e+001 -1.7342570e+001 -2.9017310e+001 -6.7020400e+000 -5.7631500e+000
  4.0400840e+001 -2.3154500e+001 -1.2901810e+001 -5.4315500e+000 -1.3733700e+000
  5.1307660e+001 -2.2202390e+001 -2.6114380e+001 -7.4543000e-001 -1.7335340e+001
  3.7013700e+001 -1.8263100e+001 -1.5967540e+001 -1.9719900e+000 -1.2081740e+001
  3.0254400e+001 -1.3983530e+001 -1.4131740e+001  6.0888000e-001 -6.0453900e+000
  2.1514540e+001 -1.1108960e+001 -9.8468200e+000 -3.6660000e-002 -7.3588600e+000
  1.9328370e+001 -6.5001800e+000 -5.4158300e+000 -1.3116300e+000 -3.3730700e+000
  2.6892370e+001 -1.3320380e+001 -7.5370600e+000  1.3609600e+000 -4.4945500e+000
  3.2043500e+001 -1.8639260e+001 -4.1676300e+000  1.0313900e+000 -3.7571800e+000
  4.4502550e+001 -2.5389730e+001 -8.7995100e+000 -3.0357900e+000 -2.9428400e+000
  6.4946250e+001 -2.0953460e+001 -1.5847810e+001  3.4179500e+000 -6.7234700e+000
  2.9086830e+001 -1.6612520e+001 -4.5564900e+000 -4.4048000e-001 -1.1403200e+000
  5.8471460e+001 -1.7952580e+001 -1.4730740e+001  1.9517300e+000 -6.5071700e+000
  6.1684280e+001 -3.1559030e+001 -4.0428000e+000  3.0136400e+000 -7.0321000e+000
  3.6953980e+001 -2.0439680e+001 -3.1328700e+000  6.6360800e+000 -5.9374800e+000
  6.8067885e+002 -2.4397577e+002 -9.6015300e+001  7.8600600e+000 -2.2622800e+001
  1.1216216e+002 -5.4652170e+001 -2.0433170e+001  7.0738500e+000 -8.2766300e+000
  7.1800940e+001 -3.9259720e+001 -7.7892800e+000  3.5162700e+000 -4.7107400e+000
  3.2287130e+001 -1.7573030e+001 -8.4484600e+000  3.5776500e+000 -5.0171400e+000
  2.7528240e+001 -2.0628150e+001 -5.1462000e+000  5.3363500e+000 -3.0794300e+000
  2.9553500e+001 -1.4685500e+001 -2.4381000e+000  9.8534000e-001 -5.8349600e+000
  2.2560940e+001 -1.2954120e+001 -3.9356800e+000  1.1669600e+000 -5.0473200e+000
  1.9718460e+001 -1.1133930e+001 -1.6769200e+000  2.8390900e+000 -2.2962000e+000
  6.6937520e+001 -3.0935070e+001 -1.1476930e+001  9.2367400e+000 -7.2291500e+000
  4.6210120e+001 -2.1190110e+001 -6.9736300e+000  8.6018500e+000 -6.5642700e+000
  2.6579920e+001 -1.3995010e+001 -1.7222200e+000  2.9378000e+000 -3.5488300e+000
  9.4680000e+001 -1.2842800e+000 -3.8231790e+001  2.6891690e+001 -3.8185250e+001
  7.2094790e+001 -2.8251040e+001 -1.5472630e+001  1.5501040e+001 -2.5093710e+001
  7.2486250e+001 -1.2450540e+001 -1.1993080e+001  1.6215210e+001 -1.7939830e+001
  6.0613130e+001 -2.2003010e+001 -4.3610000e+000  1.0039740e+001 -4.9255600e+000
  4.3262990e+001 -1.0667900e+001  3.1350000e-001  3.8637200e+000 -8.0711600e+000
  5.2865480e+001 -1.9402280e+001  8.3091200e+000 -1.5667800e+000 -1.9438600e+000
  2.6981050e+001  4.2850000e+000  2.5707500e+001 -2.5684500e+000  7.0335500e+000
  2.8610780e+001 -8.0033100e+000  5.4761800e+000  1.8192500e+000 -3.2890600e+000
  3.6125440e+001 -6.9404400e+000 -4.8464800e+000 -1.0270540e+001 -4.4910800e+000
  2.1122920e+001 -8.3006900e+000  2.3862400e+000 -6.3198400e+000  1.2930000e-002
  3.3543350e+001 -5.0689700e+000  3.8919300e+000 -8.1359500e+000  2.7126800e+000
  2.2964780e+001 -1.3096840e+001  7.9967500e+000 -5.1703000e+000  3.1461000e+000
  1.4646010e+001 -9.9288300e+000  1.2408000e+000 -4.0529200e+000 -8.1610000e-001
  1.6794500e+001 -2.2535700e+000 -2.6601400e+000 -4.8827400e+000 -3.6940100e+000
  2.9314720e+001 -6.3200400e+000  3.6453800e+000 -9.2782700e+000 -1.2939500e+000
  3.9749420e+001  8.9980000e-001 -3.9549900e+000 -1.0221300e+001 -9.4992800e+000
  2.2351030e+001 -1.1737450e+001 -8.8739000e-001  4.7532000e-001 -6.5136200e+000
  3.4531950e+001 -7.9838600e+000 -5.3101300e+000  1.3475000e-001 -7.8456300e+000
  1.3288960e+001 -4.7323900e+000  1.0237560e+001 -5.8949400e+000  2.0311700e+000
  1.4256330e+001 -8.4841400e+000  2.8794700e+000  9.0230000e-002 -2.7140000e+000
  1.8812600e+001 -6.5456000e+000 -5.9930000e-002  4.1319000e-001 -8.1515700e+000
  1.6458890e+001  2.6013900e+000 -4.7896700e+000 -5.4014900e+000 -5.0279800e+000
  3.4598890e+001 -1.0743950e+001 -6.1571300e+000  4.6979000e-001 -1.9890100e+000
  1.6554950e+001 -9.0853000e-001 -2.5716000e+000 -1.5799900e+000 -2.0724300e+000
  4.1060770e+001  4.3713100e+000 -2.5366710e+001 -3.5581500e+000 -2.1349080e+001
  1.8826400e+001 -9.1468800e+000 -2.0030800e+000  3.7781600e+000 -2.5037800e+000
  2.5663080e+001 -1.4763740e+001 -8.3960100e+000  4.8823700e+000 -3.0786400e+000
  4.3209110e+001 -2.4229580e+001 -9.6350600e+000  1.0160190e+001 -1.8409000e+000
  3.9135750e+001 -2.3092140e+001 -5.8625100e+000  5.6589600e+000 -4.6376700e+000
  1.0581412e+002 -1.7046680e+001 -3.3430380e+001 -1.3986100e+000 -2.2534500e+001
  4.2694950e+001 -1.2967630e+001 -8.0881900e+000  5.9079700e+000 -9.6749900e+000
  3.2019050e+001 -2.5231700e+000 -3.7699700e+000 -2.3831400e+000 -1.0764010e+001
  2.0594496e+002 -4.3621020e+001 -6.1372040e+001  5.0507600e+000 -5.6309000e+001
  1.2492206e+002 -3.7897400e+000 -5.3141890e+001  2.1732000e-001 -7.0407630e+001
  8.7540570e+001 -3.1435680e+001 -2.8781930e+001 -1.1477440e+001 -3.7241710e+001
  3.1256630e+001 -5.5258000e+000  3.4365200e+000  5.6622900e+000 -1.4239900e+000
  5.6157240e+001 -2.7464580e+001 -1.8490160e+001  3.1563000e+000 -1.2966040e+001
  5.0107350e+001 -3.5890410e+001 -6.1663300e+000  5.8496200e+000 -4.3865500e+000
  9.3278150e+001 -7.1180560e+001 -5.1201600e+000  3.1147840e+001 -1.3679520e+001
  9.0257120e+001 -2.3994950e+001 -1.8356790e+001 -8.7253700e+000 -5.0180500e+000
  2.2612990e+001 -4.3809900e+000  5.4291100e+000 -6.8918000e+000 -6.7100500e+000
  1.3577523e+002 -2.2703560e+001 -7.6825760e+001 -4.2913380e+001 -6.2997280e+001
  8.4964110e+001 -6.8136700e+000 -5.4318790e+001 -1.5183130e+001 -4.1085360e+001
  8.1933520e+001 -2.4161760e+001 -4.5517280e+001 -6.3789400e+000 -3.6493100e+001
  1.8324622e+002 -2.0880300e+000  7.0541000e-001 -2.4462570e+001 -4.7587390e+001
  8.2646610e+001 -1.1873130e+001 -1.2609910e+001 -2.4060740e+001 -3.4008190e+001
  7.1299760e+001 -9.0480300e+000 -4.5556600e+000 -1.0125570e+001 -2.2052660e+001
  7.3479180e+001 -1.1230850e+001 -4.6583100e+000 -1.0259330e+001 -2.2971100e+001
  2.8721425e+002 -5.4563820e+001 -3.8966610e+001 -3.5920150e+001  1.2162300e+001
  2.3959742e+002 -2.6446800e+001  8.1960300e+000 -1.0576133e+002  5.2465930e+001
  1.5786520e+002 -4.1078650e+001 -2.0471350e+001 -3.6131450e+001  1.4490100e+001
  8.8265200e+001 -3.0737500e+000 -1.7932650e+001 -3.0801370e+001  5.6056400e+000
  5.5833110e+001  1.5309480e+001  1.5492000e+000 -2.4504270e+001  1.6770410e+001
  4.0565290e+001  1.7247360e+001  3.1374500e+000 -1.4438390e+001  8.9587300e+000
  4.7457690e+001  1.9617970e+001  7.5687800e+000 -2.2587030e+001  2.1358690e+001
  4.9821890e+001  2.2698870e+001  8.9947200e+000 -1.5660370e+001  1.2620810e+001
  3.9864100e+001  1.6514850e+001 -1.3188750e+001 -1.5407000e+001  5.4730000e+000
  3.4508310e+001  5.5672000e+000 -5.3329100e+000 -3.1930400e+000 -1.7893000e-001
  2.8760480e+001  1.0043050e+001 -5.8822300e+000 -8.0917200e+000  2.6864200e+000
  5.1033360e+001  2.3406990e+001  1.6205000e+000 -7.8038000e+000  3.5001000e+000
  2.0920840e+001  1.2217530e+001 -6.0033200e+000  1.5665000e-001 -5.6357000e-001
  4.0688060e+001  1.7648140e+001  3.5891700e+000  2.1749000e-001  6.1020000e-001
  2.3393400e+001  5.1517800e+000 -2.0620000e+000 -2.3941700e+000  7.6715000e-001
  5.4494720e+001  3.0750960e+001 -4.8938800e+000 -6.0766500e+000  1.2565100e+000
  4.0805500e+001  2.7742340e+001 -1.1013640e+001 -1.9439600e+000 -1.6735200e+000
  1.9810800e+001  1.2222040e+001 -3.7711200e+000  6.0996000e-001 -2.3711400e+000
  4.1741680e+001  7.8737400e+000 -9.2866000e-001  1.4262900e+000 -3.3446000e+000
  2.9644880e+001  7.6398000e+000 -1.2724000e+000  2.0287000e-001 -9.5483000e-001
  1.2115833e+002  4.0692700e+000  5.6142400e+000  7.3148200e+000 -6.8997000e-001
  1.3044684e+002  2.6762100e+001 -4.8230200e+000  2.4335400e+000 -4.7563400e+000
  1.8495157e+002  3.3100550e+001 -5.3148000e-001  1.7746600e+001 -1.3416680e+001
  1.2100562e+002  1.1216220e+001 -1.2106060e+001 -8.4036800e+000  4.6222800e+000
  3.7208658e+002  1.4951660e+001  2.4887896e+002 -6.4932850e+001 -2.0362060e+001
  1.3664728e+003  4.7310060e+001  2.1168309e+002 -8.0362500e+001 -1.0911268e+002
  5.6962670e+002  7.5352810e+001  2.7437889e+002 -9.5962410e+001 -3.2084090e+001
  3.3388660e+002  1.2701863e+002  1.7782747e+002 -2.6891210e+001 -3.2795460e+001
  1.0794936e+002  3.4436000e+001  7.7075840e+001 -2.1752500e+001  1.6512880e+001
  9.2820600e+001  3.2090500e+001  4.7070900e+001 -8.4504000e+000  1.0412000e+001
  6.8223400e+001  1.3577400e+001  2.9233000e+001 -3.1633000e+000  1.2017900e+001
  2.3581297e+002  7.0631620e+001  9.3246220e+001 -3.4660050e+001  2.9904630e+001
  1.3444796e+002  5.6937700e+001  2.2787790e+001 -3.3000540e+001  3.7642340e+001
  5.1589510e+001  1.5344280e+001  6.5130300e+000 -1.1742770e+001  1.3021870e+001
  6.7073800e+001  2.8318230e+001  4.8483200e+000 -1.5978610e+001  1.5859440e+001
  5.9227600e+001  2.4554500e+001 -2.6889000e+000 -1.2009000e+001  1.2019100e+001
  3.9561790e+002  9.4445000e+001  1.7232200e+001 -7.6067500e+001  8.3380000e-001
  2.6610020e+002  1.0455510e+002  2.0240000e+001 -5.6863800e+001 -1.5410300e+001
  4.8465400e+001  1.8797400e+001  3.0329000e+000 -1.3992700e+001 -2.7008000e+000
  9.0983600e+001  2.1663600e+001 -7.7119000e+000 -1.2516900e+001 -1.2488600e+001
  5.5788000e+001  1.5595700e+001  5.8365000e+000  1.8943000e+000 -1.1552100e+001
  5.0897180e+001  8.5846800e+000  8.7731700e+000  2.6159100e+000 -3.4257700e+000
  3.3061700e+001  5.7291000e+000  5.5658000e+000 -4.6891000e+000  7.0790000e-001
  7.4509900e+001  1.9663400e+001  1.2813600e+001 -1.0140800e+001  1.6718000e+000
  3.4213700e+001  9.6066000e+000 -8.1070000e-001 -5.5711000e+000 -9.4550000e-001
  3.2387200e+001  1.5184400e+001 -5.5612000e+000 -7.2511000e+000 -7.1440000e+000
  4.9627000e+001  1.4518700e+001 -6.9107000e+000 -7.6884000e+000 -5.2196000e+000
  3.6123400e+001  2.0216400e+001 -1.1136700e+001 -7.8582000e+000 -8.4380000e+000
  2.6105100e+001  9.5197000e+000 -5.8054000e+000 -4.4881000e+000 -3.9904000e+000
  6.2362100e+001  1.4353400e+001 -4.1726000e+000 -7.4447000e+000 -4.9958000e+000
